100
9997370.884992 229293.235656
9934341.221815 1144056.156206
9852469.985775 1711383.995311
9832200.654150 1824234.167132
9558940.993041 2937115.437221
9374949.668180 3479988.321689
8966613.419153 4427171.082245
8462881.937173 5327253.449712
8274670.581687 5615142.630829
7939346.326988 6080031.241708
7502626.975346 6611398.374687
7030414.584486 7111488.646567
6865504.583426 7270821.605221
6170659.504721 7869114.389612
5988603.697356 8008534.557334
5803398.944419 8143743.653377
5229872.832221 8523404.845412
4933657.519895 8698219.557840
4116188.543612 9113560.877804
3372271.889587 9414232.964119
3155523.286767 9489081.767309
2606644.019972 9654294.741365
2273088.846533 9738227.102290
1824234.167132 9832200.654150
1485023.580552 9889120.535478
1144056.156206 9934341.221815
915967.646399 9957961.803037
114654.154049 9999342.699646
-915967.646399 9957961.803037
-1598308.844828 9871444.110997
-2495782.185517 9683546.420731
-3264112.138383 9452278.664325
-3479988.321689 9374949.668180
-4427171.082245 8966613.419153
-5423933.746087 8401246.497875
-5709646.082863 8209746.744477
-6437630.000508 7652249.340982
-7270821.605221 6865504.583426
-7725556.460541 6349470.637384
-8076669.985160 5896388.890738
-8338506.630118 5519901.011747
-8462881.937173 5327253.449712
-8641081.390629 5033061.930925
-8862743.955137 4631605.508426
-9065768.031587 4220408.747676
-9292691.107860 3694034.647089
-9374949.668180 3479988.321689
-9452278.664325 3264112.138383
-9591987.932091 2827325.151203
-9832200.654150 1824234.167132
-9957961.803037 915967.646399
-9994084.815253 343902.174357
-10000000.000000 -0.000000
-9957961.803037 -915967.646399
-9832200.654150 -1824234.167132
-9558940.993041 -2937115.437221
-9414232.964119 -3372271.889587
-9334433.940694 -3587247.274279
-8862743.955137 -4631605.508426
-8338506.630118 -5519901.011747
-7869114.389612 -6170659.504721
-7426331.398635 -6696984.542139
-7349059.555873 -6781690.323528
-7111488.646567 -7030414.584486
-6349470.637384 -7725556.460541
-5709646.082863 -8209746.744477
-5615142.630829 -8274670.581687
-5327253.449712 -8462881.937173
-4833604.529897 -8754214.256492
-3906138.564103 -9205546.236809
-3155523.286767 -9489081.767309
-2495782.185517 -9683546.420731
-2384592.255358 -9711525.100399
-1257882.306237 -9920571.158137
-1144056.156206 -9934341.221815
-1030079.608472 -9946805.316292
-229293.235656 -9997370.884992
0.000000 -10000000.000000
458465.903654 -9989484.922417
1485023.580552 -9889120.535478
2606644.019972 -9654294.741365
3046519.609836 -9524637.434931
3587247.274279 -9334433.940694
4116188.543612 -9113560.877804
4833604.529897 -8754214.256492
4933657.519895 -8698219.557840
5615142.630829 -8274670.581687
6260476.572400 -7797847.977900
6437630.000508 -7652249.340982
7191627.831846 -6948416.303606
7577936.256182 -6524943.072337
8274670.581687 -5615142.630829
8698219.557840 -4933657.519895
8915264.687809 -4529686.031759
9292691.107860 -3694034.647089
9623773.907728 -2717163.184820
9852469.985775 -1711383.995311
9905496.935472 -1371543.094971
9997370.884992 -229293.235656
10000000.000000 0.000000
