2000
9999927.948047 37960.951868
9999549.678133 94901.183039
9998941.253992 145512.196087
9998430.907733 177142.268520
9997260.146178 234071.718994
9996955.955783 246721.742315
9996299.555441 272020.583584
9996125.451663 278345.028013
9994588.579389 328936.359734
9993946.238141 347906.006192
9991803.199106 404807.152030
9991016.856242 423771.375028
9988743.981105 474334.987046
9986545.298423 518568.223617
9983792.670979 569107.988792
9981560.347706 607003.315562
9978360.174249 657516.716869
9974454.425590 714324.094395
9972614.720367 739564.492879
9972144.813774 745873.858715
9971670.915441 752182.925986
9968241.874502 796337.824936
9965147.077188 834172.482167
9964617.315129 840477.104410
9961908.678213 871995.118647
9957367.513506 922405.659657
9953184.734846 966495.542688
9949444.111128 1004271.815564
9943564.364133 1060908.919915
9939465.407565 1098647.992681
9937362.213667 1117511.626065
9936653.193023 1123798.612560
9934502.267031 1142656.862913
9933777.337970 1148942.034933
9928591.512279 1192925.220754
9924768.115972 1224327.506914
9917635.744251 1280820.535577
9916007.095392 1293368.966743
9909333.755651 1343541.781678
9905901.876684 1368615.362149
9903286.331405 1387414.803947
9897044.662771 1431260.613277
9894310.229564 1450043.130788
9890608.872175 1475078.349668
9883979.085848 1518867.153675
9881078.394494 1537624.714249
9877155.433829 1562626.166418
9869119.759681 1612598.886603
9866041.187482 1631328.074579
9863969.058988 1643810.939047
9857657.924371 1681243.660536
9851204.737053 1718652.154646
9849022.123360 1731116.175639
9841258.811243 1774718.290359
9836735.957437 1799618.210527
9827501.277461 1849383.313837
9823973.351308 1868033.081291
9819214.397988 1892888.957743
9809507.857152 1942564.181817
9803313.637576 1973586.006058
9797021.314091 2004588.080191
9793198.856277 2023179.715549
9785448.111587 2060341.053185
9776227.360407 2103658.384252
9774894.452729 2109843.225930
9772216.899558 2122210.373170
9765454.571120 2153113.331758
9757210.785957 2190168.413250
9750233.553122 2221023.561237
9743158.747561 2251856.482955
9734540.284643 2288826.215915
9733090.232583 2294984.645787
9724308.123599 2331915.846959
9713885.228671 2374959.739492
9701740.059479 2424095.670205
9692468.058641 2460906.932865
9686209.120724 2485428.105902
9675106.728353 2528301.761061
9668677.287682 2552778.781378
9663814.567139 2571125.825770
9662185.922786 2577239.452111
9652332.858570 2613899.460073
9650677.154320 2620005.813559
9647354.157302 2632215.371808
9645686.865864 2638318.571684
9635602.058376 2674915.507568
9621939.680569 2723651.369666
9611531.112760 2760157.544135
9595658.609869 2814842.063570
9592089.117388 2826981.847145
9579474.983771 2869435.316452
9572182.531226 2893669.225894
9566672.957046 2911832.504270
9562980.759193 2923935.532686
9557413.754594 2942081.291110
9553683.288314 2954172.579013
9536706.977239 3008524.560359
9529062.663841 3032649.789966
9515538.291517 3074822.112363
9497875.605229 3128954.935373
9495894.064530 3134963.463139
9489926.638997 3152981.507470
9479904.966185 3182986.307244
9471819.318498 3206967.227418
9457523.495049 3248884.322439
9449271.148720 3272808.390048
9447198.603969 3278786.137761
9440958.283377 3296711.496556
9434683.950782 3314624.978616
9426265.305510 3338491.034903
9407102.702502 3392111.251798
9387635.089897 3445621.485150
9374487.543018 3481233.015154
9370074.997973 3493092.402493
9354512.988637 3534556.088877
9338767.498628 3575950.448003
9331963.340334 3593669.463747
9322838.836779 3617274.667957
9313654.623963 3640856.704889
9297438.753263 3682069.069059
9292772.138433 3693830.800559
9276321.862238 3734950.161402
9254904.201968 3787710.154223
9238038.526717 3828660.885858
9216087.886440 3881201.369347
9193838.429902 3933616.011364
9183854.054550 3956870.569621
9171290.878506 3985903.112449
9148445.963318 4038060.977283
9143329.007084 4049633.893109
9120121.654129 4101631.506350
9099244.626402 4147740.014622
9088718.663180 4170754.495480
9067492.175092 4216703.173646
9046033.391926 4262543.826421
9040632.464321 4273986.972965
9029787.191386 4296852.717779
9013410.868086 4331099.689810
8991373.765321 4376665.147380
8971902.326043 4416442.986380
8957886.392257 4444802.738415
8949433.794075 4461797.257325
8929585.735240 4501388.518780
8909562.530312 4540891.489396
8892260.678847 4574680.318824
8866067.715789 4625239.805571
8842543.724654 4670055.725319
8833663.792579 4686830.912214
8824752.036339 4703589.214327
8812820.245936 4725907.247590
8794816.754089 4759327.501023
8770614.997351 4803781.069975
8761481.377315 4820419.491596
8736970.833473 4864703.552638
8715340.477401 4903349.912354
8687278.896540 4952896.664956
8684143.539313 4958391.976096
8674716.615651 4974865.991979
8652598.985577 5013235.561470
8623912.719163 5062423.274704
8607855.022862 5089678.958971
8588472.095787 5122318.523861
8575481.369734 5144037.254661
8546051.552244 5192783.729984
8536179.989822 5208995.218020
8522970.075612 5230581.333870
8516344.643303 5241361.837965
8513026.812986 5246748.944002
8503052.881322 5262897.652191
8483013.154720 5295138.130101
8466219.989766 5321946.926162
8456103.412809 5338006.657159
8435778.903555 5370068.369243
8418748.939502 5396727.368844
8394765.491074 5433959.178156
8391325.831833 5439269.324460
8367154.243644 5476379.265816
8342818.540969 5513381.792735
8328838.924660 5534477.587548
8311289.401110 5560797.468979
8304246.293416 5571309.854809
8300719.752715 5576562.703574
8268831.535300 5623737.639758
8261708.819134 5634196.250385
8247423.713368 5655086.391222
8236675.214830 5670730.235640
8211480.055273 5707152.994432
8178849.687053 5753817.671477
8171562.443845 5764162.317834
8138608.104503 5810598.774767
8127564.631538 5826035.801484
8097972.330207 5867098.442945
8071908.860532 5902904.992228
8064433.052649 5913114.199755
8041928.202481 5943684.950108
8038166.118514 5948771.759882
8034400.816956 5953856.188429
8023085.621821 5969095.166349
7992770.570849 6009627.159963
7985159.783532 6019736.143010
7950753.196605 6065107.056489
7939226.992321 6080187.066563
7904476.934885 6125295.452946
7900599.976366 6130295.263153
7865565.222769 6175182.890115
7853830.242387 6190101.010789
7834209.086638 6214914.962157
7822398.749238 6229773.495715
7814509.532241 6239666.719507
7810560.230858 6244609.585887
7786798.821853 6274214.222353
7778853.399493 6284062.363566
7762925.202037 6303728.444943
7750946.420520 6318451.518072
7730919.753645 6342939.363001
7706785.649272 6372240.968150
7702752.491842 6377115.652818
7694676.928615 6386857.362133
7666315.519361 6420872.709967
7637803.741966 6454762.117941
7617346.434219 6478891.363581
7600925.693681 6498148.089967
7592697.061430 6507760.854038
7555517.962935 6550889.123758
7530595.725281 6579523.388695
7526431.458842 6584286.559329
7509744.282288 6603312.866633
7493009.008660 6622296.882211
7463606.868781 6655416.779458
7438288.496433 6683701.387991
7425589.091655 6697807.599647
7387330.552203 6739981.254610
7361691.714644 6767975.701681
7323034.665082 6809784.379406
7314411.920790 6819045.259639
7292803.852423 6842149.660017
7262429.997731 6874380.737787
7231913.696761 6906476.980530
7196864.268160 6942992.489243
7161630.467065 6979330.129261
7121773.182154 7019996.206691
7095073.294576 7046980.555145
7086150.592390 7055952.790514
7072745.269767 7069389.955929
7059314.466865 7082801.653153
7018869.660806 7122883.452972
6987255.186115 7153898.584975
6978197.279618 7162734.305189
6955503.662464 7184773.399450
6950956.579124 7189172.597395
6937298.642036 7202352.917707
6905333.015029 7233006.010750
6864035.422774 7272208.585767
6845609.420101 7289556.342290
6813258.488047 7319802.509293
6799352.856759 7332721.236300
6790068.824274 7341319.047803
6748156.352597 7379863.538095
6734136.839681 7392658.589740
6720093.066357 7405427.008587
6682524.782765 7439345.571200
6677816.690318 7443572.008822
6658957.608819 7460447.946601
6640055.879212 7477276.103030
6625851.666999 7489865.798993
6606875.594663 7506610.078900
6564024.904948 7544108.764275
6544911.756111 7560696.403422
6520961.387687 7581362.844522
6506559.828055 7593726.305573
6492134.827884 7606062.409459
6487321.294464 7610168.357033
6477686.439142 7618371.111737
6434201.462431 7655132.365992
6390507.867482 7691645.415362
6375897.220890 7703761.070325
6331927.673195 7739941.339663
6287752.823318 7775870.654329
6253253.586081 7803641.431291
6228536.141060 7823384.020966
6198792.952815 7846971.768022
6193827.058608 7850892.074666
6188858.685079 7854809.238684
6154010.816563 7882141.261715
6149022.680142 7886033.228379
6109029.146787 7917055.190139
6068879.109584 7947874.329232
6058817.267006 7955547.330324
6013419.157095 7989918.024679
5972901.552930 8020252.305196
5932230.932296 8050381.119295
5891408.337111 8080303.695123
5855564.721752 8106316.166383
5819606.254561 8132169.639271
5793851.708289 8150538.778655
5747347.588096 8183397.564680
5731804.729364 8194291.582830
5711048.806114 8208771.012410
5664214.446637 8241157.364261
5617196.434464 8273276.510346
5585749.816327 8294540.312121
5580500.875357 8298072.666598
5569996.294077 8305127.409256
5564740.657973 8308649.794612
5533160.137435 8329714.214395
5490928.823322 8357613.334991
5459162.964353 8378397.205232
5416686.191523 8405921.169185
5374070.651599 8433229.786483
5325963.658627 8463693.703519
5299162.834160 8480499.587704
5261552.649878 8503885.212805
5250787.895380 8510536.203891
5245402.364304 8513856.590086
5229233.181638 8523797.295340
5207644.976633 8537003.795088
5164368.646103 8563252.681496
5137253.683833 8579546.875444
5126393.289017 8586040.522052
5115524.686044 8592520.421068
5088317.382164 8608659.954858
5061059.158375 8624713.339899
5039216.100301 8637493.912847
4995433.301428 8662889.017584
4968003.993366 8678648.300392
4951522.527306 8688062.192548
4929519.500938 8700565.354612
4901971.336794 8716115.936198
4852261.208048 8743887.074344
4824576.385897 8759193.039124
4774622.225413 8786522.782341
4763500.220272 8792557.401091
4713357.069064 8819538.828052
4691022.073050 8831438.835782
4651863.622271 8852127.701282
4640658.701057 8858006.932730
4606999.426723 8875559.491219
4562017.207000 8898763.903096
4511272.568996 8924596.338671
4477361.447191 8941657.255297
4460381.660512 8950139.409113
4449052.871740 8955776.266995
4443385.804859 8958589.319149
4432046.337449 8964204.664258
4409346.131602 8975392.286231
4358167.637005 9000354.151241
4323970.034484 9016833.321122
4306847.836101 9025024.194797
4289710.121865 9033182.554912
4283994.113155 9035894.777965
4238204.501714 9057462.260570
4226740.087936 9062817.896716
4203790.975732 9073485.627495
4192306.314051 9078797.705047
4163565.332752 9092014.282870
4134782.685741 9105139.874911
4111726.762366 9115574.750483
4059754.876105 9138839.660807
4048187.632850 9143969.427401
4036613.907814 9149084.553071
4030824.620419 9151636.622999
4013447.086536 9159270.848904
3984452.430230 9171921.218111
3932161.763429 9194460.498921
3914703.125366 9201907.380551
3879743.602849 9216701.664704
3856406.163029 9226490.747069
3815506.301799 9243479.413128
3809657.336539 9245891.572918
3756948.306961 9267434.349313
3751084.197516 9269809.455601
3698239.926076 9291018.321432
3680598.437704 9298021.033552
3657055.837957 9307305.872166
3645275.745381 9311925.941508
3603999.581564 9327978.720821
3592193.372708 9332531.637936
3556740.311822 9346100.703195
3503464.779067 9366201.713707
3467884.542675 9379433.714179
3438196.149646 9390357.141055
3402524.687226 9403341.201553
3378716.440680 9411921.972343
3360846.046569 9418317.994805
3325068.999409 9431008.225485
3277291.823783 9447717.094715
3223442.204848 9466225.243042
3193480.477291 9476374.963095
3139469.035573 9494405.414489
3115431.172159 9502320.169913
3091373.355585 9510174.066566
3037171.112851 9527622.559236
3031142.530546 9529542.221928
2976830.979542 9546647.438721
2928472.962387 9561592.237100
2873980.579014 9578112.320883
2819395.011619 9594321.850368
2807252.408890 9597881.740925
2782953.738331 9604955.413239
2746472.361593 9615450.564951
2697769.051515 9629228.533205
2661196.145474 9639400.140844
2606265.047120 9654397.055444
2575711.142146 9662593.446494
2557366.407244 9667464.872401
2502277.188034 9681870.112445
2459373.834600 9692857.181538
2440971.867143 9697507.738786
2385713.467025 9711249.726645
2354980.817014 9718748.137054
2318070.555893 9727617.842920
2287286.465196 9734902.188832
2231817.627876 9747768.466470
2188625.077948 9757557.085059
2157746.924699 9764431.791402
2108297.094590 9775228.046493
2058793.253182 9785773.875410
2040215.646666 9789663.942909
2021630.690067 9793518.742157
1978237.583831 9802376.041650
1928598.000142 9812263.233008
1922389.552110 9813481.462251
1916180.334565 9814695.763264
1860263.158852 9825447.622364
1854046.382943 9826622.614606
1798062.301534 9837020.481823
1760707.080041 9843775.219818
1710860.742845 9852560.860943
1673447.156898 9858984.461549
1654731.287079 9862142.990626
1617281.730879 9868353.449434
1567312.829351 9876412.835385
1511049.884595 9885177.198526
1454737.946570 9893621.051304
1429695.169803 9897270.922908
1392113.886057 9902626.870091
1354512.541407 9907840.116553
1341974.395523 9909546.141058
1329434.100928 9911236.298832
1272976.723404 9918645.586050
1260424.969903 9920248.429109
1241593.561926 9922622.910651
1203917.394930 9927264.623560
1166223.879015 9931763.280708
1134799.754974 9935402.836127
1103364.274743 9938942.965790
1065627.151234 9943059.829577
1027874.671621 9947033.409989
996402.934070 9950235.233047
952325.820411 9954550.493708
933429.860344 9956340.125559
920830.681222 9957513.286786
864116.420854 9962595.184550
832596.274335 9965278.894440
794761.128070 9968367.707369
763223.067692 9970831.988803
750605.687297 9971789.764240
731677.369573 9973196.489935
681189.154060 9976772.090029
655938.421318 9978464.049514
643311.469449 9979286.064307
605424.514468 9981656.233175
592793.563753 9982414.326743
548577.894388 9984941.777186
510670.152357 9986952.287635
479074.722720 9988517.778432
466435.190779 9989115.987554
422191.080479 9991083.759611
409548.347169 9991609.987951
403226.733342 9991867.102875
390583.023997 9992369.333715
352648.224638 9993780.027080
321031.986707 9994845.594781
302060.681633 9995436.926148
295736.668076 9995626.034579
257790.189357 9996676.658684
245140.510589 9996994.854959
200863.676818 9997982.485649
194538.072981 9998107.567843
150256.807519 9998871.080867
99646.088873 9999503.520524
68013.011082 9999768.708841
61686.303719 9999809.738187
30052.447170 9999954.842419
4745.130202 9999998.874187
-14235.386332 9999989.867684
-58522.940620 9999828.751805
-90156.255836 9999593.584218
-121788.668839 9999258.348505
-159745.927816 9998723.980516
-210351.931026 9997787.358467
-267277.178666 9996427.507353
-324193.760290 9994743.538770
-355809.659554 9993667.969578
-400065.865743 9991994.160480
-456955.050606 9989554.148295
-475914.910857 9988668.830111
-507510.834144 9987113.334354
-558053.616041 9984416.666066
-614897.092455 9981077.174619
-646468.304772 9979082.058532
-696968.656825 9975682.166719
-709591.005481 9974792.258736
-760068.836370 9971072.929428
-816833.056867 9966583.354250
-848357.408807 9963949.503431
-879873.271049 9961215.941184
-886175.396978 9960657.265753
-911380.328206 9958382.694864
-949176.730148 9954851.256294
-974366.766164 9952417.264414
-986959.454084 9951176.364430
-993255.206700 9950549.939293
-1012140.068935 9948646.766312
-1031021.284833 9946707.752328
-1043606.702764 9945395.168114
-1100220.114240 9939291.508967
-1150513.256175 9933595.484384
-1188213.840508 9929156.453054
-1225897.302216 9924574.338702
-1251009.829276 9921440.137755
-1263563.098264 9919849.207357
-1294937.375441 9915802.397874
-1307483.475448 9914155.887489
-1338839.522531 9909970.168114
-1357646.739789 9907411.131569
-1376449.065987 9904816.402576
-1401511.108863 9901301.258508
-1426564.175589 9897722.700345
-1457867.641849 9893160.361525
-1514176.905912 9884698.695337
-1564188.426542 9876908.148114
-1614159.875091 9868864.569830
-1632888.575892 9865783.035255
-1676565.884225 9858454.586590
-1713977.436246 9852019.150816
-1770048.285118 9842099.830237
-1782500.743908 9839852.188827
-1794950.348635 9837588.792277
-1850937.716526 9827208.635698
-1894442.049144 9818914.874997
-1900653.940403 9817714.326605
-1944115.737303 9809200.477102
-1987539.402055 9800494.228623
-1999939.040339 9797971.414274
-2043312.426649 9789018.047133
-2092832.886570 9778550.532103
-2117573.090094 9773222.815843
-2129938.115909 9770535.482889
-2142299.731361 9767832.505782
-2185538.243119 9758248.950906
-2197884.267077 9755475.629027
-2228733.887436 9748473.996426
-2259561.204367 9741374.808707
-2265723.964190 9739943.270784
-2302681.390976 9731272.188756
-2345756.412483 9720978.698325
-2388785.424009 9710494.539314
-2413352.448219 9704418.063989
-2425630.173925 9701356.516454
-2468571.499918 9690518.807050
-2511464.407017 9679491.026510
-2523710.512307 9676305.351221
-2548190.580722 9669887.525940
-2603210.825246 9655221.043525
-2658146.665006 9640241.506691
-2706906.224239 9626663.944128
-2743430.453114 9616318.908445
-2749513.995225 9614581.259216
-2773837.133319 9607592.183155
-2792067.836875 9602309.992616
-2810288.481724 9596993.208786
-2852763.833856 9584452.958215
-2858827.193007 9582646.141882
-2870950.475811 9579021.002453
-2889126.774878 9573554.537301
-2937545.842621 9558808.734487
-2967769.623003 9549468.229424
-2991927.278448 9541927.015047
-3010032.953319 9536230.996569
-3028127.784242 9530500.622858
-3070306.519382 9516996.263372
-3088364.733230 9511151.522005
-3136465.399098 9495398.085402
-3160485.677202 9487430.120122
-3208465.354549 9471311.950763
-3220447.478744 9467244.479607
-3256362.835992 9454951.141088
-3292231.267780 9442521.553031
-3310147.725075 9436255.721322
-3351906.305068 9421503.283555
-3405499.188927 9402264.369513
-3423339.032005 9395783.622027
-3470851.478164 9378336.207267
-3506427.526937 9365092.951933
-3547869.018187 9349471.933205
-3577427.525577 9338201.770108
-3612850.452306 9324554.231129
-3618749.225562 9322266.572165
-3636436.844612 9315381.209331
-3659999.946913 9306148.526034
-3689420.843329 9294523.863050
-3736417.359898 9275730.985354
-3777460.831679 9259092.270041
-3800881.030073 9249502.872870
-3835965.637319 9235007.722212
-3888488.744605 9213015.536896
-3923434.211219 9198188.081912
-3964132.428928 9180721.871722
-3981550.766777 9173181.208914
-4010549.423476 9160540.012568
-4039507.945727 9147807.144688
-4045294.808534 9145249.581725
-4056863.673971 9140123.474594
-4085757.378501 9127244.197677
-4108842.917300 9116875.006325
-4154934.900451 9095961.519983
-4206661.090162 9072155.337764
-4258250.885912 9048055.006057
-4275416.885487 9039956.330386
-4298280.914607 9029107.440889
-4326822.221396 9015465.016539
-4366707.243913 8996214.084044
-4378087.267320 8990681.391292
-4412185.204702 8973996.975674
-4417862.026005 8971203.660556
-4451885.737482 8954368.396509
-4474532.601242 8943073.185456
-4502800.864084 8928873.634362
-4508449.118435 8926022.997196
-4519740.210828 8920311.005039
-4559201.925785 8900206.615575
-4576086.759469 8891536.985798
-4609806.908625 8874101.659615
-4660262.426175 8847708.975728
-4704984.975450 8824007.954483
-4727301.121170 8812072.634164
-4777401.532876 8785011.929057
-4816261.511917 8763767.742748
-4832886.914619 8754610.446530
-4838424.849373 8751551.004077
-4849494.906359 8745421.610946
-4882658.417685 8726949.454203
-4926766.899864 8702124.333426
-4943275.101177 8692757.403384
-4959765.493843 8683359.156806
-4976238.018454 8673929.627550
-5020076.944707 8648631.537371
-5025547.790835 8645453.683991
-5036483.445886 8639087.596461
-5069241.955882 8619906.379580
-5101927.416122 8600600.946482
-5118242.605351 8590901.735719
-5167077.304350 8561618.546214
-5204944.103037 8538650.764861
-5215744.469496 8532057.760524
-5231929.355243 8522142.642654
-5242708.811252 8515515.505266
-5264242.522837 8502220.337109
-5301845.307381 8478822.815497
-5344692.539329 8451879.179214
-5387402.848549 8424719.018902
-5408706.315068 8411057.959457
-5414026.774410 8407634.274037
-5435286.918736 8393905.891242
-5445903.945290 8387021.534411
-5467111.822184 8373212.544999
-5514701.315820 8341946.379431
-5530524.821956 8331464.168664
-5546328.403819 8320951.942956
-5577875.567060 8299837.598315
-5583125.625200 8296306.904475
-5593619.034786 8289235.555447
-5619813.338405 8271499.141116
-5625045.458863 8267941.919591
-5651172.244629 8250106.196985
-5687654.678010 8224997.523629
-5729212.243815 8196104.383506
-5765454.750032 8170650.618240
-5786114.026498 8156033.623788
-5832461.704504 8122954.540406
-5837599.800607 8119262.809390
-5847868.980576 8111869.598681
-5858128.797194 8104463.399602
-5888851.902734 8082166.990830
-5909286.855565 8067237.994422
-5924588.240406 8056007.335004
-5934777.309296 8048504.102569
-5955126.923260 8033458.988995
-5985579.790408 8010794.877704
-5990646.894242 8007006.293773
-6005833.809688 7995621.317346
-6015946.403015 7988015.327730
-6056300.289933 7957463.590753
-6086463.942343 7934415.963293
-6126545.635440 7903507.991827
-6146527.688787 7887978.028048
-6166470.375946 7872397.544750
-6176426.917281 7864588.389451
-6181401.480410 7860679.088857
-6216154.029194 7833225.969250
-6240902.670336 7813522.500089
-6250784.653498 7805619.207699
-6290212.343334 7773881.184824
-6314772.881737 7753943.735421
-6334375.825048 7737937.897596
-6339270.226823 7733928.690602
-6363704.133442 7713836.250661
-6392940.738373 7689623.444334
-6426933.645808 7661235.142742
-6460800.494503 7632696.572656
-6504157.287772 7595784.223892
-6547303.194603 7558625.594508
-6556862.394140 7550334.796836
-6561638.057904 7546184.863695
-6590236.816060 7521221.889311
-6599748.651783 7512876.794763
-6623481.976191 7491961.459530
-6642420.923596 7475175.200206
-6675461.641580 7445684.110395
-6703678.069189 7420289.774980
-6708371.426163 7416046.979937
-6736475.111282 7390527.929389
-6769140.023249 7360621.124990
-6792390.852222 7339170.696383
-6834070.896628 7300374.988989
-6852524.315363 7283056.398749
-6889299.371437 7248279.393809
-6907620.773245 7230821.201844
-6935019.888049 7204547.116395
-6971396.516549 7169353.569817
-6975931.056617 7164941.443817
-7007594.548688 7133976.355525
-7016616.042268 7125103.459977
-7030127.213070 7111772.730343
-7061554.701427 7080568.140958
-7079451.119134 7062674.553722
-7101757.866786 7040243.973155
-7110660.679046 7031252.001420
-7150582.236018 6990649.017505
-7190271.947302 6949819.373469
-7216602.315861 6922474.341932
-7255902.761678 6881269.876489
-7268950.692873 6867485.407672
-7294967.946965 6839842.297360
-7312254.404253 6821358.774283
-7338096.245242 6793551.611312
-7372387.477121 6756323.178119
-7397982.003526 6728288.212874
-7436173.788651 6686054.096773
-7448850.865615 6671927.815993
-7474124.468259 6643603.196532
-7490913.722965 6624666.904463
-7495103.544512 6619926.197251
-7528513.968759 6581905.303345
-7540993.199667 6567603.943796
-7561731.524161 6543715.791239
-7590638.003306 6510162.417541
-7623491.639861 6471659.386662
-7627584.629463 6466834.830145
-7631674.565826 6462007.685025
-7639845.272287 6452345.636705
-7676461.884696 6408738.794242
-7696696.974963 6384422.892916
-7716855.042696 6360043.101271
-7720877.395772 6355159.497562
-7736935.886167 6335599.663279
-7752944.824409 6315999.251873
-7776865.097287 6286522.827334
-7812535.272458 6242138.465029
-7847952.139218 6197551.711808
-7871422.089414 6167715.483896
-7883114.549236 6152764.013322
-7898660.311064 6132794.248173
-7906414.227712 6122794.628259
-7933453.161880 6087718.860809
-7948834.150562 6067621.910342
-7952671.446998 6062591.595687
-7956505.560067 6057558.854244
-7964164.229963 6047486.099048
-7998470.263529 6002039.107124
-8013634.211383 5981777.890072
-8017417.182711 5976706.594637
-8024973.496000 5966556.828566
-8043808.037398 5941140.652896
-8055070.136114 5925862.393128
-8077507.235468 5895241.883159
-8088682.155275 5879899.743272
-8122031.912425 5833746.447485
-8136769.560724 5813173.067755
-8147788.602984 5797718.592782
-8180669.452120 5751230.069746
-8209674.232095 5709750.345056
-8234880.912441 5673335.558375
-8245634.359246 5657695.114941
-8249212.242151 5652477.101585
-8256358.100322 5642034.289089
-8281264.423735 5605413.414207
-8288350.703373 5594930.081592
-8306008.317317 5568682.593994
-8309529.871340 5563426.400817
-8320074.570493 5547644.467830
-8351528.673088 5500178.980959
-8375805.818075 5463138.008316
-8386160.045359 5447230.460851
-8389604.742518 5441923.581264
-8417041.306623 5399390.302859
-8440871.438858 5362060.178017
-8447649.659377 5351375.078653
-8474627.173181 5308549.168613
-8498054.425826 5270964.899874
-8508043.678541 5254825.664477
-8514686.154187 5244055.653376
-8541119.617315 5200891.816095
-8554254.337148 5179259.863667
-8577108.215787 5141324.212173
-8606244.512835 5092401.730549
-8615894.648663 5076057.466494
-8631909.214303 5048776.417710
-8638290.862710 5037849.836112
-8660517.644162 4999543.392667
-8679433.986050 4966631.220636
-8695102.073139 4939149.718088
-8701344.952864 4928143.262047
-8729265.356704 4878516.816846
-8738509.306457 4861939.438224
-8741583.628825 4856409.750037
-8759956.037685 4823190.875119
-8769094.920696 4806555.343677
-8781230.949959 4784347.709300
-8799329.518786 4750978.848597
-8808331.268763 4734268.714356
-8829211.890475 4695212.177643
-8852863.380527 4650463.414083
-8870453.195700 4616823.594518
-8896598.164698 4566239.272738
-8902369.014253 4554978.148583
-8913867.941896 4532434.038620
-8928161.310101 4504213.096738
-8931009.266775 4498563.490358
-8953664.125226 4453302.003304
-8967706.966841 4424955.565525
-8989988.792334 4379509.277729
-9009296.483193 4339651.700070
-9025705.300383 4305420.285016
-9047381.361022 4259681.972663
-9058132.508365 4236771.820727
-9082110.372202 4185124.990623
-9103176.841622 4139102.727663
-9105793.763776 4133342.464831
-9116224.992439 4110284.891248
-9121418.716190 4098746.223413
-9136912.225397 4064090.917461
-9149722.913932 4035166.737357
-9170029.510968 3988804.177693
-9185105.319454 3953965.132691
-9187605.091615 3948153.072075
-9205000.465343 3907424.526852
-9219767.096956 3872453.315134
-9229537.719729 3849108.140868
-9231971.141655 3843267.989569
-9244082.799995 3814044.203578
-9253705.527006 3790637.679791
-9258494.669416 3778925.304421
-9277502.919766 3732015.484123
-9286917.946928 3708524.645601
-9291603.159562 3696770.310044
-9310195.162356 3649693.965093
-9319401.751001 3626120.654837
-9328548.652398 3602524.120647
-9342156.962858 3567086.105119
-9357863.161456 3525676.821755
-9368969.517224 3496056.376165
-9388724.615037 3442651.609297
-9397406.983181 3418880.224937
-9399568.173186 3412933.951548
-9410317.667794 3383182.139821
-9416722.169270 3365314.782717
-9429429.375197 3329543.761265
-9431534.037041 3323577.245701
-9442000.699363 3293724.759787
-9444082.696582 3287750.297715
-9456495.263202 3251875.971964
-9460602.511565 3239907.424321
-9464694.612026 3227933.689079
-9480911.404165 3179987.255692
-9490923.584697 3149979.287144
-9496885.310067 3131959.355967
-9510662.913255 3089869.083059
-9514565.119958 3077832.123116
-9520389.863745 3059767.449057
-9537658.222796 3005507.548674
-9548998.694845 2969280.034933
-9550875.399660 2963237.941876
-9562055.317026 2926960.559034
-9571266.663103 2896697.164664
-9584001.613781 2854279.780794
-9600098.868970 2799660.998409
-9614146.245535 2751034.708879
-9626235.669611 2708428.849557
-9634755.388072 2677963.519545
-9636447.764423 2671867.227906
-9644851.772205 2641369.775740
-9646520.994258 2635267.103604
-9651505.489369 2616952.767758
-9663000.728462 2574182.767743
-9667869.252703 2555837.262551
-9672702.947469 2537482.549698
-9683846.023051 2494619.450304
-9686994.881411 2482363.826580
-9700972.730720 2427164.616961
-9702506.417362 2421026.480864
-9704036.220197 2414887.375657
-9708602.319740 2396464.269947
-9716134.752648 2365739.940990
-9726516.793112 2322686.176243
-9732363.745498 2298063.516380
-9743870.616880 2248774.199761
-9756517.455444 2193254.919432
-9768847.955222 2137664.526475
-9778219.384287 2094379.543624
-9786099.394412 2057245.401671
-9789986.523424 2038667.180091
-9791274.396135 2032472.804147
-9798919.308320 1995289.550176
-9808892.851644 1945667.244150
-9812568.158564 1927045.960412
-9816208.114716 1908417.734296
-9824563.797112 1864925.252247
-9832726.779195 1821396.191303
-9841819.736793 1771604.997866
-9850660.562242 1721768.418658
-9860304.832409 1665649.606600
-9865524.636205 1634449.036353
-9869629.398658 1609476.788634
-9876660.615297 1565750.647532
-9884459.072796 1515740.359767
-9891075.006552 1471949.460671
-9895681.902443 1440652.520794
-9899296.120988 1415604.573668
-9902846.938281 1390547.560129
-9905468.430482 1371748.946679
-9911446.452789 1327866.414022
-9917230.070655 1283957.836415
-9920447.667710 1258855.858403
-9923601.728043 1233745.817895
-9928968.387864 1189784.330369
-9934140.299566 1145799.506254
-9940503.577010 1089214.687494
-9942553.056217 1070345.142614
-9944566.716373 1051471.741707
-9945889.253417 1038887.365775
-9947843.199098 1020007.689261
-9949125.919922 1007419.192563
-9952263.023341 975940.937886
-9956487.642561 931855.044274
-9957658.810948 919255.679749
-9962184.028455 868843.704701
-9964882.694763 837324.835185
-9968993.130799 786877.346275
-9972848.176701 736409.698788
-9975571.801695 698546.511850
-9976447.733709 685923.185627
-9978979.681158 648046.698193
-9981751.868922 603845.698226
-9983972.204199 565949.667175
-9984680.345714 553315.817507
-9987032.935922 509090.499618
-9988593.429219 477494.822761
-9990610.187010 433252.918292
-9991930.756667 401646.304566
-9992182.872031 395324.489376
-9994271.909437 338421.335363
-9995292.469123 306803.612590
-9996213.003724 275182.819567
-9997333.692675 230909.153812
-9997617.874028 218258.665174
-9998014.131394 199282.283298
-9998258.292580 186630.958974
-9998374.369907 180305.183487
-9998894.722062 148675.274081
-9999315.013084 117043.876849
-9999687.275764 79084.681933
-9999735.309995 72758.023876
-9999855.395908 53777.885088
-9999999.499639 3163.420200
-9999855.395908 -53777.885089
-9999687.275764 -79084.681933
-9999519.156563 -98064.456035
-9998798.656369 -155001.385118
-9998594.517794 -167653.418522
-9997886.047633 -205607.827070
-9997333.692675 -230909.153813
-9996213.003724 -275182.819567
-9994896.247709 -319451.087849
-9993835.680794 -351067.493926
-9992182.872030 -395324.489376
-9991414.527060 -414289.450094
-9991150.413023 -420610.775369
-9990882.299637 -426931.932279
-9990610.187010 -433252.918292
-9988289.326718 -483814.350523
-9987032.935922 -509090.499619
-9984328.273266 -559632.854349
-9983972.204199 -565949.667175
-9980587.758849 -622790.484759
-9977731.680326 -666986.143353
-9976011.764346 -692234.987286
-9975127.845932 -704857.756794
-9971908.363564 -749028.429829
-9970952.583843 -761645.961559
-9966454.030266 -818409.471225
-9962731.738096 -862540.616282
-9961076.646133 -881448.835649
-9955896.080039 -938154.168280
-9951020.131575 -988533.429374
-9950392.710640 -994829.082830
-9945229.975378 -1045179.762928
-9940503.577010 -1089214.687495
-9934863.240327 -1139514.105224
-9930465.953687 -1177219.581330
-9927454.924212 -1202347.174379
-9925925.565154 -1214908.093242
-9923601.728043 -1233745.817895
-9918040.425366 -1277683.106564
-9916415.746185 -1290232.052312
-9913118.757257 -1315323.726129
-9911446.452789 -1327866.414023
-9909758.278548 -1340406.975794
-9908908.241105 -1346676.453110
-9908054.237235 -1352945.391365
-9906334.331579 -1365481.640659
-9902846.938281 -1390547.560130
-9898398.509322 -1421867.416694
-9895681.902443 -1440652.520794
-9888263.354590 -1490720.574177
-9887318.220440 -1496976.421913
-9882533.190525 -1528246.622170
-9877649.263933 -1559501.528928
-9868609.133079 -1615720.823196
-9864488.571906 -1640690.468900
-9856057.941384 -1690598.076444
-9847374.813953 -1740462.373489
-9842938.633158 -1765377.881328
-9836166.170385 -1802729.893405
-9825741.739164 -1858709.034588
-9814998.724674 -1914627.910234
-9812568.158564 -1927045.960412
-9810121.880999 -1939460.925088
-9807659.895897 -1951872.784383
-9803937.475240 -1970484.707268
-9796386.688443 -2007687.189402
-9791274.396135 -2032472.804147
-9783488.387861 -2069626.769391
-9780861.716418 -2082004.823315
-9779542.507675 -2088192.601410
-9771545.066278 -2125301.629817
-9767493.533879 -2143844.692516
-9755127.865416 -2199427.273037
-9748121.353387 -2230275.785555
-9743870.616880 -2248774.199761
-9730907.849581 -2304220.567342
-9720607.546060 -2347293.960178
-9719120.505181 -2353443.563327
-9711626.955880 -2384177.398985
-9697893.708470 -2439437.971996
-9696348.374095 -2445573.186021
-9690128.229379 -2470104.228205
-9686994.881411 -2482363.826581
-9672702.947469 -2537482.549698
-9669484.355096 -2549720.044742
-9666250.280367 -2561953.457287
-9663000.728462 -2574182.767743
-9658097.392286 -2592518.999181
-9643178.689423 -2647471.390565
-9629655.121614 -2696245.952946
-9622800.804501 -2720607.409550
-9612403.785649 -2757116.874859
-9601868.248305 -2793586.609038
-9598325.646819 -2805734.267106
-9596548.582564 -2811806.412698
-9592982.930585 -2823947.324846
-9582193.838422 -2860342.854084
-9580382.227416 -2866404.782410
-9573097.441440 -2890640.997547
-9567593.613343 -2908806.017924
-9554617.339206 -2951150.199728
-9548998.694845 -2969280.034933
-9535754.777322 -3011541.270974
-9533847.514790 -3017573.787787
-9530021.541605 -3029635.195292
-9528102.832483 -3035664.081157
-9518452.092356 -3065790.235083
-9516510.510834 -3071811.793906
-9512615.920504 -3083851.220303
-9504781.052552 -3107915.240647
-9492914.626663 -3143973.901116
-9490923.584697 -3149979.287144
-9474858.548166 -3197976.781069
-9470804.346073 -3209963.401411
-9452372.873512 -3263839.312847
-9435732.033868 -3311640.225785
-9418849.465411 -3359356.299640
-9416722.169270 -3365314.782718
-9403879.264699 -3401037.308669
-9397406.983181 -3418880.224938
-9388724.615037 -3442651.609297
-9375588.334239 -3478267.296641
-9371179.541038 -3490128.079260
-9360091.927875 -3519755.545735
-9348910.646219 -3549347.789244
-9335369.623433 -3584811.570206
-9323982.666276 -3614325.281292
-9321694.074325 -3620223.692633
-9303251.086572 -3667358.616251
-9282217.864487 -3720273.043231
-9275139.876408 -3737884.464917
-9272773.120313 -3743751.949475
-9258494.669416 -3778925.304422
-9251305.399086 -3796491.592622
-9248901.567968 -3802343.985758
-9229537.719729 -3849108.140868
-9222215.290955 -3866619.340880
-9219767.096956 -3872453.315135
-9212400.375450 -3889945.927955
-9202526.457999 -3913247.601395
-9182601.870596 -3959775.610578
-9164974.865421 -4000404.444079
-9162442.039182 -4006202.176455
-9139481.682026 -4058309.325803
-9134339.111362 -4069870.882307
-9113622.656356 -4116051.758368
-9111016.672188 -4121816.977876
-9087398.823513 -4173629.430413
-9074150.431867 -4202355.760742
-9055450.157651 -4242501.908345
-9039279.970290 -4276846.691047
-9022979.523374 -4311129.842719
-9020250.134564 -4316837.674723
-9017517.135046 -4322543.778744
-9003798.015181 -4351048.299184
-8987216.147552 -4385196.223339
-8976089.604697 -4407926.429564
-8973298.983619 -4413604.575693
-8953664.125226 -4453302.003305
-8950844.800237 -4458965.952110
-8948021.892322 -4464628.116039
-8931009.266775 -4498563.490358
-8922454.676357 -4515506.898274
-8913867.941896 -4532434.038620
-8910998.559298 -4538072.793179
-8905249.094326 -4549344.850416
-8890813.070299 -4577493.085631
-8887915.184177 -4583117.244722
-8885013.740320 -4588739.569242
-8870453.195700 -4616823.594518
-8849919.334840 -4656063.548408
-8838107.738639 -4678445.425588
-8832180.709018 -4689625.136752
-8814314.808022 -4723119.145765
-8808331.268763 -4734268.714356
-8796321.889306 -4756545.092787
-8769094.920695 -4806555.343678
-8750785.596049 -4839809.030528
-8741583.628825 -4856409.750038
-8726177.050014 -4884038.707034
-8698225.253904 -4933647.477510
-8673142.422444 -4977609.920433
-8660517.644162 -4999543.392667
-8644658.679865 -5026915.188129
-8631909.214303 -5048776.417711
-8622310.830450 -5065151.127370
-8593329.441300 -5114165.534404
-8577108.215787 -5141324.212174
-8557529.459951 -5173846.687143
-8541119.617315 -5200891.816095
-8527930.194837 -5222490.458775
-8514686.154186 -5244055.653376
-8508043.678541 -5254825.664477
-8494717.869785 -5276340.428058
-8481337.655570 -5297821.398671
-8457791.625507 -5335331.369231
-8437477.259736 -5367399.509206
-8434079.703185 -5372736.691885
-8406777.826772 -5415356.550708
-8389604.742518 -5441923.581264
-8365421.416105 -5479025.874275
-8351528.673088 -5500178.980960
-8334087.536733 -5526570.811097
-8320074.570493 -5547644.467830
-8291888.867295 -5589685.054851
-8263490.738773 -5631582.442815
-8234880.912441 -5673335.558375
-8216892.593635 -5699357.516832
-8198822.046583 -5725322.440568
-8166088.424460 -5771914.746764
-8151455.096088 -5792562.456847
-8133090.030556 -5818319.908262
-8129407.244800 -5823464.419758
-8125721.204931 -5828606.600186
-8122031.912425 -5833746.447485
-8096115.915242 -5869659.878303
-8081235.444065 -5890130.193603
-8055070.136114 -5925862.393128
-8047565.292157 -5936050.275097
-8032516.960052 -5956397.509105
-8009848.032284 -5986846.791068
-7990869.073326 -6012155.308453
-7960336.488233 -6052523.688026
-7944993.672294 -6072649.796194
-7918021.362427 -6107776.821737
-7898660.311064 -6132794.248173
-7867518.299036 -6172694.372341
-7863611.359377 -6177670.789924
-7847952.139218 -6197551.711808
-7828307.443222 -6222347.031016
-7808584.407636 -6247080.081832
-7772886.158329 -6291441.867304
-7744946.555723 -6325804.521877
-7732925.905070 -6340493.430853
-7704769.456074 -6374678.629449
-7684565.150564 -6399020.116138
-7676461.884695 -6408738.794242
-7652078.391798 -6437833.198039
-7619395.598658 -6476481.352644
-7598869.676067 -6500552.257013
-7574138.209592 -6529351.451867
-7545146.908368 -6562831.563521
-7516007.615619 -6596182.950916
-7507655.001198 -6605688.183905
-7486720.902888 -6629404.959894
-7461501.107342 -6657777.498920
-7440402.459848 -6681348.010356
-7410739.311792 -6714234.345975
-7406489.839873 -6718921.658411
-7402237.403217 -6723606.281336
-7397982.003526 -6728288.212874
-7380930.808499 -6746988.987700
-7342392.948027 -6788907.555473
-7307937.176132 -6825983.755453
-7277634.768162 -6858282.013831
-7255902.761678 -6881269.876489
-7216602.315861 -6922474.341932
-7199060.268326 -6940715.471262
-7194667.547787 -6945268.812423
-7155003.676710 -6986123.559333
-7123993.545589 -7017742.939322
-7119552.106027 -7022248.771552
-7115107.816586 -7026751.792852
-7088382.332186 -7053710.790269
-7083918.143467 -7058194.084655
-7052589.525427 -7089497.936091
-7025626.301150 -7116219.156026
-7016616.042268 -7125103.459978
-7003079.593399 -7138408.520708
-6989517.915230 -7151687.864601
-6948681.993942 -7191371.117322
-6925897.934351 -7213316.699200
-6898465.595101 -7239556.093657
-6875529.357698 -7261342.579127
-6857130.817184 -7278719.458533
-6820202.102275 -7313333.254004
-6815573.708250 -7317646.823085
-6778448.496715 -7352049.780665
-6741149.631848 -7386264.390139
-6727117.982409 -7399046.131140
-6717750.082370 -7407552.485863
-6689581.905331 -7433000.331755
-6684877.826003 -7437231.235575
-6642420.923596 -7475175.200206
-6618740.606329 -7496150.531181
-6590236.816060 -7521221.889311
-6585476.940246 -7525389.921425
-6580714.428338 -7529554.941207
-6537733.511810 -7566904.289639
-6523359.365040 -7579299.611082
-6489728.385895 -7608115.763927
-6484913.553833 -7612220.188573
-6460800.494503 -7632696.572656
-6422085.218532 -7665299.827529
-6397804.560645 -7685577.193925
-6358822.438941 -7717860.920619
-6319677.414074 -7749946.927692
-6285292.674073 -7777859.345684
-6255721.892886 -7801662.873956
-6221108.741869 -7829291.540225
-6196310.315751 -7848932.314074
-6161488.401726 -7876297.396328
-6141535.861036 -7891865.259089
-6121543.986128 -7907382.577433
-6086463.942342 -7934415.963293
-6076419.115469 -7942111.226441
-6031097.227067 -7976582.365754
-5995711.600084 -8003214.504724
-5990646.894241 -8007006.293773
-5965287.435751 -8025917.131947
-5944956.875680 -8040987.983221
-5904181.660382 -8070975.091104
-5863255.189111 -8100755.433129
-5832461.704503 -8122954.540406
-5801584.171845 -8145036.592736
-5775789.012235 -8163348.656412
-5744758.548005 -8185215.282760
-5698057.771321 -8217793.963996
-5687654.678010 -8224997.523629
-5672032.967959 -8235778.166657
-5640728.301996 -8257250.403316
-5630275.327676 -8264381.388499
-5604103.488114 -8282150.934057
-5583125.625200 -8296306.904475
-5541062.760522 -8324459.350850
-5535794.899198 -8327963.426553
-5525252.530905 -8334961.575780
-5514701.315820 -8341946.379431
-5504141.270836 -8348917.826322
-5482994.758820 -8362820.605199
-5477702.638566 -8366287.934529
-5445903.945290 -8387021.534411
-5403383.690680 -8414478.278022
-5366064.877748 -8438326.121204
-5333993.525030 -8458635.414471
-5301845.307381 -8478822.815498
-5285742.518936 -8488870.715443
-5248095.392436 -8512196.822906
-5210345.329088 -8535355.970998
-5161659.471047 -8564885.959834
-5150817.608142 -8571410.500475
-5134539.355594 -8581171.575365
-5107367.857680 -8597371.317230
-5091040.408444 -8607049.875514
-5074694.618221 -8616697.426033
-5036483.445885 -8639087.596461
-4992692.615664 -8664468.849589
-4976238.018454 -8673929.627550
-4959765.493843 -8683359.156806
-4910240.949376 -8711459.913187
-4888178.841809 -8723858.527652
-4882658.417684 -8726949.454203
-4877136.039085 -8730036.887451
-4849494.906359 -8745421.610946
-4827347.045314 -8757666.384609
-4805168.266934 -8769855.068726
-4771842.440143 -8788032.756337
-4744018.369265 -8803084.102295
-4716146.823954 -8818047.353859
-4665859.297429 -8844758.731396
-4660262.426174 -8847708.975729
-4626642.102617 -8865336.026023
-4621032.220286 -8868261.454145
-4570460.310329 -8894430.423119
-4547936.241246 -8905968.557409
-4508449.118435 -8926022.997196
-4468873.566298 -8945902.360771
-4457550.132151 -8951549.967428
-4423537.078887 -8968406.754364
-4406506.617248 -8976786.698599
-4355320.228726 -9001732.372452
-4303992.626218 -9026386.180164
-4275416.885487 -9039956.330386
-4241069.545559 -9056121.085196
-4195178.109490 -9077471.048131
-4183688.411683 -9082772.224049
-4143421.837614 -9101211.758639
-4103073.993914 -9119472.780839
-4051080.052054 -9142688.358019
-4045294.808534 -9145249.581725
-4027929.371516 -9152911.284290
-4022137.664747 -9155457.858885
-4016344.347961 -9158000.768650
-3998954.760688 -9165607.498795
-3946699.809892 -9188229.460054
-3900143.484432 -9208087.792851
-3876827.778699 -9217928.529464
-3870994.966801 -9220379.491485
-3835965.637319 -9235007.722212
-3789173.964406 -9254304.980249
-3765741.650647 -9263864.734579
-3736417.359898 -9275730.985354
-3730548.005413 -9278093.100379
-3689420.843329 -9294523.863050
-3636436.844612 -9315381.209331
-3601048.569602 -9329118.350593
-3547869.018187 -9349471.933205
-3536035.657449 -9353953.807308
-3506427.526937 -9365092.951933
-3476784.306836 -9376138.378018
-3458981.655162 -9382720.602749
-3405499.188927 -9402264.369513
-3351906.305068 -9421503.283556
-3345944.799739 -9423622.095410
-3322085.408842 -9432059.612638
-3268324.219400 -9450823.075102
-3256362.835992 -9454951.141089
-3238410.990719 -9461114.852658
-3232424.446499 -9463161.849914
-3178487.610562 -9481414.267371
-3148478.058753 -9491421.701387
-3094381.668580 -9509195.659421
-3046211.706030 -9524735.914557
-2997963.704263 -9540032.160738
-2985889.654998 -9543818.049826
-2937545.842621 -9558808.734487
-2919397.444623 -9564367.128061
-2889126.774878 -9573554.537301
-2852763.833855 -9584452.958216
-2834566.914531 -9589850.385019
-2810288.481724 -9596993.208786
-2792067.836874 -9602309.992616
-2755596.436736 -9612839.761374
-2719085.327376 -9623231.005356
-2700815.046134 -9628374.633684
-2694722.786923 -9630081.469107
-2682535.034934 -9633483.574821
-2627637.280311 -9648602.091656
-2597101.600275 -9656866.120945
-2542072.087514 -9671497.789995
-2499214.280480 -9682661.203422
-2462439.969563 -9692078.693258
-2425630.173925 -9701356.516454
-2413352.448219 -9704418.063989
-2401070.858359 -9707464.073235
-2376496.164840 -9713509.457374
-2370350.107098 -9715011.084388
-2314993.185626 -9728350.659310
-2290365.909372 -9734178.136915
-2265723.964189 -9739943.270784
-2253397.540066 -9742802.447265
-2210226.771879 -9752686.687107
-2185538.243119 -9758248.950906
-2154657.916656 -9765113.888849
-2136119.351168 -9769185.949585
-2117573.090093 -9773222.815843
-2111389.304486 -9774560.614416
-2105204.673712 -9775894.500340
-2086645.735153 -9779872.676879
-2049505.372867 -9787723.316818
-2012335.476408 -9795432.911842
-1968933.983907 -9804249.026163
-1919285.039371 -9814089.103816
-1913075.438003 -9815301.440532
-1900653.940403 -9817714.326605
-1863371.267720 -9824858.651331
-1807397.079367 -9835309.644210
-1757592.992203 -9844331.712908
-1720210.308170 -9850932.772873
-1695274.713935 -9855254.620977
-1664089.971370 -9860568.166550
-1651611.394047 -9862665.958201
-1639130.172235 -9864747.958183
-1632888.575892 -9865783.035255
-1607915.679231 -9869883.847771
-1582932.484477 -9873921.447408
-1551689.253111 -9878879.514488
-1507922.712064 -9885654.712483
-1476642.738831 -9890375.433817
-1426564.175589 -9897722.700345
-1395246.433389 -9902185.990483
-1363914.728651 -9906550.187273
-1357646.739789 -9907411.131569
-1351378.207475 -9908268.110036
-1301210.685875 -9914981.127111
-1269838.975328 -9919047.785788
-1232176.176334 -9923796.746733
-1188213.840508 -9929156.453054
-1169365.654720 -9931393.858143
-1119083.414723 -9937185.331415
-1106508.324830 -9938593.428000
-1062481.690282 -9943396.434711
-1056190.449718 -9944066.659769
-1018434.216075 -9948004.410309
-999550.561727 -9949919.531059
-986959.454084 -9951176.364430
-930280.204891 -9956634.910470
-905079.636316 -9958957.317507
-860964.790131 -9962868.042394
-804221.009638 -9967608.969440
-760068.836370 -9971072.929428
-741141.862190 -9972497.617955
-696968.656824 -9975682.166719
-678033.047739 -9976987.079583
-671720.631857 -9977414.063410
-665407.947092 -9977837.053387
-640154.569747 -9979489.071432
-583319.726727 -9982972.407876
-551736.523591 -9984767.739339
-532783.931232 -9985796.977839
-488553.869389 -9988058.626015
-431672.687948 -9990678.590090
-381099.830472 -9992735.507318
-374777.510241 -9992974.623095
-349486.754431 -9993891.084481
-311546.474467 -9995145.761531
-267277.178666 -9996427.507353
-248302.967869 -9996916.806503
-229327.862536 -9997370.090752
-185049.522007 -9998287.687119
-153419.863076 -9998823.048020
-134441.310512 -9999096.235862
-96482.820743 -9999534.542433
-52196.197168 -9999863.776922
-45869.432823 -9999894.799203
-1581.710120 -9999999.874910
4745.130202 -9999998.874187
42706.043607 -9999908.809276
74339.691220 -9999723.676698
80666.341600 -9999674.641774
86992.959691 -9999621.604089
99646.088873 -9999503.520524
150256.807519 -9998871.080867
188212.391273 -9998228.647904
226165.262812 -9997442.136562
276763.927252 -9996169.352736
302060.681633 -9995436.926148
308384.574278 -9995243.816653
314708.343480 -9995046.706171
352648.224638 -9993780.027080
390583.023997 -9992369.333715
422191.080480 -9991083.759611
453794.912004 -9989698.202540
504351.465143 -9987273.381640
542260.471606 -9985286.855215
567528.835083 -9983882.562478
618054.495804 -9980882.157416
624369.116635 -9980489.126601
655938.421318 -9978464.049514
687501.161881 -9976339.115748
731677.369574 -9973196.489935
737987.105065 -9972731.573283
756914.528987 -9971312.872225
788454.142164 -9968868.544910
832596.274335 -9965278.894440
883024.378197 -9960937.101875
889326.327078 -9960376.432845
946027.544900 -9955151.022676
996402.934070 -9950235.233047
1015287.193306 -9948326.086086
1027874.671621 -9947033.409989
1071917.752904 -9942383.634270
1097075.843635 -9939639.057497
1134799.754974 -9935402.836126
1178790.278454 -9930279.627454
1229036.800771 -9924186.039286
1266701.100177 -9919448.992903
1316891.677702 -9912910.587169
1360780.802309 -9906981.155128
1373315.687486 -9905251.335655
1398378.841096 -9901744.119940
1429695.169803 -9897270.922908
1473513.923602 -9890842.063088
1479771.406290 -9889907.814794
1529809.733329 -9882291.342589
1548564.070769 -9879369.884700
1579808.869017 -9874421.701415
1636009.455924 -9865265.990338
1685921.058293 -9856859.042576
1729558.324188 -9849295.812556
1760707.080041 -9843775.219818
1804285.667212 -9835880.907732
1829171.882655 -9831283.243997
1878909.008765 -9821899.049409
1934805.676178 -9811041.076024
1978237.583831 -9802376.041650
1996839.430200 -9798603.588777
2021630.690067 -9793518.742157
2058793.253182 -9785773.875410
2083551.846068 -9780532.281259
2114481.303091 -9773892.204177
2120664.665187 -9772552.449480
2163924.292684 -9763064.665131
2200970.223971 -9754779.857751
2250315.369508 -9743514.804102
2299602.865457 -9732000.136723
2311915.583694 -9729082.502162
2336529.895246 -9723200.504393
2348831.449149 -9720236.150603
2385713.467025 -9711249.726645
2410282.412251 -9705181.023206
2422561.105839 -9702123.359785
2447106.836664 -9695961.434017
2490024.058433 -9685028.662241
2508402.251609 -9680285.023909
2520649.364049 -9677103.222738
2532892.440536 -9673905.927012
2569597.258278 -9664221.123828
2581823.994986 -9660961.901328
2636792.870628 -9646104.050725
2691676.252664 -9630933.441305
2734303.081649 -9618918.164621
2758637.244005 -9611967.569441
2795105.311311 -9601426.263774
2831533.100057 -9590746.597804
2849731.725905 -9585354.927720
2867920.085306 -9579928.725429
2873980.579014 -9578112.320883
2910319.297502 -9567133.404870
2916371.687330 -9565290.177582
2940569.548502 -9557878.987015
2952661.426306 -9554150.433273
2976830.979543 -9546647.438721
3019081.728350 -9533370.102831
3061273.260482 -9519905.778140
3115431.172159 -9502320.169913
3151480.436729 -9490425.230563
3199475.389030 -9474352.602420
3205469.020055 -9472326.449266
3223442.204848 -9466225.243042
3247388.375737 -9458037.256066
3283268.587373 -9445641.713678
3301190.983037 -9439392.887973
3319101.485827 -9433110.055903
3366804.193096 -9416189.756231
3372760.991928 -9414057.748459
3402524.687226 -9403341.201553
3438196.149646 -9390357.141055
3450075.652317 -9385999.040768
3479750.199426 -9375038.055901
3509389.923912 -9363983.252972
3521235.996919 -9359535.087493
3550826.471503 -9348349.125341
3556740.311822 -9346100.703195
3562652.728416 -9343848.539906
3615800.019855 -9323410.868154
3639383.509168 -9314230.385448
3668830.075016 -9302670.900374
3698239.926076 -9291018.321432
3745218.586553 -9272180.851285
3792101.300342 -9253105.842253
3838886.866380 -9233793.783009
3850567.938041 -9228928.786947
3862242.844341 -9224049.013928
3885574.086094 -9214245.168296
3903056.194377 -9206853.552845
3908880.442213 -9204382.308905
3961227.982476 -9181975.434015
4013447.086536 -9159270.848904
4036613.907814 -9149084.553071
4065536.061276 -9136269.289730
4071315.619058 -9133695.261504
4094417.530027 -9123362.597738
4129021.181794 -9107754.063450
4140542.534581 -9102522.041683
4157812.127396 -9094646.684357
4203790.975732 -9073485.627495
4226740.087936 -9062817.896716
4249662.129466 -9052092.122012
4301136.985625 -9027747.262240
4329673.975314 -9014095.809758
4346775.389947 -9005861.630591
4375242.917945 -8992065.914403
4426373.941460 -8967006.954964
4471703.307517 -8944488.220661
4483017.794626 -8938822.710685
4499976.060860 -8930297.612717
4516918.115475 -8921740.342450
4567646.399554 -8895875.806723
4612613.929214 -8872642.939960
4635053.452922 -8860941.230397
4640658.701057 -8858006.932730
4646262.091588 -8855069.089300
4657463.290863 -8849182.769853
4696608.644291 -8828469.133569
4730088.513493 -8810576.749256
4763500.220272 -8792557.401091
4774622.225413 -8786522.782341
4785736.585639 -8780474.094995
4824576.385897 -8759193.039124
4857792.354418 -8740815.376231
4901971.336794 -8716115.936198
4951522.527306 -8688062.192548
4968003.993366 -8678648.300392
4995433.301428 -8662889.017584
5033750.287458 -8640680.415541
5039216.100301 -8637493.912847
5050141.672371 -8631110.536251
5088317.382164 -8608659.954857
5120960.012463 -8589282.190658
5148105.853103 -8573039.491642
5186023.418629 -8550155.618551
5202242.708570 -8540296.880152
5218443.256907 -8530407.374472
5229233.181638 -8523797.295340
5272308.979808 -8497220.605671
5315249.709604 -8470426.230395
5358054.270949 -8443414.855943
5374070.651599 -8433229.786483
5406045.273372 -8412768.539681
5422003.399303 -8402492.436054
5469760.347602 -8371482.648838
5485639.996036 -8361085.685118
5506782.108961 -8347176.217406
5554222.705353 -8315684.586331
5569996.294077 -8305127.409256
5596240.988423 -8287465.643940
5627660.674856 -8266162.067652
5674638.006855 -8233983.452203
5679846.380763 -8230391.551496
5685052.481091 -8226796.356252
5721431.348192 -8201537.863591
5742168.933022 -8187032.181727
5783533.640831 -8157863.606691
5804160.498885 -8143200.900333
5845302.562756 -8113719.119481
5865817.505074 -8098900.233807
5886294.879047 -8084029.477736
5932230.932296 -8050381.119295
5977974.642864 -8016471.740690
5993179.547038 -8005110.799793
6023524.527586 -7982302.441374
6068879.109584 -7947874.329232
6099006.269611 -7924779.020468
6109029.146787 -7917055.190139
6149022.680143 -7886033.228379
6188858.685079 -7854809.238684
6198792.952815 -7846971.768022
6208717.295315 -7839121.733132
6218631.696688 -7831259.146583
6223585.164491 -7827323.150371
6248315.095385 -7807596.202980
6268054.031611 -7791758.380289
6282831.895844 -7779847.258691
6317225.463995 -7751945.719434
6351495.125238 -7723892.132473
6375897.220890 -7703761.070325
6385640.207403 -7695687.048055
6409952.907820 -7675448.111969
6424509.753628 -7663267.868576
6468041.212032 -7626561.668239
6506559.828055 -7593726.305573
6549693.977890 -7556554.029185
6559250.554222 -7548260.207951
6578332.184445 -7531636.320953
6597371.682935 -7514964.196668
6630589.059188 -7485672.229545
6658957.608819 -7460447.946601
6701330.384306 -7422410.058760
6710717.097785 -7413924.469099
6724777.016611 -7401173.831012
6729458.275010 -7396917.690829
6766811.210792 -7362762.120122
6790068.824274 -7341319.047802
6817888.246404 -7315490.404583
6831761.139307 -7302536.527499
6836379.970049 -7298212.719914
6845609.420101 -7289556.342290
6854827.909263 -7280888.292948
6859433.038897 -7276549.895719
6868635.059054 -7267864.364828
6877826.081453 -7259167.196951
6896175.074130 -7241738.005959
6932740.440059 -7206740.594108
6973664.135518 -7167147.865433
6996301.904926 -7145051.410251
7036873.303981 -7105097.754691
7072745.269767 -7069389.955929
7086150.592390 -7055952.790514
7126213.196110 -7015488.969672
7148370.442199 -6992910.697349
7183673.150523 -6956639.998337
7201255.548066 -6938437.758707
7236281.866874 -6901900.082090
7266777.854956 -6869784.538595
7288473.474135 -6846762.330973
7327341.641095 -6805149.849539
7348832.490893 -6781936.376935
7370249.799313 -6758655.036006
7391593.352026 -6735306.059734
7395853.193075 -6730628.168788
7400110.073645 -6725947.583645
7425589.091655 -6697807.599647
7434058.336715 -6688406.136466
7442515.678686 -6678993.964102
7472022.443427 -6645967.243744
7476225.745138 -6641238.484480
7501382.650917 -6612810.168493
7513920.589708 -6598560.249900
7538915.213247 -6569989.148201
7563801.198073 -6541323.370391
7584456.272085 -6517363.198168
7596812.898016 -6502955.773534
7621444.000607 -6474070.693590
7637803.741966 -6454762.117941
7658184.616535 -6430568.278081
7690634.526050 -6391724.382882
7718866.605456 -6357601.617526
7750946.420520 -6318451.518072
7778853.399494 -6284062.363566
7782827.668364 -6279139.549695
7786798.821854 -6274214.222353
7814509.532241 -6239666.719507
7834209.086638 -6214914.962157
7869470.587983 -6170205.236852
7892836.573311 -6140287.519897
7923814.235343 -6100259.663636
7927672.186171 -6095245.172149
7931526.963639 -6090228.240803
7958421.422359 -6055041.574105
7988966.776139 -6014682.855293
8023085.621821 -5969095.166349
8041928.202481 -5943684.950107
8049442.711623 -5933504.195018
8064433.052649 -5913114.199755
8090541.809912 -5877340.659012
8101682.728803 -5861973.811083
8120186.046894 -5836315.495569
8134930.202681 -5815746.779006
8167913.915031 -5769331.181051
8193384.874973 -5733100.757057
8197010.476279 -5727915.786023
8200632.796412 -5722728.522166
8225897.042839 -5686353.650681
8254572.874681 -5644645.839783
8265271.831466 -5628968.071679
8268831.535300 -5623737.639758
8275941.011775 -5613270.024649
8293656.704663 -5587061.702290
8307769.510018 -5566054.775909
8325335.682223 -5539746.003049
8328838.924660 -5534477.587548
8335835.406302 -5523934.112482
8367154.243644 -5476379.265816
8374077.178868 -5465787.354294
8391325.831833 -5439269.324459
8394765.491075 -5433959.178156
8422161.677640 -5391399.880893
8432379.658798 -5375404.476864
8445956.371887 -5354047.157448
8472947.431976 -5311229.783673
8496386.572932 -5273652.927839
8509705.574997 -5252133.949822
8522970.075612 -5230581.333870
8542764.450573 -5198189.640829
8549335.233024 -5187375.740524
8562435.720963 -5165723.039845
8578734.203509 -5138610.655182
8598179.047228 -5106007.938870
8611073.458532 -5084231.888079
8627113.907384 -5056966.049819
8639884.114078 -5035116.929656
8652598.985577 -5013235.561470
8655769.047777 -5007760.197089
8671567.361297 -4980353.350767
8696664.098669 -4936398.844797
8721538.041003 -4892317.875950
8730808.199790 -4875755.139307
8740046.904959 -4859174.837265
8743119.477900 -4853644.176818
8764529.426079 -4814875.277658
8791803.843454 -4764890.888387
8809828.476157 -4731482.032164
8812820.245936 -4725907.247590
8824752.036339 -4703589.214327
8848445.983476 -4658862.916796
8863139.626034 -4630848.299116
8871913.247159 -4614017.266427
8874830.686433 -4608403.225321
8892260.678847 -4574680.318824
8918165.325201 -4523972.505706
8935274.498332 -4490085.705135
8960696.754998 -4439134.337342
8980268.799033 -4399405.902747
9002421.145257 -4353896.361126
9010668.846588 -4336801.463882
9013410.868086 -4331099.689810
9029787.191386 -4296852.717778
9046033.391926 -4262543.826421
9054107.622927 -4245366.315461
9059472.324087 -4233906.140799
9083433.848662 -4182251.728074
9104485.758253 -4136222.803208
9120121.654129 -4101631.506350
9125304.425046 -4090087.914731
9130472.584925 -4078537.774244
9150998.948912 -4032272.093623
9156093.929944 -4020689.486399
9176327.169479 -3974294.865594
9181348.767718 -3962680.255271
9201288.072889 -3916158.551400
9218541.615930 -3875369.721120
9233186.466882 -3840347.336867
9245288.879904 -3811119.720911
9254904.201968 -3787710.154223
9264460.249865 -3764276.328681
9278683.048873 -3729080.433373
9292772.138434 -3693830.800558
9313654.623963 -3640856.704889
9334235.129794 -3587764.560520
9341028.076188 -3570041.243441
9350032.986285 -3546390.158369
9354512.988637 -3534556.088877
9370074.997973 -3493092.402493
9383267.596009 -3457497.537481
9398488.048447 -3415907.259161
9402802.903153 -3404011.980657
9419911.699686 -3356376.553684
9426265.305511 -3338491.034903
9438870.617177 -3302683.980068
9443042.170466 -3290737.693407
9459577.119334 -3242900.048318
9477889.244298 -3188983.454460
9489926.638997 -3152981.507470
9499853.344032 -3122945.155120
9511639.892805 -3086860.306135
9527142.047626 -3038678.068561
9538608.513897 -3002490.236221
9546176.470933 -2978340.945192
9561128.917961 -2929985.292475
9568513.312190 -2905779.240488
9577657.620653 -2875495.522782
9579474.983771 -2869435.316452
9588504.266473 -2839117.104281
9604515.110481 -2784472.929037
9608030.803600 -2772317.456043
9615016.032358 -2747993.212784
9623660.965457 -2717563.177176
9632209.592470 -2687105.946317
9637292.506128 -2668818.680864
9649017.587010 -2626111.118285
9650677.154320 -2620005.813559
9665439.343173 -2565011.170236
9675106.728353 -2528301.761061
9679888.146296 -2509933.360710
9689346.346761 -2473169.499349
9692468.058641 -2460906.932865
9700204.431163 -2430233.320825
9713885.228671 -2374959.739492
9715385.883538 -2368813.444312
9719864.511965 -2350368.879356
9730178.440895 -2307298.747093
9734540.284643 -2288826.215915
9743158.747561 -2251856.482955
9755823.148574 -2196341.206131
9764090.376244 -2159291.347766
9769523.699541 -2134574.122419
9781519.852633 -2078910.621586
9791916.862770 -2029375.310928
9797021.314091 -2004588.080191
9804560.331802 -1967383.211287
9805803.101369 -1961179.628994
9814392.556309 -1917732.710957
9816811.336273 -1905312.359701
9820410.033299 -1886676.118967
9823973.351308 -1868033.081291
9830993.799050 -1830726.883794
9834450.903491 -1812063.858372
9842379.677450 -1768491.528085
9851204.737053 -1718652.154646
9860831.253999 -1662530.294508
9861881.136738 -1656291.171517
9865007.097662 -1637569.834564
9872162.777380 -1593863.889077
9873169.213715 -1587617.610556
9877155.433829 -1562626.166418
9883016.144665 -1525120.285190
9885893.098485 -1506359.069191
9889673.634140 -1481335.684507
9897044.662771 -1431260.613276
9905033.993018 -1374882.393935
9911025.896915 -1331001.754573
9916007.095392 -1293368.966743
9918444.113961 -1274545.549691
9920048.942323 -1261994.049870
9927074.074547 -1205487.585362
9929344.269836 -1186643.320920
9935940.194845 -1130085.149210
9941532.793536 -1079780.401306
9946870.705584 -1029447.991104
9947520.030054 -1023154.559036
9950077.506519 -997976.760382
9951332.348326 -985385.454101
9954399.738847 -953900.329824
9957367.513506 -922405.659656
9960797.308414 -884599.898653
9961908.678213 -871995.118647
9966712.428889 -815256.622074
9971193.025557 -758491.692166
9975350.322942 -701702.169432
9976664.220852 -682767.181677
9980390.244659 -625947.732890
9981174.308660 -613318.367685
9983064.547270 -581740.702582
9985881.123900 -531204.460954
9987825.676374 -493293.278252
9989912.409481 -449054.619049
9992057.314313 -398485.416910
9994164.352474 -341582.926594
9994588.579389 -328936.359734
9995947.346545 -284669.361023
9996125.451663 -278345.028012
9997406.238715 -227746.565523
9997548.329398 -221421.320887
9997820.504982 -208770.568251
9998076.672493 -196119.481340
9998847.189519 -151838.337197
9998941.253992 -145512.196087
9999199.432466 -126533.433407
9999277.486861 -120207.074503
9999351.538654 -113880.667482
9999837.883349 -56941.256854
9999991.994219 -12653.677636
10000000.000000 0.000000
