2000
185158.455896 -9997860.191530
233459.827606 -9995721.383061
260554.625570 -9993582.574591
281125.711733 -9991443.766121
296770.161734 -9989304.957652
446519.895617 -9963639.256015
629709.329755 -9929418.320500
693167.789525 -9916585.469682
781611.121158 -9897336.193455
791101.884865 -9895197.384986
852300.866278 -9880225.725698
930481.662615 -9858837.641001
1058861.852859 -9822477.897016
1161001.542846 -9790395.769971
1199715.516717 -9777562.919153
1205746.137684 -9775424.110683
1211406.631091 -9773285.302214
1237567.067662 -9762591.259865
1247209.612675 -9758313.642926
1307771.415965 -9730509.132820
1378716.617456 -9696288.197305
1396241.676679 -9687732.963426
1408600.055700 -9681316.538017
1441070.391047 -9664206.070260
1483827.171913 -9640679.177093
1540922.773439 -9608597.050048
1599592.998730 -9574376.114533
1628542.168248 -9557265.646776
1642466.871734 -9548710.412897
1659442.533333 -9538016.370549
1699564.047572 -9512350.668912
1721945.622307 -9497379.009625
1757014.454462 -9473852.116458
1804150.505744 -9441769.989413
1819640.530956 -9431075.947064
1849359.924805 -9409687.862368
1895049.536692 -9375466.926853
1936061.653907 -9343384.799808
1978428.145289 -9309163.864293
1986295.455818 -9302747.438884
2001660.376856 -9289914.588065
2029763.335274 -9266387.694899
2067995.878117 -9234305.567854
2104764.554444 -9202223.440808
2130676.025738 -9178696.547642
2139957.353163 -9170141.313763
2144568.424349 -9165863.696824
2169298.051162 -9142336.803657
2197987.797476 -9114532.293551
2236455.762053 -9076033.741097
2261603.303415 -9050368.039461
2288124.821000 -9022563.529355
2314299.252530 -8994759.019249
2320228.544411 -8988342.593840
2345367.252872 -8960538.083734
2379080.577572 -8922039.531280
2399156.212014 -8898512.638114
2428012.228209 -8864291.702599
2435082.886861 -8855736.468720
2447375.037018 -8840764.809432
2459448.277830 -8825793.150144
2471178.990316 -8810821.490857
2500509.459036 -8772322.938402
2508606.968876 -8761628.896054
2525943.464343 -8738102.002887
2552380.819621 -8701742.258903
2578663.073573 -8665382.514918
2595254.882124 -8641855.621752
2604253.288723 -8629022.770934
2627977.878148 -8594801.835419
2645425.677916 -8569136.133782
2668182.972483 -8534915.198268
2693577.248723 -8496416.645813
2697764.289157 -8490000.220404
2715620.721852 -8462195.710298
2738517.034542 -8425835.966314
2761324.442544 -8389476.222329
2773153.576131 -8370226.946102
2788905.717160 -8344561.244466
2812325.511347 -8306062.692012
2820083.179610 -8293229.841193
2842982.406079 -8254731.288739
2848052.305056 -8246176.054860
2860695.867647 -8224787.970164
2879591.443523 -8192705.843118
2883306.677069 -8186289.417709
2889388.285605 -8175595.375361
2901450.883165 -8154207.290664
2920592.476816 -8119986.355149
2926484.156183 -8109292.312801
2927659.764728 -8107153.504331
2929962.908930 -8102875.887392
2933367.197786 -8096459.461983
2943500.257276 -8077210.185756
2963721.187398 -8038711.633301
2972678.293396 -8021601.165544
2974900.259987 -8017323.548604
2985936.866337 -7995935.463908
2999166.250397 -7970269.762271
3011187.477810 -7946742.869105
3014402.757718 -7940326.443696
3024916.764366 -7918938.358999
3037414.512604 -7893272.657363
3040493.633873 -7886856.231954
3050641.401178 -7865468.147257
3061634.064691 -7841941.254090
3073469.445874 -7816275.552454
3088057.835333 -7784193.425409
3089983.758770 -7779915.808470
3105150.908407 -7745694.872955
3108891.473262 -7737139.639076
3125546.683501 -7698641.086622
3126458.826026 -7696502.278152
3138171.926318 -7668697.768046
3151598.557961 -7636615.641001
3167665.375663 -7598117.088547
3175653.969051 -7578867.812320
3188057.580548 -7548924.493744
3194219.268311 -7533952.834456
3208951.190646 -7497593.090472
3214108.184203 -7484760.239654
3224319.855897 -7459094.538017
3239595.955124 -7420595.985563
3248798.322737 -7397069.092397
3257126.915582 -7375681.007700
3262941.401790 -7360709.348412
3266237.581750 -7352154.114533
3268694.508021 -7345737.689124
3275994.532237 -7326488.412897
3285626.695207 -7300822.711261
3286423.833879 -7298683.902791
3296671.318067 -7270879.392685
3306814.226758 -7243074.882579
3309911.342671 -7234519.648701
3319093.482616 -7208853.947064
3319850.998948 -7206715.138595
3333361.838002 -7168216.586141
3335580.359085 -7161800.160731
3342186.886614 -7142550.884504
3352330.318040 -7112607.565929
3353051.327023 -7110468.757459
3364494.523925 -7076247.821944
3370170.243504 -7059137.354187
3371570.007345 -7054859.737247
3377129.137119 -7037749.269490
3388784.608673 -7001389.525505
3399617.606867 -6967168.589990
3405687.418537 -6947919.313763
3414373.434796 -6920114.803657
3426233.999109 -6881616.251203
3432747.737617 -6860228.166506
3433393.661292 -6858089.358037
3438537.502422 -6840978.890279
3443623.181868 -6823868.422522
3449310.131619 -6804619.146295
3453687.020323 -6789647.487007
3459888.482121 -6768259.402310
3462346.994281 -6759704.168431
3465401.943361 -6749010.126083
3466622.113879 -6744732.509143
3475075.433252 -6714789.190568
3479859.953797 -6697678.722810
3486963.582164 -6672013.021174
3489914.802095 -6661318.978826
3498124.252412 -6631375.660250
3504532.534293 -6607848.767084
3512008.076006 -6580044.256978
3513152.378703 -6575766.640038
3517680.597904 -6558656.172281
3521054.984553 -6545823.321463
3522170.203356 -6541545.704524
3523277.529232 -6537268.087584
3528214.847806 -6518018.811357
3534728.675475 -6492353.109721
3535266.937439 -6490214.301251
3541154.723641 -6466687.408085
3546989.270374 -6443160.514918
3549615.609492 -6432466.472570
3554300.563740 -6413217.196343
3555340.223392 -6408939.579403
3556888.963555 -6402523.153994
3561490.537024 -6383273.877767
3564551.924399 -6370441.026949
3572643.031144 -6336220.091434
3577163.195722 -6316970.815207
3581680.267465 -6297721.538980
3583671.456056 -6289166.305101
3591576.697997 -6254945.369586
3598932.612649 -6222863.242541
3606243.720593 -6190781.115496
3609140.563542 -6177948.264678
3614883.589996 -6152282.563041
3618673.772450 -6135172.095284
3621014.163286 -6124478.052936
3627062.584110 -6096673.542830
3631213.692259 -6077424.266603
3639510.362520 -6038925.714148
3643636.596022 -6019676.437921
3644542.603586 -6015398.820982
3647237.235635 -6002565.970164
3653938.134795 -5970483.843118
3656145.284658 -5959789.800770
3664075.266855 -5921291.248316
3665390.826937 -5914874.822907
3671457.580892 -5884931.504331
3677464.669815 -5854988.185756
3684249.123409 -5820767.250241
3691391.652079 -5784407.506256
3692645.502763 -5777991.080847
3699280.337081 -5743770.145332
3699692.848418 -5741631.336862
3707069.646224 -5703132.784408
3714398.393602 -5664634.231954
3721252.536891 -5628274.487969
3722450.317287 -5621858.062560
3729171.733992 -5585498.318576
3732688.687342 -5566249.042348
3738535.045511 -5534166.915303
3742780.767704 -5510640.022137
3749719.288840 -5472141.469682
3750874.207070 -5465725.044273
3753161.646006 -5452892.193455
3755050.597376 -5442198.151107
3760662.556208 -5410116.024062
3763257.792826 -5395144.364774
3763993.540554 -5390866.747834
3765822.206281 -5380172.705486
3767633.172857 -5369478.663138
3768718.344724 -5363062.237729
3770149.380344 -5354507.003850
3775508.809626 -5322424.876805
3777992.101563 -5307453.217517
3779758.993712 -5296759.175168
3785372.857759 -5262538.239654
3785721.229728 -5260399.431184
3787796.597237 -5247566.580366
3791933.886508 -5221900.878730
3794001.189073 -5209068.027911
3796409.913479 -5194096.368624
3801911.997058 -5159875.433109
3803612.525825 -5149181.390760
3808343.178854 -5119238.072185
3809354.259105 -5112821.646776
3814023.815642 -5082878.328200
3818981.555678 -5050796.201155
3821940.750597 -5031546.924928
3823575.140531 -5020852.882579
3826486.524131 -5001603.606352
3830980.027817 -4971660.287777
3836727.294078 -4933161.735322
3842137.569294 -4896801.991338
3847509.085641 -4860442.247353
3849079.669323 -4849748.205005
3852192.170809 -4828360.120308
3854054.782335 -4815527.269490
3857460.626314 -4792000.376323
3858388.883897 -4785583.950914
3859006.505729 -4781306.333975
3861462.442914 -4764195.866218
3863286.328155 -4751363.015399
3863889.110217 -4747085.398460
3867193.508021 -4723558.505294
3870765.170541 -4697892.803657
3874603.917006 -4670088.293551
3878702.540655 -4640144.974976
3883620.387371 -4603785.230991
3884483.642367 -4597368.805582
3888754.198757 -4565286.678537
3889316.807951 -4561009.061598
3891845.167404 -4541759.785371
3892124.784027 -4539620.976901
3894061.226012 -4524649.317613
3895995.070413 -4509677.658325
3899567.247233 -4481873.148219
3902585.796666 -4458346.255053
3905590.161597 -4434819.361886
3909377.978363 -4404876.043311
3913433.614516 -4372793.916266
3917739.215279 -4338572.980751
3918272.699938 -4334295.363811
3922494.470210 -4300074.428296
3923548.478104 -4291519.194418
3925905.507568 -4272269.918191
3929812.511735 -4240187.791145
3933175.519696 -4212383.281039
3936254.419252 -4186717.579403
3938792.111287 -4165329.494706
3941833.150422 -4139663.793070
3943093.280444 -4128969.750722
3946090.539996 -4103304.049086
3947824.456338 -4088332.389798
3952026.630959 -4051972.645813
3956190.958233 -4015612.901829
3957658.672547 -4002780.051011
3960563.491761 -3977114.349374
3964872.075131 -3938615.796920
3966770.883559 -3921505.329163
3968425.316630 -3906533.669875
3971935.557633 -3874451.542830
3972632.634952 -3868035.117421
3975855.650367 -3838091.798845
3979518.080939 -3803870.863330
3980887.561717 -3791038.012512
3984267.242101 -3758955.885467
3984939.771647 -3752539.460058
3988046.582760 -3722596.141482
3990485.877128 -3699069.248316
3991363.901545 -3690514.014437
3993327.945931 -3671264.738210
3993974.038336 -3664848.312801
3996960.361612 -3634904.994225
3997384.774289 -3630627.377286
3997594.628083 -3628488.568816
4000310.542718 -3600684.058710
4002377.919800 -3579295.974013
4005680.757867 -3545075.038499
4008770.192635 -3512992.911453
4010395.654611 -3495882.443696
4012206.334412 -3476633.167469
4014607.722965 -3450967.465833
4015007.648851 -3446689.848893
4016589.072556 -3429579.381136
4017176.648798 -3423162.955727
4020498.536314 -3386803.211742
4022631.398866 -3363276.318576
4023781.260495 -3350443.467757
4027198.553205 -3311944.915303
4029275.424556 -3288418.022137
4031332.689183 -3264891.128970
4034315.593436 -3230670.193455
4035786.969764 -3213559.725698
4035970.303397 -3211420.917228
4037980.509422 -3187894.024062
4039608.083099 -3168644.747834
4041757.171231 -3142979.046198
4043526.287447 -3121590.961501
4045980.771054 -3091647.642926
4048415.067969 -3061704.324350
4051331.939064 -3025344.580366
4052014.254999 -3016789.346487
4052182.268099 -3014650.538017
4052517.725832 -3010372.921078
4053185.234614 -3001817.687199
4055002.197500 -2978290.794033
4057471.400639 -2946208.666987
4059429.851156 -2920542.965351
4060733.233883 -2903432.497594
4063488.589168 -2867072.753609
4064129.621218 -2858517.519731
4065716.840177 -2837129.435034
4066505.574582 -2826435.392685
4069182.541831 -2790075.648701
4071204.373610 -2762271.138595
4071981.308700 -2751577.096246
4074454.217656 -2717356.160731
4077218.837349 -2678857.608277
4077521.062159 -2674579.991338
4078426.912871 -2661747.140520
4080519.456824 -2631803.821944
4081561.898790 -2616832.162656
4081708.772480 -2614693.354187
4084045.689763 -2580472.418672
4085343.107074 -2561223.142445
4087763.898637 -2524863.398460
4088607.782901 -2512030.547642
4090003.503033 -2490642.462945
4091515.208204 -2467115.569779
4093707.634447 -2432894.634264
4094384.094165 -2422200.591915
4095599.324171 -2402951.315688
4096395.127316 -2390118.464870
4096785.884565 -2383702.039461
4098453.466761 -2355897.529355
4100620.741167 -2319537.785371
4102901.323013 -2281039.232916
4104778.224093 -2248957.105871
4104902.827694 -2246818.297401
4105273.503884 -2240401.871992
4106133.850299 -2225430.212705
4107352.497990 -2204042.128008
4108691.579309 -2180515.234841
4110379.489439 -2150571.916266
4111578.651323 -2129183.831569
4112056.241867 -2120628.597690
4114191.413423 -2082130.045236
4114896.155508 -2069297.194418
4115359.791298 -2060741.960539
4117191.683917 -2026521.025024
4117305.663218 -2024382.216554
4117531.055562 -2020104.599615
4117972.627842 -2011549.365736
4118190.862113 -2007271.748797
4118516.302440 -2000855.323388
4118836.020671 -1994438.897979
4120191.805371 -1966634.387873
4121127.009912 -1947385.111646
4121839.365088 -1932413.452358
4122841.903221 -1911025.367661
4123534.003086 -1896053.708373
4124898.887015 -1866110.389798
4126067.283990 -1840444.688162
4126733.087832 -1825473.028874
4126826.705474 -1823334.220404
4128308.644639 -1789113.284889
4129859.949928 -1752753.540905
4130931.164862 -1727087.839269
4132444.506640 -1690728.095284
4133843.087225 -1656507.159769
4134101.985483 -1650090.734360
4134271.131340 -1645813.117421
4134766.757093 -1632980.266603
4135656.498448 -1609453.373436
4136613.888968 -1583787.671800
4137808.790052 -1551705.544755
4138121.557177 -1543150.310876
4138350.636866 -1536733.885467
4139634.244210 -1500374.141482
4140297.363585 -1481124.865255
4140591.110342 -1472569.631376
4141319.399006 -1451181.546680
4141673.225141 -1440487.504331
4142789.955640 -1406266.568816
4143964.130645 -1369906.824832
4145179.073091 -1331408.272377
4145244.517523 -1329269.463908
4145947.172794 -1305742.570741
4146257.537531 -1295048.528393
4146617.724438 -1282215.677575
4147559.034104 -1247994.742060
4147787.175225 -1239439.508181
4148568.922709 -1209496.189605
4149177.893427 -1185969.296439
4149871.196688 -1158164.786333
4150755.524662 -1121805.042348
4150961.695212 -1113249.808470
4151309.992408 -1098278.149182
4151752.450239 -1079028.872955
4151801.136601 -1076890.064485
4151942.205591 -1070473.639076
4151988.516323 -1068334.830606
4152034.233776 -1066196.022137
4152124.245450 -1061918.405197
4152885.313509 -1025558.661213
4153017.841679 -1019142.235804
4153494.655793 -995615.342637
4154268.501973 -957116.790183
4154310.783108 -954977.981713
4154518.638805 -944283.939365
4155232.867316 -905785.386910
4155835.614726 -871564.451396
4155871.634824 -869425.642926
4156225.940849 -848037.558229
4156471.479817 -833065.898941
4156888.161283 -807400.197305
4156953.839306 -803122.580366
4157271.637324 -781734.495669
4157651.583074 -756068.794033
4158131.833544 -721847.858518
4158368.197224 -704737.390760
4158624.588198 -685488.114533
4158784.241882 -672655.263715
4159046.809981 -651267.179018
4159463.256555 -614907.435034
4159532.525767 -608491.009625
4159681.028396 -593519.350337
4159834.817564 -576408.882579
4160074.452566 -546465.564004
4160340.832701 -512244.628489
4160592.238626 -478023.692974
4160788.903259 -450219.182868
4160832.884005 -443802.757459
4161037.516441 -409581.821944
4161086.804275 -401026.588065
4161270.865267 -366805.652551
4161302.221515 -360389.227141
4161413.338526 -336862.333975
4161509.033981 -313335.440808
4161565.842602 -298363.781521
4161620.488281 -281253.313763
4161662.054262 -264142.846006
4161687.623765 -251309.995188
4161732.281762 -219227.868142
4161748.918728 -187145.741097
4161755.048130 -172174.081809
4161759.718142 -137953.146295
4161758.375507 -135814.337825
4161741.154317 -125120.295476
4161659.890740 -90899.359962
4161640.800084 -84482.934552
4161633.151792 -82344.126083
4161503.179960 -52400.807507
4161392.816425 -31012.722810
4161293.305651 -13902.255053
4161235.132425 -5347.021174
4160967.037861 33151.531280
4160869.953138 45984.382098
4160746.039828 60956.041386
4160471.991045 90899.359961
4160410.807000 97315.785371
4160205.688913 118703.870067
4159837.072490 155063.614052
4159460.487644 191423.358037
4159040.651910 229921.910491
4158726.766791 257726.420597
4158548.719352 272698.079884
4158067.645271 311196.632339
4157981.829161 317613.057748
4157477.558176 353972.801732
4156953.299593 390332.545717
4156397.037591 426692.289702
4156263.326774 435247.523580
4155846.645308 460913.225217
4155775.548335 465190.842156
4155379.327256 488717.735322
4155016.767759 510105.820019
4154616.655001 533632.713186
4154427.116078 544326.755534
4154112.516902 561437.223292
4153909.983190 572131.265640
4153540.101310 591380.541867
4153199.011280 608491.009625
4152618.559203 636295.519731
4151782.829670 674794.072185
4151260.351234 698320.965351
4151162.740732 702598.582291
4150425.311014 734680.709336
4149680.744480 766762.836381
4149630.868754 768901.644851
4149479.099185 775318.070260
4149220.790262 786012.112608
4148742.958463 805261.388835
4148192.933455 826649.473532
4147192.133163 865148.025987
4146467.778946 892952.536092
4145964.150926 912201.812320
4145334.129648 935728.705486
4144631.023873 961394.407122
4143616.613011 997754.151107
4142698.136832 1029836.278152
4142574.231361 1034113.895091
4141879.521286 1057640.788258
4141229.900043 1079028.872955
4141030.308659 1085445.298364
4140828.180783 1091861.723773
4140145.959038 1113249.808470
4140076.405622 1115388.616939
4140006.246492 1117527.425409
4139724.640400 1126082.659288
4139002.425980 1147470.743985
4138853.849346 1151748.360924
4138250.773822 1168858.828681
4137476.188139 1190246.913378
4137238.309846 1196663.338787
4136759.614586 1209496.189605
4135623.782096 1239439.508181
4134397.614710 1271521.635226
4133574.029268 1292909.719923
4132053.933782 1331408.272377
4131968.004639 1333547.080847
4131707.995035 1339963.506256
4130232.507413 1376323.250241
4130145.343344 1378462.058710
4129795.203647 1387017.292589
4128360.967319 1421238.228104
4126725.116399 1459736.780558
4125996.084265 1476847.248316
4125164.733611 1496096.524543
4124513.770656 1511068.183831
4123107.636277 1543150.310876
4123012.646326 1545289.119346
4121561.542277 1577371.246391
4120589.130858 1598759.331088
4119607.945726 1620147.415784
4119018.482085 1632980.266602
4118719.229669 1639396.692012
4117608.130591 1662923.585178
4117505.356247 1665062.393648
4116985.165763 1675756.435996
4115621.152050 1703560.946102
4114990.087055 1716393.796920
4114568.363203 1724949.030799
4112952.615735 1757031.157844
4111423.191118 1786974.476420
4109546.508929 1823334.220404
4108986.231004 1834028.262753
4107635.414971 1859693.964389
4106043.300453 1889637.282964
4105465.043881 1900331.325313
4103939.781711 1928135.835419
4102396.030779 1955940.345525
4101561.154306 1970912.004812
4100349.008959 1992300.089509
4098637.435430 2022243.408085
4098140.066598 2030798.641963
4097635.368872 2039353.875842
4096617.576631 2056464.343600
4095970.272418 2067158.385948
4093606.699928 2105656.938402
4092941.541150 2116350.980751
4092807.180997 2118489.789220
4091857.338619 2133461.448508
4089677.733435 2167682.384023
4089131.764243 2176237.617902
4088439.270199 2186931.660250
4087876.142396 2195486.894129
4087167.517788 2206180.936477
4087023.495747 2208319.744947
4084982.498795 2238263.063523
4083664.310657 2257512.339750
4081895.286862 2283178.041386
4081147.265346 2293872.083734
4078880.579276 2325954.210780
4076732.251026 2355897.529355
4075643.572376 2370869.188643
4075330.580109 2375146.805582
4074387.436509 2387979.656400
4071841.190812 2422200.591915
4070235.812522 2443588.676612
4068147.001148 2471393.186718
4065372.529582 2507752.930703
4064545.223848 2518446.973051
4063878.282249 2527002.206930
4062376.387490 2546251.483157
4060697.677875 2567639.567854
4059689.599278 2580472.418672
4056999.114792 2614693.354187
4055140.012799 2638220.247353
4054631.702242 2644636.672762
4053771.649232 2655330.715111
4052907.290728 2666024.757459
4049936.660562 2702384.501444
4046941.471597 2738744.245428
4046409.431808 2745160.670837
4043725.255599 2777242.797883
4040477.998533 2815741.350337
4037741.211384 2847823.477382
4037557.289343 2849962.285852
4036997.550614 2856378.711261
4036808.595264 2858517.519731
4033583.688006 2894877.263715
4032060.113786 2911987.731473
4030709.155847 2926959.390760
4027585.090975 2961180.326275
4026213.020597 2976151.985563
4025426.557338 2984707.219442
4023237.035079 3008234.112608
4021824.436304 3023205.771896
4018997.090676 3053149.090472
4017365.466640 3070259.558229
4016125.971551 3083092.409047
4013201.140406 3113035.727623
4011312.456264 3132285.003850
4008790.455946 3157950.705486
4008365.413891 3162228.322425
4007512.178670 3170783.556304
4005352.192403 3192171.641001
4004919.559918 3196449.257940
4002103.316543 3224253.768046
4000802.557760 3237086.618864
3997290.460092 3271307.554379
3993961.733899 3303389.681424
3990380.091127 3337610.616939
3986303.977366 3376109.169394
3983582.656784 3401774.871030
3982899.878511 3408191.296439
3981303.296209 3423162.955727
3980615.114342 3429579.381136
3976450.485748 3468077.933590
3976216.967500 3470216.742060
3972945.389852 3500160.060635
3972002.002628 3508715.294514
3968686.116676 3538658.613090
3964380.562486 3577157.165544
3962935.260846 3589990.016362
3960765.787236 3609239.292589
3959062.991397 3624210.951877
3958574.094442 3628488.568816
3957833.049348 3634904.994225
3955581.990983 3654154.270452
3951793.769013 3686236.397498
3949000.385444 3709763.290664
3947214.198906 3724734.949952
3946957.447896 3726873.758422
3944384.651496 3748261.843118
3941295.179338 3773927.544755
3939210.020907 3791038.012512
3936580.374826 3812426.097209
3932091.693057 3848785.841193
3930759.788499 3859479.883542
3926494.803264 3893700.819057
3922447.375979 3925782.946102
3919443.011047 3949309.839269
3915583.105320 3979253.157844
3910580.252289 4017751.710298
3910300.635666 4019890.518768
3907777.342683 4039139.794995
3906930.040109 4045556.220404
3904386.434979 4064805.496631
3901818.974996 4084054.772859
3899510.834303 4101165.240616
3897185.777448 4118275.708373
3895721.013541 4128969.750722
3894833.390435 4135386.176131
3891252.286199 4161051.877767
3886731.420734 4193134.004812
3886429.433673 4195272.813282
3883707.969083 4214522.089509
3880961.327444 4233771.365736
3879121.792206 4246604.216554
3878506.193467 4250881.833494
3877273.378862 4259437.067372
3874481.292522 4278686.343600
3870413.781914 4306490.853705
3865401.055462 4340711.789220
3860977.453764 4370655.107796
3860022.075378 4377071.533205
3859703.407819 4379210.341675
3857776.363282 4392043.192493
3855506.040514 4407014.851781
3855180.013240 4409153.660250
3853209.783856 4421986.511068
3850551.857776 4439096.978826
3846215.840992 4466901.488932
3845546.589339 4471179.105871
3842176.321838 4492567.190568
3837757.817473 4520371.700674
3832301.972405 4554592.636189
3829549.144513 4571703.103946
3824716.038198 4601646.422522
3824368.569067 4603785.230991
3819450.062243 4633728.549567
3813773.966387 4667949.485082
3810913.750222 4685059.952839
3805185.895201 4719280.888354
3803036.556468 4732113.739172
3799088.430179 4755640.632339
3794395.156383 4783445.142445
3787867.217213 4821943.694899
3783495.460784 4847609.396535
3779078.110683 4873275.098171
3778709.759371 4875413.906641
3775366.527196 4894663.182868
3774241.948518 4901079.608277
3767424.043574 4939578.160731
3763594.273097 4960966.245428
3757800.887893 4993048.372474
3753145.042344 5018714.074110
3746888.612155 5052935.009625
3745711.709037 5059351.435034
3739410.333446 5093572.370549
3736651.686424 5108544.029836
3734285.591998 5121376.880654
3730329.241935 5142764.965351
3725974.421764 5166291.858518
3723572.606251 5179124.709336
3720338.696462 5196235.177093
3719931.011504 5198373.985563
3713811.740306 5230456.112608
3711763.968963 5241150.154957
3708476.805705 5258260.622714
3703082.471563 5286065.132820
3702665.342370 5288203.941290
3696771.669672 5318147.259865
3692542.512933 5339535.344562
3686574.817932 5369478.663138
3679294.885019 5405838.407122
3675438.265551 5425087.683349
3674145.935917 5431504.108758
3671126.524019 5446475.768046
3668531.624627 5459308.618864
3665035.035377 5476419.086622
3657530.725844 5512778.830606
3656638.457207 5517056.447546
3650338.438513 5546999.766121
3649883.621485 5549138.574591
3644363.581666 5574804.276227
3640184.616075 5594053.552454
3632670.195076 5628274.487969
3625084.727291 5662495.423484
3616954.260415 5698855.167469
3613565.450342 5713826.826756
3607259.148431 5741631.336862
3605310.841426 5750186.570741
3604819.111881 5752325.379211
3601854.646153 5765158.230029
3593409.401386 5801517.974013
3591407.299924 5810073.207892
3588400.036959 5822906.058710
3587394.868023 5827183.675650
3583845.276857 5842155.334937
3582829.015860 5846432.951877
3575196.573974 5878515.078922
3565968.032245 5917013.631376
3562334.258554 5931985.290664
3559191.397512 5944818.141482
3552879.412897 5970483.843118
3547575.279504 5991871.927815
3547039.276222 5994010.736285
3541089.224992 6017537.629451
3532410.230054 6051758.564966
3527472.911480 6071007.841193
3523065.521541 6088118.308951
3516449.754856 6113784.010587
3513132.484673 6126616.861405
3511470.317237 6133033.286814
3510913.104262 6135172.095284
3507557.909682 6148004.946102
3504739.889850 6158698.988450
3503608.644917 6162976.605390
3497895.351246 6184364.690087
3487537.138145 6222863.242541
3484651.542941 6233557.284889
3479987.594575 6250667.752647
3469953.446808 6287027.496631
3468763.435564 6291305.113571
3466973.182384 6297721.538980
3461598.485058 6316970.815207
3453731.593851 6344775.325313
3453124.210384 6346914.133782
3449469.114266 6359746.984601
3442099.056234 6385412.686237
3439627.704213 6393967.920115
3428398.112897 6432466.472570
3426506.741037 6438882.897979
3415115.680590 6477381.450433
3413833.622353 6481659.067372
3406070.709311 6507324.769009
3394920.653294 6543684.512993
3388295.773196 6565072.597690
3381002.771840 6588599.490857
3370933.602665 6620681.617902
3369575.232487 6624959.234841
3358614.009551 6659180.170356
3346912.506700 6695539.914341
3344817.870453 6701956.339750
3339875.457005 6716927.999038
3332102.583045 6740454.892204
3327838.946757 6753287.743022
3316340.126050 6787508.678537
3307631.595345 6813174.380173
3301773.540523 6830284.847931
3295876.920698 6847395.315688
3284710.843351 6879477.442733
3271278.244046 6917975.995188
3268263.315340 6926531.229066
3265967.780354 6932947.654475
3261322.106485 6945780.505294
3253519.869030 6967168.589990
3248011.444359 6982140.249278
3241645.338701 6999250.717036
3228070.531172 7035610.461020
3224865.375735 7044165.694899
3217597.138260 7063414.971126
3205355.608952 7095497.098171
3200380.604097 7108329.948989
3193681.994858 7125440.416747
3184329.743741 7148967.309913
3174883.847715 7172494.203080
3170550.929382 7183188.245428
3160026.993843 7208853.947064
3153848.167303 7223825.606352
3144011.180808 7247352.499519
3141292.828261 7253768.924928
3125623.050689 7290128.668912
3123747.331112 7294406.285852
3111399.915056 7322210.795958
3097054.787677 7354292.923003
3095125.051889 7358570.539942
3094157.312282 7360709.348412
3080500.712461 7390652.666987
3068617.528596 7416318.368624
3057713.606412 7439845.261790
3047780.889606 7461233.346487
3045790.319816 7465510.963426
3028644.990383 7501870.707411
3014260.834223 7531814.025987
2996462.339679 7568173.769971
2977557.121042 7606672.322425
2969110.203177 7623782.790183
2960545.320158 7640893.257940
2945443.458857 7670836.576516
2930193.622001 7700779.895091
2914708.336797 7730723.213667
2913589.942436 7732862.022137
2901205.091949 7756388.915303
2893225.881346 7771360.574591
2875932.623023 7803442.701636
2868991.609195 7816275.552454
2863106.755373 7826969.594803
2855945.482261 7839802.445621
2839157.161168 7869745.764196
2830683.288595 7884717.423484
2811129.033602 7918938.358999
2798759.877550 7940326.443696
2792453.617859 7951020.486044
2784715.362424 7963853.336862
2783412.620281 7965992.145332
2762542.404822 8000213.080847
2738823.812519 8038711.633301
2736171.516424 8042989.250241
2726731.361116 8057960.909528
2707777.120858 8087904.228104
2695528.340621 8107153.504331
2694154.768875 8109292.312801
2671883.580800 8143513.248316
2654792.327264 8169178.949952
2651939.894610 8173456.566891
2633271.664129 8201261.076997
2618630.181557 8222649.161694
2592201.648416 8261147.714148
2571588.367952 8291091.032724
2559792.783511 8308201.500481
2540296.235880 8336006.010587
2515704.358427 8370226.946102
2495337.417671 8398031.456208
2492175.890423 8402309.073147
2484224.481323 8413003.115496
2463362.532830 8440807.625602
2442341.169112 8468612.135707
2440714.201705 8470750.944177
2412448.439976 8507110.688162
2407397.081840 8513527.113571
2405705.253011 8515665.922040
2390081.287183 8534915.198268
2388301.830152 8537054.006737
2357381.410498 8573413.750722
2335368.025428 8599079.452358
2307804.028056 8631161.579403
2296605.413819 8643994.430221
2283117.774438 8658966.089509
2277253.184260 8665382.514918
2265502.626783 8678215.365736
2259562.416766 8684631.791145
2241675.926375 8703881.067372
2211418.070588 8735963.194418
2189145.525920 8759490.087584
2185034.158495 8763767.704524
2161664.676480 8787294.597690
2146555.500482 8802266.256978
2135632.395128 8812960.299326
2107001.042678 8840764.809432
2072925.285347 8872846.936477
2052086.872452 8892096.212705
2021196.159017 8919900.722810
2004152.711036 8934872.382098
1964665.809529 8969093.317613
1944832.372541 8986203.785371
1906599.829698 9018285.912416
1886113.268314 9035396.380173
1870070.078999 9048229.230991
1853457.302634 9061062.081809
1836097.081171 9073894.932628
1812702.668897 9091005.400385
1797923.213363 9101699.442733
1755392.789177 9131642.761309
1721121.024451 9155169.654475
1704945.636405 9165863.696824
1664454.337988 9191529.398460
1661005.929212 9193668.206930
1606185.289238 9225750.333975
1583347.048627 9238583.184793
1527952.079358 9268526.503369
1523863.176853 9270665.311838
1493908.032700 9285636.971126
1426585.552026 9317719.098171
1356706.548229 9349801.225217
1271412.671886 9388299.777671
1207622.723827 9416104.287777
1157210.545359 9437492.372474
1097393.618173 9461019.265640
1080057.412886 9467435.691049
1004821.301322 9493101.392685
887622.330753 9529461.136670
879859.000588 9531599.945140
744251.769372 9565820.880654
624954.497721 9593625.390760
499235.837352 9619291.092397
412134.094849 9636401.560154
200576.470819 9670622.495669
157856.649406 9677038.921078
-105210.353140 9715537.473532
-379092.618102 9754036.025987
-669606.326402 9790395.769971
-895236.099432 9818200.280077
-1188666.277521 9848143.598653
-1535810.799621 9880225.725698
-1970498.977258 9918724.278152
-2240717.618594 9937973.554379
-3040585.644167 9976472.106833
-3282092.502718 9987166.149182
-3726469.854754 9999999.000000
-4847976.177072 9997839.872503
-4966027.985401 9993521.617511
-5286444.624039 9971930.342546
-5502098.494988 9950339.067581
-5730530.157926 9926588.665119
-5914359.694450 9904997.390154
-6067962.022689 9883406.115189
-6189541.797821 9863973.967721
-6314110.829866 9840223.565260
-6324686.913866 9838064.437763
-6344527.704445 9833746.182770
-6404419.495265 9818632.290295
-6463857.012336 9803518.397819
-6522406.310204 9788404.505344
-6641146.490079 9753858.465400
-6702261.212803 9734426.317932
-6788430.807752 9704198.532981
-6882258.894478 9669652.493037
-6898332.431757 9663175.110547
-6903516.102185 9661015.983051
-6985691.418829 9626469.943107
-7048415.915002 9598401.285653
-7076280.403837 9585446.520674
-7093763.692904 9576810.010688
-7137131.525324 9555218.735723
-7191806.066586 9527150.078268
-7195933.814328 9524990.950772
-7248047.813339 9496922.293317
-7298879.224346 9468853.635863
-7313686.124829 9460217.125877
-7328346.444217 9451580.615891
-7374916.421235 9423511.958437
-7381792.443720 9419193.703444
-7408073.882845 9401920.683472
-7449550.926363 9373852.026017
-7505844.785017 9334987.731081
-7549139.371160 9304759.946130
-7558314.172771 9298282.563640
-7609455.933088 9261577.396200
-7641500.614302 9237826.993739
-7652912.315205 9229190.483753
-7697408.352271 9194644.443809
-7719600.398252 9177371.423837
-7757953.898106 9147143.638886
-7792703.694283 9119074.981431
-7816024.847277 9099642.833963
-7826197.991915 9091006.323977
-7858008.313579 9062937.666523
-7874836.614199 9047823.774047
-7917089.742373 9008959.479110
-7949673.882137 8978731.694160
-7965931.388141 8963617.801684
-7988439.538263 8942026.526719
-7992904.382391 8937708.271726
-8032362.000601 8898843.976789
-8058250.944915 8872934.446831
-8074916.209147 8855661.426860
-8087367.487392 8842706.661881
-8112128.349877 8816797.131923
-8116224.075292 8812478.876930
-8142114.175036 8784410.219475
-8153933.280109 8771455.454496
-8173142.918671 8749864.179531
-8182646.532870 8739068.542049
-8195744.383529 8723954.649574
-8229021.087917 8685090.354637
-8256284.579388 8652703.442189
-8284788.664267 8618157.402245
-8307350.289280 8590088.744791
-8317663.348344 8577133.979812
-8341612.089729 8546906.194861
-8365522.710409 8516678.409910
-8387240.941157 8488609.752456
-8410059.537977 8458381.967505
-8421163.506873 8443268.075030
-8438331.232510 8419517.672568
-8450725.893866 8402244.652596
-8461523.995577 8387130.760121
-8472228.802937 8372016.867645
-8487155.336422 8350425.592681
-8509172.282286 8318038.680233
-8516331.987242 8307243.042751
-8534648.198561 8279174.385296
-8547045.841215 8259742.237828
-8571424.281055 8220877.942891
-8595677.081909 8182013.647954
-8611680.488981 8156104.117996
-8628712.514620 8128035.460542
-8631287.413536 8123717.205549
-8641448.328914 8106444.185577
-8646467.232548 8097807.675591
-8658999.292343 8076216.400626
-8671425.900655 8054625.125661
-8689954.323481 8022238.213214
-8704618.967597 7996328.683256
-8716625.578030 7974737.408291
-8729649.967503 7950987.005830
-8731969.711387 7946668.750837
-8741154.707925 7929395.730865
-8760369.382831 7892690.563424
-8762605.044133 7888372.308431
-8780392.261114 7853826.268488
-8789122.718902 7836553.248516
-8806415.220493 7802007.208572
-8825703.608867 7763142.913635
-8826761.640478 7760983.786138
-8840400.855659 7732915.128684
-8841440.214404 7730756.001188
-8849720.617309 7713482.981216
-8862038.957099 7687573.451258
-8868104.244445 7674618.686279
-8876053.457193 7657345.666307
-8883900.035343 7640072.646335
-8884871.185711 7637913.518838
-8890646.712347 7624958.753859
-8894485.763959 7616322.243873
-8904910.326469 7592571.841412
-8917088.389728 7564503.183958
-8918012.704814 7562344.056461
-8933533.717256 7525638.889021
-8944356.797484 7499729.359063
-8952354.229363 7480297.211595
-8954985.897551 7473819.829105
-8965502.929749 7447910.299147
-8966375.350960 7445751.171651
-8968102.818608 7441432.916658
-8978448.859759 7415523.386700
-8980145.479394 7411205.131707
-8995319.860118 7372340.836770
-9001184.375068 7357226.944295
-9006166.810649 7344272.179316
-9006994.294339 7342113.051819
-9020083.963958 7307567.011875
-9034745.758239 7268702.716938
-9036364.964298 7264384.461945
-9049927.708880 7227679.294505
-9053862.536133 7216883.657023
-9060867.534521 7197451.509554
-9066233.977117 7182337.617079
-9075296.623694 7156428.087121
-9082817.613066 7134836.812156
-9093320.917065 7104609.027205
-9097763.468245 7091654.262226
-9110330.096240 7054949.094786
-9119164.470773 7029039.564828
-9127920.065107 7003130.034870
-9136605.013275 6977220.504912
-9138750.181205 6970743.122423
-9142280.022726 6959947.484940
-9151421.178810 6931878.827486
-9155623.464313 6918924.062507
-9168160.664032 6880059.767570
-9179173.957244 6845513.727626
-9189458.519100 6813126.815179
-9190139.349752 6810967.687682
-9197524.450914 6787217.285221
-9206815.490142 6756989.500270
-9213401.190070 6735398.225305
-9217997.084760 6720284.332830
-9219962.241827 6713806.950340
-9224488.638033 6698693.057865
-9227045.961180 6690056.547879
-9236549.694975 6657669.635431
-9244056.542281 6631760.105473
-9245930.456431 6625282.722984
-9257165.562317 6586418.428047
-9264578.076077 6560508.898089
-9266425.719580 6554031.515600
-9271330.949243 6536758.495628
-9275604.057830 6521644.603152
-9276811.551396 6517326.348159
-9279808.259915 6506530.710677
-9281604.971272 6500053.328187
-9292299.083632 6461189.033251
-9300011.373716 6433120.375796
-9302939.154141 6422324.738314
-9306434.764732 6409369.973335
-9307015.687943 6407210.845838
-9316204.134750 6372664.805894
-9318483.223245 6364028.295908
-9323034.889608 6346755.275937
-9327003.406121 6331641.383461
-9327563.917749 6329482.255965
-9328683.350617 6325164.000972
-9332570.948097 6310050.108496
-9338101.155802 6288458.833531
-9343584.772136 6266867.558566
-9351170.727811 6236639.773615
-9357596.156035 6210730.243658
-9360797.691643 6197775.478679
-9369275.924559 6163229.438735
-9375056.378203 6139479.036273
-9378170.359948 6126524.271294
-9383809.020495 6102773.868833
-9385856.627842 6094137.358847
-9386363.639717 6091978.231351
-9394448.126717 6057432.191407
-9403456.651952 6018567.896470
-9410444.209727 5988340.111519
-9415421.747295 5966748.836554
-9422328.996091 5936521.051603
-9426724.454085 5917088.904135
-9433520.348010 5886861.119184
-9437390.625728 5869588.099212
-9437868.899454 5867428.971715
-9444019.971884 5839360.314261
-9451972.581683 5802655.146821
-9457552.512278 5776745.616863
-9464499.536065 5744358.704415
-9468199.673665 5727085.684443
-9472784.940746 5705494.409479
-9476892.500342 5686062.262010
-9477347.986196 5683903.134514
-9481893.770311 5662311.859549
-9486421.471601 5640720.584584
-9491392.033568 5616970.182122
-9494990.239229 5599697.162151
-9501212.480418 5569469.377200
-9504751.628863 5552196.357228
-9511778.691146 5517650.317284
-9513089.330622 5511172.934794
-9513525.060061 5509013.807298
-9517848.056210 5487422.532333
-9519570.442534 5478786.022347
-9522152.323564 5465831.257368
-9525987.162806 5446399.109900
-9530637.429640 5422648.707438
-9531890.815312 5416171.324949
-9532720.956026 5411853.069956
-9536024.195589 5394580.049984
-9538495.157695 5381625.285005
-9545071.488063 5347079.245061
-9549994.080657 5321169.715103
-9551615.781638 5312533.205117
-9556063.841608 5288782.802656
-9558890.736668 5273668.910180
-9562908.156352 5252077.635215
-9570059.894208 5213213.340279
-9572045.195423 5202417.702796
-9577954.777262 5170030.790349
-9578344.165686 5167871.662852
-9580660.846469 5154916.897873
-9586818.633074 5120370.857929
-9592147.557312 5090143.072979
-9598555.715464 5053437.905538
-9599304.741659 5049119.650545
-9605285.302562 5014573.610601
-9610501.350935 4984345.825650
-9614591.708729 4960595.423189
-9619413.244659 4932526.765735
-9625278.583923 4897980.725791
-9627090.235799 4887185.088308
-9628898.367298 4876389.450826
-9632127.779284 4856957.303357
-9632838.018989 4852639.048364
-9635312.597879 4837525.155889
-9637785.572243 4822411.263414
-9643412.477186 4787865.223470
-9649375.569621 4751160.056029
-9654248.262843 4720932.271079
-9659070.609942 4690704.486128
-9662154.626641 4671272.338659
-9663180.631007 4664794.956170
-9665227.314578 4651840.191191
-9670300.979190 4619453.278743
-9673987.948225 4595702.876282
-9674657.870296 4591384.621289
-9676329.409862 4580588.983807
-9679968.696051 4556838.581345
-9683266.380978 4535247.306380
-9687179.996171 4509337.776422
-9689765.347051 4492064.756450
-9691687.964897 4479109.991471
-9694239.751543 4461836.971500
-9694555.816312 4459677.844003
-9696447.244114 4446723.079024
-9702095.563605 4407858.784087
-9707381.331413 4371153.616647
-9711708.668868 4340925.831696
-9713252.117165 4330130.194214
-9717220.466752 4302061.536759
-9720239.039516 4280470.261794
-9723247.670385 4258878.986829
-9724140.768887 4252401.604340
-9729174.941049 4215696.436900
-9733610.979254 4183309.524452
-9737440.294012 4155240.866998
-9742427.977714 4118535.699557
-9747389.249275 4081830.532117
-9748548.875295 4073194.022131
-9750284.846623 4060239.257152
-9754308.565499 4030011.472201
-9757444.856482 4006261.069740
-9762563.278148 3967396.774803
-9765386.008412 3945805.499838
-9770159.010350 3909100.332398
-9773226.778719 3885349.929936
-9774331.139833 3876713.419950
-9776244.331602 3861599.527475
-9780327.450501 3829212.615028
-9784632.953787 3794666.575084
-9786243.143497 3781711.810105
-9790505.021270 3747165.770161
-9791830.529247 3736370.132678
-9792093.829852 3734211.005182
-9795229.780930 3708301.475224
-9795749.940967 3703983.220231
-9797806.444549 3686710.200259
-9800882.722184 3660800.670301
-9802918.084521 3643527.650329
-9804426.766127 3630572.885350
-9804676.648100 3628413.757854
-9805664.419992 3619777.247868
-9806898.273879 3608981.610385
-9807873.010397 3600345.100399
-9810053.890714 3580912.952931
-9810534.794881 3576594.697938
-9811250.067899 3570117.315449
-9813869.029177 3546366.912987
-9816718.001326 3520457.383029
-9817188.136585 3516139.128036
-9819740.912859 3492388.725575
-9820666.543234 3483752.215589
-9821126.383009 3479433.960596
-9825223.480884 3440569.665659
-9827254.354776 3421137.518191
-9828145.252827 3412501.008205
-9829685.100274 3397387.115729
-9832724.363664 3367159.330778
-9835105.326975 3343408.928317
-9837041.911868 3323976.780849
-9839396.611298 3300226.378387
-9841087.603916 3282953.358415
-9842978.633439 3263521.210947
-9844026.848354 3252725.573464
-9845893.898676 3233293.425996
-9848155.271966 3209543.023535
-9851007.309349 3179315.238584
-9851615.212202 3172837.856094
-9854028.320405 3146928.326136
-9857204.059552 3112382.286192
-9860754.767066 3073517.991256
-9863704.543081 3041131.078808
-9866255.077430 3013062.421354
-9866645.339391 3008744.166361
-9869355.956517 2978516.381410
-9871078.125219 2959084.233942
-9874318.328257 2922379.066501
-9877175.077541 2889992.154054
-9878115.343682 2879196.516571
-9880170.800277 2855446.114110
-9881283.924820 2842491.349131
-9882025.413753 2833854.839145
-9882950.790417 2823059.201663
-9885331.743468 2794990.544208
-9885513.565728 2792831.416712
-9887147.314860 2773399.269243
-9888774.443473 2753967.121775
-9888953.182106 2751807.994278
-9890189.022769 2736694.101803
-9892474.695495 2708625.444349
-9893167.538282 2699988.934363
-9893338.872793 2697829.806866
-9896227.110879 2661124.639426
-9897575.956812 2643851.619454
-9900430.090926 2607146.452013
-9902754.580038 2576918.667063
-9905225.900180 2544531.754615
-9906213.575986 2531576.989636
-9908665.742936 2499190.077189
-9911567.631439 2460325.782252
-9913012.233706 2440893.634784
-9914436.602318 2421461.487315
-9917091.402382 2384756.319875
-9919114.288203 2356687.662420
-9919578.600002 2350210.279931
-9920492.225126 2337255.514952
-9920792.895222 2332937.259959
-9921387.071259 2324300.749973
-9922565.532639 2307027.730001
-9923731.937083 2289754.710029
-9926047.251922 2255208.670085
-9928215.811885 2222821.757638
-9930800.900861 2183957.462701
-9933205.389127 2147252.295261
-9934328.237117 2129979.275289
-9935845.398937 2106228.872827
-9937067.336824 2086796.725359
-9938554.910296 2063046.322898
-9938689.339831 2060887.195401
-9940433.441333 2032818.537947
-9941367.888904 2017704.645471
-9942956.971310 1991795.115513
-9943485.064065 1983158.605527
-9943615.488691 1980999.478031
-9945678.899753 1946453.438087
-9947454.716409 1916225.653136
-9948463.127206 1898952.633164
-9948961.530569 1890316.123178
-9949826.367634 1875202.230703
-9950069.002275 1870883.975710
-9951023.848249 1853610.955738
-9951259.169806 1849292.700745
-9952199.414513 1832019.680773
-9953132.374680 1814746.660801
-9953479.896447 1808269.278312
-9955553.348858 1769404.983375
-9956576.085611 1749972.835906
-9958029.859192 1721904.178452
-9958908.001938 1704631.158480
-9960765.313689 1667925.991040
-9961087.684792 1661448.608550
-9961193.733595 1659289.481054
-9961504.985746 1652812.098564
-9962736.240360 1626902.568606
-9963143.097937 1618266.058620
-9963343.987332 1613947.803627
-9964031.141971 1598833.911152
-9964419.758131 1590197.401166
-9964804.840709 1581560.891180
-9965655.403933 1562128.743712
-9965748.025976 1559969.616215
-9966759.968305 1536219.213754
-9967214.929147 1525423.576271
-9968830.262821 1486559.281334
-9969718.922482 1464968.006369
-9969985.145706 1458490.623880
-9971114.456523 1430421.966426
-9972323.662619 1400194.181475
-9972912.598786 1385080.288999
-9973498.927948 1369966.396524
-9973663.970105 1365648.141531
-9974146.471240 1352693.376552
-9975022.900859 1328942.974091
-9975333.706176 1320306.464105
-9975875.027917 1305192.571629
-9977238.196899 1266328.276692
-9978067.187311 1242577.874231
-9978738.816984 1223145.726762
-9978962.325091 1216668.344273
-9979407.131189 1203713.579294
-9980571.690649 1169167.539350
-9981221.240890 1149735.391882
-9981936.840149 1128144.116917
-9982502.466781 1110871.096945
-9982776.483171 1102234.586959
-9982911.051971 1097916.331966
-9983637.779793 1074165.929505
-9984095.982909 1059052.037029
-9984354.893962 1050415.527043
-9984669.420955 1039619.889561
-9984982.127438 1028824.252078
-9985536.265995 1009392.104610
-9985716.617070 1002914.722120
-9986250.044983 983482.574652
-9986365.199232 979164.319659
-9986815.190432 961891.299687
-9987150.511907 948936.534708
-9988011.914682 914390.494764
-9988942.002233 875526.199827
-9989290.245855 860412.307352
-9990174.925881 821548.012415
-9990795.149123 793479.354961
-9991531.661468 758933.315017
-9991842.156897 743819.422541
-9991928.000494 739501.167548
-9992586.084992 704955.127604
-9992906.535568 687682.107633
-9993139.718625 674727.342654
-9993213.157515 670409.087661
-9993687.414898 642340.430206
-9993897.734901 629385.665227
-9994485.553643 592680.497787
-9994618.632965 584043.987801
-9995135.741492 549497.947857
-9995535.823927 521429.290403
-9995940.103682 491201.505452
-9996394.547875 456655.465508
-9996700.457248 432905.063047
-9997079.839800 402677.278096
-9997155.449527 396199.895606
-9997302.406222 383245.130627
-9997739.014295 344380.835690
-9997902.177950 329266.943215
-9998194.428421 301198.285761
-9998256.903176 294720.903271
-9998333.110001 286084.393285
-9998503.511729 266652.245817
-9998650.253164 249379.225845
-9998802.578500 229947.078376
-9998920.226971 214833.185901
-9999068.222206 193241.910936
-9999151.353306 180287.145957
-9999201.109382 171650.635971
-9999212.840463 169491.508475
-9999363.810764 141422.851020
-9999483.768681 117672.448559
-9999545.661477 104717.683580
-9999601.185250 91762.918601
-9999679.164013 72330.771132
-9999687.002879 70171.643636
-9999800.512882 31307.348699
-9999907.656667 -7556.946238
-9999937.771154 -22670.838713
-9999972.422552 -48580.368671
-9999987.803320 -68012.516139
-9999999.000000 -89603.791104
-9999998.823211 -96081.173594
-9999995.641004 -109035.938573
-9999987.214047 -137104.596027
-9999983.383610 -147900.233510
-9999975.074360 -154377.615999
-9999943.486794 -171650.635971
-9999921.387064 -182446.273453
-9999896.162619 -191082.783439
-9999837.224844 -208355.803411
-9999801.624190 -216992.313397
-9999741.146820 -229947.078376
-9999541.718443 -266652.245817
-9999407.887602 -288243.520782
-9999380.885393 -292561.775775
-9999324.048240 -301198.285761
-9999292.087778 -305516.540754
-9999167.824268 -320630.433229
-9998993.167804 -340062.580697
-9998703.274366 -370290.365648
-9998393.511813 -400518.150599
-9998326.424320 -406995.533089
-9998180.177976 -419950.298068
-9998129.297766 -424268.553061
-9998050.489887 -430745.935550
-9997696.665366 -458814.593004
-9997552.279740 -469610.230487
-9997159.912009 -497678.887941
-9997033.960354 -506315.397927
-9996528.253785 -540861.437871
-9996363.687170 -551657.075354
-9995743.431449 -590521.370290
-9995708.259156 -592680.497787
-9995415.456059 -609953.517759
-9994886.377598 -640181.302710
-9994529.091188 -659613.450178
-9993867.186638 -694159.490122
-9993090.291861 -733023.785059
-9992570.927710 -758933.315017
-9992263.780939 -774047.207492
-9991732.938370 -799956.737450
-9991455.309137 -812911.502429
-9990596.538494 -851775.797366
-9990148.796693 -871207.944834
-9990047.376769 -875526.199827
-9989996.186111 -877685.327324
-9989107.547318 -914390.494764
-9988728.997227 -929504.387240
-9988456.797038 -940300.024722
-9987622.112320 -972686.937169
-9987506.474760 -977005.192162
-9986443.974176 -1015869.487099
-9985716.756693 -1041779.017057
-9985228.067907 -1059052.037029
-9985165.526611 -1061211.164525
-9984278.051783 -1091438.949476
-9983622.259033 -1113030.224441
-9982612.993029 -1145417.136889
-9982274.132519 -1156212.774371
-9981449.153939 -1182122.304329
-9981380.283643 -1184281.431826
-9980247.073188 -1218827.471769
-9979738.436450 -1233941.364245
-9978785.855908 -1262010.021699
-9977956.865496 -1285760.424161
-9977803.679832 -1290078.679154
-9976465.986884 -1326783.846594
-9975269.002655 -1359170.759041
-9974302.516771 -1385080.288999
-9973169.755763 -1415308.073950
-9973087.482511 -1417467.201447
-9971832.924467 -1449854.113894
-9970824.809549 -1475763.643852
-9969460.776981 -1510309.683796
-9969374.903009 -1512468.811292
-9969029.415553 -1521105.321278
-9968416.962832 -1536219.213754
-9967612.671274 -1555651.361222
-9967433.189755 -1559969.616215
-9967252.707592 -1564287.871208
-9965880.308104 -1596674.783655
-9964316.397232 -1633379.951096
-9963017.931365 -1663607.736047
-9961888.375562 -1689517.266005
-9961793.113215 -1691676.393501
-9960441.792134 -1721904.178452
-9960343.753626 -1724063.305948
-9960144.639098 -1728381.560941
-9960043.813731 -1730540.688438
-9959942.480487 -1732699.815934
-9958808.229523 -1756450.218396
-9957569.336617 -1782359.748354
-9957464.565483 -1784518.875850
-9955775.966330 -1819064.915794
-9954389.015274 -1847133.573248
-9953529.358999 -1864406.593220
-9951777.187997 -1898952.633164
-9950995.289819 -1914066.525640
-9950432.273507 -1924862.163122
-9950206.033245 -1929180.418115
-9948383.693771 -1963726.458059
-9947919.812062 -1972362.968045
-9946145.129984 -2004749.880492
-9944224.987523 -2039295.920436
-9943499.440525 -2052250.685415
-9942401.687222 -2071682.832883
-9942278.796058 -2073841.960380
-9941293.565075 -2091114.980352
-9939804.673913 -2117024.510310
-9939426.519864 -2123501.892799
-9939298.749642 -2125661.020296
-9937252.307204 -2160207.060240
-9935178.274903 -2194753.100183
-9932833.025852 -2233617.395120
-9931519.460101 -2255208.670085
-9929794.482458 -2283277.327540
-9927381.982755 -2322141.622476
-9926296.889982 -2339414.642448
-9924641.804360 -2365324.172406
-9924222.360651 -2371801.554896
-9923379.412007 -2384756.319875
-9921395.444713 -2414984.104826
-9918951.655238 -2451689.272266
-9918519.171233 -2458166.654755
-9917357.142566 -2475439.674727
-9916473.296532 -2488394.439706
-9915428.671577 -2503508.332182
-9913329.775061 -2533736.117133
-9911352.054652 -2561804.774587
-9911197.840619 -2563963.902084
-9910262.527150 -2576918.667062
-9909476.113176 -2587714.304545
-9907560.108036 -2613623.834503
-9906919.751843 -2622260.344489
-9906274.323514 -2630896.854475
-9904171.177151 -2658965.511929
-9902542.063444 -2680556.786894
-9902376.740182 -2682715.914391
-9901377.965498 -2695670.679369
-9899023.497115 -2725898.464320
-9896986.463721 -2751807.994278
-9896815.992627 -2753967.121775
-9894086.154427 -2788513.161719
-9891513.975915 -2820900.074166
-9888396.183376 -2859764.369103
-9886465.350917 -2883514.771564
-9885045.963678 -2900787.791536
-9883980.547542 -2913742.556515
-9883801.662540 -2915901.684012
-9882350.618832 -2933174.703984
-9881257.916654 -2946129.468963
-9880891.024914 -2950447.723955
-9879046.203726 -2972038.998920
-9878859.195017 -2974198.126417
-9877358.352798 -2991471.146389
-9874138.556327 -3028176.313829
-9870916.212056 -3064881.481270
-9867866.609197 -3099427.521213
-9865357.468974 -3127496.178668
-9863791.559816 -3144769.198640
-9863396.120941 -3149087.453633
-9862207.971066 -3162042.218612
-9861807.938498 -3166360.473605
-9859400.368308 -3192270.003563
-9858182.708274 -3205224.768541
-9854485.078523 -3244089.063478
-9854278.564843 -3246248.190975
-9851772.263133 -3272157.720933
-9849884.062589 -3291589.868401
-9848621.488841 -3304544.633380
-9846495.113164 -3326135.908345
-9846069.205087 -3330454.163338
-9843083.414584 -3360681.948289
-9839414.590798 -3397387.115729
-9838758.995721 -3403864.498219
-9835464.150941 -3436251.410666
-9831721.783770 -3472956.578106
-9827736.046697 -3511820.873043
-9825053.617396 -3537730.403001
-9821206.411512 -3574435.570442
-9817342.505813 -3611140.737882
-9816423.486110 -3619777.247868
-9814568.248322 -3637050.267840
-9812935.614346 -3652164.160315
-9811055.073310 -3669437.180287
-9810109.445652 -3678073.690273
-9808917.323956 -3688869.327756
-9804829.638536 -3725574.495196
-9804344.657959 -3729892.750189
-9800170.010033 -3766597.917629
-9799180.859667 -3775234.427615
-9794701.700985 -3814098.722552
-9790430.064433 -3850803.889992
-9787134.000165 -3878872.547447
-9783317.695783 -3911259.459894
-9781534.294556 -3926373.352370
-9778706.602130 -3950123.754831
-9778448.654260 -3952282.882327
-9774281.669798 -3986828.922271
-9770856.425601 -4014897.579726
-9770327.665239 -4019215.834719
-9768996.733840 -4030011.472201
-9765785.085735 -4055921.002159
-9763088.669465 -4077512.277124
-9759564.292016 -4105580.934578
-9757377.787138 -4122853.954550
-9754894.646661 -4142286.102019
-9751547.990258 -4168195.631977
-9746790.960904 -4204900.799417
-9745390.895999 -4215696.436899
-9743987.071900 -4226492.074382
-9742859.490274 -4235128.584368
-9742007.559165 -4241605.966857
-9737713.641582 -4273992.879305
-9733396.765859 -4306379.791752
-9732242.528483 -4315016.301738
-9727588.580467 -4349562.341682
-9725542.989298 -4364676.234157
-9722587.588414 -4386267.509122
-9719608.624058 -4407858.784087
-9718705.438924 -4414336.166577
-9715365.249533 -4438086.569038
-9713832.922979 -4448882.206521
-9712284.397068 -4459677.844003
-9710733.836185 -4470473.481485
-9706366.546802 -4500701.266436
-9704802.703458 -4511496.903919
-9703543.402406 -4520133.413905
-9702274.998821 -4528769.923891
-9701638.718906 -4533088.178884
-9700356.973676 -4541724.688870
-9698417.960516 -4554679.453849
-9696149.864167 -4569793.346324
-9692238.800625 -4595702.876282
-9687666.957180 -4625930.661233
-9681738.853459 -4664794.956170
-9676740.523949 -4697181.868617
-9675737.600209 -4703659.251107
-9673379.108066 -4718773.143582
-9672703.059065 -4723091.398575
-9667241.689345 -4757637.438519
-9663135.005244 -4783546.968477
-9657971.558544 -4815933.880924
-9654160.368458 -4839684.283385
-9648936.236567 -4872071.195833
-9648234.696280 -4876389.450826
-9642911.351994 -4908776.363273
-9638605.469347 -4934685.893231
-9633575.420820 -4964913.678182
-9627036.537986 -5003777.973119
-9620796.528488 -5040483.140559
-9616380.377169 -5066392.670517
-9610849.439555 -5098779.582964
-9605663.746176 -5129007.367915
-9599667.648542 -5163553.407859
-9594779.992184 -5191622.065314
-9588342.663117 -5228327.232754
-9584516.471036 -5249918.507719
-9579490.470944 -5277987.165173
-9574046.113650 -5308214.950124
-9568186.275102 -5340601.862571
-9564628.974123 -5360034.010040
-9564229.320335 -5362193.137536
-9563421.109285 -5366511.392529
-9560583.132569 -5381625.285005
-9556507.665044 -5403216.559970
-9550358.441409 -5435603.472417
-9549944.725932 -5437762.599914
-9544129.938845 -5467990.384864
-9542462.036296 -5476626.894850
-9539117.485681 -5493899.914822
-9536177.557248 -5509013.807298
-9534915.108872 -5515491.189787
-9528953.718325 -5545718.974738
-9525088.528119 -5565151.122207
-9522074.352052 -5580265.014682
-9517297.090860 -5604015.417143
-9512472.357262 -5627765.819605
-9505449.930771 -5662311.859549
-9498800.855302 -5694698.771996
-9493905.478589 -5718449.174457
-9493014.231332 -5722767.429450
-9491673.815707 -5729244.811940
-9491222.246240 -5731403.939436
-9488956.891738 -5742199.576919
-9487139.786054 -5750836.086905
-9479852.012389 -5785382.126849
-9474327.654217 -5811291.656807
-9470159.439945 -5830723.804275
-9464553.338467 -5856633.334233
-9463148.057245 -5863110.716722
-9455592.726518 -5897656.756666
-9448500.095498 -5930043.669114
-9443743.016557 -5951634.944079
-9440386.074052 -5966748.836554
-9437493.141184 -5979703.601533
-9436028.979698 -5986180.984022
-9431125.253289 -6007772.258987
-9427191.620816 -6025045.278959
-9421230.755439 -6050954.808917
-9420731.984001 -6053113.936414
-9417197.438399 -6068227.828889
-9416175.740917 -6072546.083882
-9407906.065777 -6107092.123826
-9403244.746691 -6126524.271294
-9399087.037171 -6143797.291266
-9395947.132860 -6156752.056245
-9386970.235496 -6193457.223686
-9381645.478825 -6215048.498650
-9374684.598249 -6243117.156105
-9366630.359719 -6275504.068552
-9363370.106483 -6288458.833531
-9362271.063925 -6292777.088524
-9355667.508665 -6318686.618482
-9352906.306535 -6329482.255965
-9345098.011288 -6359710.040915
-9344538.294854 -6361869.168412
-9338341.913721 -6385619.570873
-9330945.455881 -6413688.228328
-9329216.427381 -6420165.610817
-9321089.362152 -6450393.395768
-9310579.787374 -6489257.690705
-9309992.958533 -6491416.818201
-9304086.246449 -6513008.093166
-9301130.744517 -6523803.730649
-9298754.275103 -6532440.240635
-9290387.975453 -6562668.025586
-9283143.014055 -6588577.555544
-9282537.936489 -6590736.683040
-9280092.555200 -6599373.193026
-9279478.040004 -6601532.320522
-9268945.760277 -6638237.487963
-9260246.294869 -6668465.272914
-9258375.172170 -6674942.655403
-9257748.198815 -6677101.782900
-9254596.874790 -6687897.420382
-9245733.380611 -6718125.205333
-9238061.411169 -6744034.735291
-9234828.271022 -6754830.372773
-9229651.319031 -6772103.392745
-9219855.491563 -6804490.305193
-9214611.066663 -6821763.325165
-9207377.884576 -6845513.727626
-9204711.004623 -6854150.237612
-9201372.256407 -6864945.875094
-9193309.541476 -6890855.405052
-9187201.141419 -6910287.552521
-9180339.393296 -6931878.827486
-9168628.578069 -6968583.994926
-9158246.636522 -7000970.907373
-9153355.608497 -7016084.799849
-9147052.180242 -7035516.947317
-9142812.994769 -7048471.712296
-9132786.125059 -7078699.497247
-9119716.479783 -7117563.792184
-9118247.683700 -7121882.047177
-9111572.922024 -7141314.194645
-9103347.521508 -7165064.597107
-9089876.672058 -7203928.892044
-9076963.025141 -7240634.059484
-9066938.079623 -7268702.716938
-9056032.196674 -7298930.501889
-9052903.005328 -7307567.011875
-9042698.532552 -7335635.669330
-9030009.980846 -7370181.709273
-9017939.306571 -7402568.621721
-9006634.297145 -7432796.406672
-9005821.876767 -7434955.534168
-8994277.775711 -7465183.319119
-8982682.798877 -7495411.104070
-8971887.521784 -7523479.761524
-8966847.377943 -7536434.526503
-8960024.276052 -7553707.546475
-8949734.184562 -7579617.076433
-8942818.044592 -7596890.096405
-8933238.907430 -7620640.498866
-8926201.784018 -7637913.518838
-8925312.357897 -7640072.646335
-8910178.107806 -7676777.813775
-8896699.686879 -7709164.726223
-8887578.283747 -7730756.001187
-8877516.300180 -7754506.403649
-8863598.619990 -7786893.316096
-8861719.656244 -7791211.571089
-8860773.802979 -7793370.698586
-8852152.813667 -7812802.846054
-8839477.827362 -7840871.503509
-8836529.496426 -7847348.885998
-8833530.477417 -7853826.268487
-8828470.921516 -7864621.905970
-8821285.223305 -7879735.798445
-8807801.615901 -7907804.455900
-8806745.812104 -7909963.583396
-8801376.487281 -7920759.220879
-8782963.708797 -7957464.388319
-8779657.651524 -7963941.770809
-8768540.640911 -7985533.045773
-8760681.191509 -8000646.938249
-8741445.126528 -8037352.105689
-8726603.139347 -8065420.763144
-8708170.879787 -8099966.803087
-8702351.697428 -8110762.440570
-8682223.095516 -8147467.608010
-8673798.780390 -8162581.500486
-8672572.364027 -8164740.627982
-8671320.674583 -8166899.755479
-8663671.879617 -8179854.520458
-8649457.091989 -8203604.922919
-8636469.985902 -8225196.197884
-8627275.763559 -8240310.090359
-8608533.310196 -8270537.875310
-8596344.090275 -8289970.022779
-8581191.415921 -8313720.425240
-8565998.827365 -8337470.827702
-8554905.860167 -8354743.847673
-8543739.146379 -8372016.867645
-8518547.088782 -8410881.162582
-8514297.501571 -8417358.545072
-8502795.086096 -8434631.565044
-8476808.339669 -8473495.859981
-8475336.454835 -8475654.987477
-8463327.524027 -8492928.007449
-8460255.734631 -8497246.262442
-8435393.948549 -8531792.302386
-8413479.823907 -8562020.087337
-8404074.221578 -8574974.852316
-8392937.097499 -8590088.744791
-8375330.808452 -8613839.147252
-8355682.101045 -8639748.677210
-8337615.438578 -8663499.079672
-8322579.740368 -8682931.227140
-8297042.533382 -8715318.139588
-8273093.791997 -8745545.924538
-8255794.593387 -8767137.199503
-8245245.279239 -8780091.964482
-8230753.607983 -8797364.984454
-8203023.020993 -8829751.896902
-8178865.785735 -8857820.554356
-8175064.340055 -8862138.809349
-8163456.196556 -8875093.574328
-8147754.433741 -8892366.594300
-8127542.406420 -8913957.869265
-8121375.590012 -8920435.251754
-8085961.903518 -8957140.419195
-8060174.999013 -8983049.949152
-8046834.989043 -8996004.714131
-8017813.502211 -9024073.371586
-7999880.848006 -9041346.391558
-7981534.457315 -9058619.411530
-7967628.955898 -9071574.176509
-7948728.277592 -9088847.196481
-7917881.646883 -9116915.853935
-7879162.307968 -9151461.893879
-7834820.643402 -9190326.188816
-7817221.319106 -9205440.081291
-7791729.469999 -9227031.356256
-7783955.752334 -9233508.738745
-7781321.076106 -9235667.866242
-7734979.376785 -9272373.033682
-7697986.983507 -9300441.691137
-7674804.083396 -9317714.711109
-7668915.653180 -9322032.966102
-7665939.716511 -9324192.093598
-7644995.357343 -9339305.986074
-7641911.508248 -9341465.113570
-7638730.134898 -9343624.241067
-7600443.633189 -9369533.771024
-7590617.231149 -9376011.153514
-7539522.265763 -9408398.065961
-7510956.007342 -9425671.085933
-7499585.647648 -9432148.468423
-7437243.152590 -9466694.508367
-7398004.082401 -9488285.783331
-7341473.885314 -9518513.568282
-7324522.871472 -9527150.078268
-7247951.854441 -9566014.373205
-7243546.458342 -9568173.500702
-7216471.723394 -9581128.265681
-7138816.611646 -9617833.433121
-7106034.897577 -9632947.325596
-7017656.212101 -9671811.620533
-6996428.596126 -9680448.130519
-6923996.043434 -9708516.787974
-6860815.873955 -9732267.190435
-6756754.471784 -9768972.357875
-6737099.079672 -9775449.740365
-6664174.672357 -9799200.142826
-6597383.321177 -9818632.290295
-6534244.499927 -9835905.310267
-6518233.982199 -9840223.565260
-6492952.523470 -9846700.947749
-6432599.474309 -9861814.840224
-6385500.736048 -9872610.477707
-6295419.293382 -9892042.625175
-6176843.375347 -9915793.027637
-5944869.102280 -9954657.322574
-5885854.395242 -9963293.832560
-5638772.957508 -9991362.490014
-5611420.754576 -9993521.617510
-5581908.922172 -9995680.745007
-5537049.649875 -9997839.872503
-5474744.448057 -9999999.000000
0.000000 -9999999.000000
