2000
574648.662812 -9998043.392490
642253.815737 -9996087.784981
684819.467005 -9994132.177471
709802.624631 -9992176.569962
733256.002685 -9990220.962452
858622.645893 -9978487.317395
1019911.991144 -9962842.457319
1253643.245529 -9939375.167204
1299607.465428 -9933508.344676
1534957.587178 -9900263.017014
1595430.716616 -9890484.979466
1759569.244933 -9863106.474333
1790619.973745 -9857239.651804
1963457.570925 -9823994.324142
2102694.272838 -9792704.603989
2160125.698662 -9779015.351423
2303689.312283 -9741858.808742
2395845.006040 -9716435.911118
2530940.424169 -9677323.760927
2623530.472525 -9647989.648284
2696039.856905 -9624522.358170
2779316.356123 -9597143.853036
2807041.835082 -9587365.815488
2872944.596127 -9563898.525374
2919260.287704 -9546298.057788
2944097.428229 -9536520.020241
3032361.140233 -9501319.085069
3123403.165058 -9462206.934878
3132364.572212 -9458295.719859
3214284.703228 -9421139.177178
3279108.055966 -9389849.457026
3290805.466578 -9383982.634497
3317284.472553 -9370293.381930
3328595.083902 -9364426.559402
3361974.809260 -9346826.091816
3383732.171850 -9335092.446759
3418767.220587 -9315536.371663
3456043.426144 -9294024.689058
3462682.456590 -9290113.474039
3491384.582497 -9272513.006454
3503792.680956 -9264690.576415
3549695.893399 -9235356.463772
3552621.917738 -9233400.856263
3601481.399471 -9200155.528601
3626583.829862 -9182555.061015
3681688.124213 -9143442.910824
3692524.273475 -9135620.480786
3741867.406394 -9098463.938105
3749332.104240 -9092597.115576
3754201.107523 -9088685.900557
3792008.982040 -9057396.180405
3835095.176260 -9020239.637724
3859790.550171 -8998727.955119
3874959.524788 -8985038.702552
3889728.605358 -8971349.449985
3902340.283954 -8959615.804928
3929411.381620 -8934192.907304
3949817.334734 -8914636.832209
3977475.913000 -8887258.327075
4002364.813681 -8861835.429451
4023174.116372 -8840323.746847
4055224.954965 -8807078.419185
4069909.179785 -8791433.559108
4096732.108437 -8762099.446465
4119536.889492 -8736676.548841
4138502.428199 -8715164.866236
4147096.319262 -8705386.828689
4165799.204623 -8683875.146084
4185953.988827 -8660407.855969
4215822.230201 -8625206.920798
4228746.382157 -8609562.060722
4235078.120614 -8601739.630683
4250771.635291 -8582183.555588
4280168.450288 -8545027.012907
4294054.028657 -8527426.545321
4304808.462040 -8513737.292754
4321543.803360 -8492225.610150
4334974.546989 -8474625.142564
4352857.756181 -8451157.852449
4376604.744436 -8419868.132297
4405850.511731 -8380755.982106
4431996.158409 -8345555.046935
4437737.312893 -8337732.616896
4440548.443167 -8333821.401877
4455949.774734 -8312309.719273
4479388.300779 -8279064.391610
4480741.157759 -8277108.784101
4483390.376920 -8273197.569082
4509592.350783 -8234085.418891
4516071.763402 -8224307.381344
4535463.200555 -8194973.268701
4560889.380567 -8155861.118510
4584510.833650 -8118704.575829
4595686.932037 -8101104.108243
4605529.611112 -8085459.248167
4622577.153333 -8058080.743033
4627398.222624 -8050258.312995
4629787.077661 -8046347.097976
4651023.725129 -8011146.162804
4668448.999120 -7981812.050161
4687982.794758 -7948566.722499
4701534.911489 -7925099.432385
4712816.232868 -7905543.357290
4731591.084080 -7872298.029627
4735921.844286 -7864475.599589
4745615.787057 -7846875.132004
4756331.502594 -7827319.056908
4759513.478012 -7821452.234380
4765775.140058 -7809718.589322
4769891.518114 -7801896.159284
4778091.628223 -7786251.299208
4782131.495205 -7778428.869170
4783132.622693 -7776473.261660
4801807.996544 -7739316.718979
4818501.524330 -7706071.391317
4820430.267207 -7702160.176298
4838581.565356 -7665003.633617
4855617.495655 -7629802.698445
4858422.792550 -7623935.875917
4870369.112523 -7598512.978293
4888434.708796 -7559400.828102
4904534.287599 -7524199.892930
4915087.945231 -7500732.602816
4922892.884634 -7483132.135230
4933147.048409 -7459664.845116
4945931.629746 -7430330.732473
4959417.211454 -7399041.012320
4965272.060137 -7385351.759754
4971112.008729 -7371662.507187
4982635.137349 -7344284.002053
4985083.771670 -7338417.179525
4998901.598080 -7305171.851863
5014319.353088 -7268015.309182
5024032.622818 -7244548.019067
5040194.545216 -7205435.868877
5053729.548116 -7172190.541214
5061607.062008 -7152634.466119
5071715.676166 -7127211.568495
5080262.210390 -7105699.885890
5088006.749724 -7086143.810795
5094965.613865 -7068543.343209
5102685.250575 -7048987.268114
5105733.790343 -7041164.838076
5110295.681798 -7029431.193018
5114846.698305 -7017697.547961
5120118.454828 -7004008.295395
5133483.586441 -6968807.360223
5143038.629311 -6943384.462599
5153978.359664 -6914050.349956
5161260.223901 -6894494.274861
5168447.270888 -6874938.199765
5177726.230861 -6849515.302141
5189094.300433 -6818225.581989
5196118.847303 -6798669.506894
5205236.950377 -6773246.609270
5205935.171990 -6771291.001760
5215571.806035 -6743912.496627
5218284.446549 -6736090.066588
5229644.297307 -6702844.738926
5236287.472277 -6683288.663831
5248158.144058 -6648087.728659
5254719.440527 -6628531.653564
5265111.522437 -6597241.933412
5276010.907810 -6563996.605749
5279838.503136 -6552262.960692
5281740.037329 -6546396.138164
5291140.188943 -6517062.025521
5292380.327924 -6513150.810502
5299732.839873 -6489683.520387
5302171.709188 -6481861.090349
5311832.500816 -6450571.370197
5320250.558460 -6423192.865063
5325613.711856 -6405592.397477
5329157.276625 -6393858.752420
5339101.469472 -6360613.424758
5350200.379085 -6323456.882077
5351944.483226 -6317590.059548
5354847.362860 -6307812.022001
5356569.083630 -6301945.199472
5357709.156891 -6298033.984453
5363912.313873 -6276522.301848
5367822.881118 -6262833.049281
5378958.628176 -6223720.899091
5389998.229517 -6184608.748900
5392732.577874 -6174830.711352
5398688.739772 -6153319.028747
5404082.044015 -6133762.953652
5411597.947989 -6106384.448519
5413192.717703 -6100517.625990
5423233.620773 -6063361.083309
5426387.914877 -6051627.438252
5432619.005434 -6028160.148137
5435728.493271 -6016426.503080
5443412.203903 -5987092.390437
5445948.803667 -5977314.352889
5453485.663959 -5947980.240246
5463451.552015 -5908868.090056
5468884.049273 -5887356.407451
5477728.443641 -5852155.472279
5486466.841637 -5816954.537108
5491759.906024 -5795442.854503
5496079.675064 -5777842.386917
5498936.028045 -5766108.741860
5499411.189282 -5764153.134350
5503179.203010 -5748508.274274
5512581.534955 -5709396.124083
5515388.136128 -5697662.479026
5517721.124754 -5687884.441478
5523771.745682 -5662461.543855
5524701.447924 -5658550.328835
5530729.436395 -5633127.431212
5537196.860590 -5605748.926078
5542719.676486 -5582281.635964
5544089.257861 -5576414.813435
5547278.996692 -5562725.560868
5547733.261237 -5560769.953359
5548185.277466 -5558814.345849
5554907.010235 -5529480.233206
5559802.894941 -5507968.550601
5565972.857480 -5480590.045468
5566410.327507 -5478634.437958
5569873.752560 -5462989.577882
5574618.481327 -5441477.895277
5581084.603565 -5412143.782634
5583218.978395 -5402365.745087
5585749.147261 -5390632.100029
5592009.413761 -5361297.987386
5593247.091916 -5355431.164858
5596114.058052 -5341741.912291
5601782.377587 -5314363.407158
5603792.138597 -5304585.369610
5605778.970959 -5294807.332062
5610882.823295 -5269384.434438
5614021.764208 -5253739.574362
5616766.683752 -5240050.321795
5623778.461335 -5204849.386624
5629970.049528 -5173559.666471
5633034.379801 -5157914.806395
5640294.704514 -5120758.263714
5644104.475724 -5101202.188618
5646766.518340 -5087512.936052
5649797.920241 -5071868.075975
5655420.786605 -5042533.963332
5658408.886887 -5026889.103256
5661750.425912 -5009288.635670
5662120.819890 -5007333.028161
5663230.008019 -5001466.205632
5669500.377010 -4968220.877970
5670230.165990 -4964309.662951
5672398.688642 -4952576.017894
5672759.030610 -4950620.410384
5678873.871189 -4917375.082722
5681375.252127 -4903685.830155
5685632.706456 -4880218.540041
5688450.741871 -4864573.679965
5688800.064074 -4862618.072455
5690535.242899 -4852840.034908
5691915.948149 -4845017.604869
5696055.592081 -4821550.314755
5699499.123217 -4801994.239660
5704317.189929 -4774615.734526
5710782.253318 -4737459.191845
5713494.652855 -4721814.331769
5713830.078813 -4719858.724259
5720462.913195 -4680746.574069
5720793.763522 -4678790.966559
5722430.320853 -4669012.929011
5725344.599184 -4651412.461426
5727913.469655 -4635767.601349
5731441.442841 -4614255.918745
5734326.239921 -4596655.451159
5735915.533010 -4586877.413611
5736232.251796 -4584921.806102
5737804.503711 -4575143.768554
5743099.135125 -4541898.440892
5746498.457549 -4520386.758287
5748348.186889 -4508653.113230
5753535.842888 -4475407.785568
5759005.589380 -4440206.850396
5764452.355353 -4405005.915224
5768044.395261 -4381538.625110
5768639.471127 -4377627.410091
5769522.975217 -4371760.587562
5773310.068548 -4346337.689938
5778208.743072 -4313092.362276
5778782.965357 -4309181.147257
5781647.119638 -4289625.072162
5783355.212789 -4277891.427105
5787011.349963 -4252468.529481
5791464.837357 -4221178.809328
5792292.759190 -4215311.986800
5796419.735089 -4185977.874157
5799963.757542 -4160554.976533
5802659.988397 -4140998.901437
5803729.894081 -4133176.471399
5804794.541462 -4125354.041361
5809021.726816 -4094064.321209
5811387.796087 -4076463.853623
5816333.606705 -4039307.310942
5817112.589906 -4033440.488413
5820199.632681 -4009973.198299
5824310.573278 -3978683.478146
5825833.083086 -3966949.833089
5828620.867736 -3945438.150484
5832405.800187 -3916104.037841
5833411.333846 -3908281.607803
5838154.808828 -3871125.065122
5838647.884630 -3867213.850103
5842313.445345 -3837879.737460
5845937.493461 -3808545.624817
5849283.614099 -3781167.119683
5850702.207943 -3769433.474626
5852826.023781 -3751833.007040
5853061.701782 -3749877.399531
5853528.850057 -3745966.184512
5857227.799352 -3714676.464359
5857920.013222 -3708809.641830
5862041.253943 -3673608.706659
5866377.407443 -3636452.163978
5867282.621429 -3628629.733940
5870416.015457 -3601251.228806
5873547.366399 -3573872.723673
5876424.794872 -3548449.826049
5878829.346117 -3526938.143444
5881637.517767 -3501515.245820
5885064.061960 -3470225.525667
5887616.927742 -3446758.235553
5889530.301507 -3429157.767967
5891859.527340 -3407646.085362
5893951.638984 -3388090.010267
5895197.654020 -3376356.365210
5898283.386167 -3347022.252567
5898487.434825 -3345066.645057
5902351.203542 -3307910.102376
5906374.178123 -3268797.952185
5907570.363366 -3257064.307128
5907967.723360 -3253153.092109
5909949.058157 -3233597.017014
5911712.652368 -3215996.549428
5915208.136515 -3180795.614256
5918486.483487 -3147550.286594
5920027.079958 -3131905.426518
5920410.077631 -3127994.211499
5920600.235841 -3126038.603989
5923424.567257 -3096704.491346
5926808.970429 -3061503.556175
5927552.561388 -3053681.126137
5929945.181064 -3028258.228513
5930311.958943 -3024347.013494
5933945.581912 -2985234.863303
5935567.756038 -2967634.395717
5936463.744641 -2957856.358170
5937703.569267 -2944167.105603
5939624.842228 -2922655.422998
5941013.890691 -2907010.562922
5941705.844678 -2899188.132884
5942396.771652 -2891365.702845
5943084.108928 -2883543.272807
5945129.243334 -2860075.982693
5945298.396585 -2858120.375183
5945803.948635 -2852253.552655
5948127.710856 -2824875.047521
5948950.058066 -2815097.009974
5951057.144053 -2789674.112350
5952021.392468 -2777940.467292
5955195.690804 -2738828.317102
5955670.344827 -2732961.494573
5956917.265784 -2717316.634497
5958314.497412 -2699716.166911
5959083.348227 -2689938.129363
5961516.181056 -2658648.409211
5963483.310749 -2633225.511587
5966342.095461 -2596068.968906
5966789.825025 -2590202.146377
5967670.710886 -2578468.501320
5968398.733538 -2568690.463772
5968543.613672 -2566734.856263
5969841.025167 -2549134.388677
5971401.633906 -2527622.706072
5971968.169101 -2519800.276034
5973789.189170 -2494377.378410
5974897.413618 -2478732.518334
5975446.293466 -2470910.088296
5975994.223451 -2463087.658258
5977086.286690 -2447442.798181
5978450.179965 -2427886.723086
5979257.155337 -2416153.078029
5979790.891169 -2408330.647991
5980983.318048 -2390730.180405
5983359.704800 -2355529.245233
5983883.094397 -2347706.815195
5984142.446362 -2343795.600176
5984528.318260 -2337928.777647
5984655.892327 -2335973.170138
5987075.372104 -2298816.627457
5988205.741717 -2281216.159871
5989578.371461 -2259704.477266
5990072.877519 -2251882.047228
5990195.233099 -2249926.439718
5991165.776590 -2234281.579642
5991643.229798 -2226459.149604
5992465.939395 -2212769.897037
5994685.975069 -2175613.354356
5995838.441596 -2156057.279261
5996870.537000 -2138456.811675
5999154.980348 -2099344.661484
5999940.231040 -2085655.408918
6001726.028015 -2054365.688765
6002492.283932 -2040676.436198
6003140.962084 -2028942.791141
6003353.591991 -2025031.576122
6005141.887681 -1991786.248460
6006816.033119 -1960496.528307
6007128.257594 -1954629.705779
6008560.297488 -1927251.200645
6010293.519032 -1894005.872983
6011605.897728 -1868582.975359
6012307.115507 -1854893.722793
6013293.318801 -1835337.647697
6013881.716993 -1823604.002640
6015146.507908 -1798181.105016
6016483.846276 -1770802.599883
6018096.510390 -1737557.272221
6018282.493738 -1733646.057202
6019652.670746 -1704311.944559
6020815.960030 -1678889.046935
6022480.880044 -1641732.504253
6023877.684324 -1610442.784101
6024904.383048 -1586975.493987
6025073.109017 -1583064.278967
6026077.651202 -1559596.988853
6026649.984048 -1545907.736286
6027536.282912 -1524396.053681
6028740.012108 -1495061.941038
6029842.348959 -1467683.435905
6030842.157337 -1442260.538281
6031069.980932 -1436393.715752
6032186.566543 -1407059.603109
6033296.721872 -1377725.490466
6034547.614012 -1344480.162804
6034910.707238 -1334702.125257
6035900.443164 -1307323.620123
6036527.102481 -1289723.152537
6036596.624704 -1287767.545028
6037879.114174 -1250611.002347
6038940.401124 -1219321.282194
6039270.991360 -1209543.244647
6040387.779480 -1176297.916984
6041040.469328 -1156741.841889
6041170.370900 -1152830.626870
6041745.388986 -1135230.159284
6042635.413266 -1107851.654151
6042697.399321 -1105896.046641
6042944.075096 -1098073.616603
6043548.090232 -1078517.541508
6044716.050274 -1039405.391317
6045865.056831 -1000293.241126
6046089.809173 -992470.811088
6046200.924216 -988559.596069
6046916.344521 -963136.698445
6047677.978601 -935758.193312
6048202.079601 -916202.118216
6049191.900556 -879045.575535
6049744.233151 -857533.892930
6050494.277092 -828199.780287
6050592.401725 -824288.565268
6051250.046562 -796910.060135
6051703.116023 -777353.985040
6052137.449118 -757797.909944
6052178.907461 -755842.302435
6052379.969452 -746064.264887
6052993.496356 -714774.544735
6053580.501003 -683484.824582
6054291.483974 -644372.674391
6054599.324273 -626772.206806
6055107.739046 -597438.094163
6055473.754843 -575926.411558
6055965.117830 -546592.298915
6056487.585414 -515302.578762
6056550.415364 -511391.363743
6057145.693404 -472279.213552
6057689.655561 -435122.670871
6057934.336845 -417522.203285
6058263.668521 -392099.305661
6058499.507843 -372543.230566
6058698.806309 -354942.762980
6058940.131713 -333431.080375
6059026.241786 -325608.650337
6059129.255003 -315830.612790
6059147.906096 -313875.005280
6059252.421075 -302141.360223
6059442.979596 -278674.070109
6059558.529886 -263029.210032
6059766.661104 -231739.489880
6059839.174514 -220005.844823
6059942.607345 -200449.769727
6060117.715367 -163293.227046
6060232.400210 -135914.721913
6060239.874967 -133959.114403
6060297.211830 -114403.039308
6060341.442032 -96802.571722
6060355.775247 -87024.534174
6060371.746492 -75290.889117
6060404.814851 -42045.561455
6060406.248139 -28356.308888
6060402.153027 -12711.448812
6060398.569801 -2933.411264
6060392.836638 10755.841302
6060389.765297 16622.663831
6060383.622608 26400.701379
6060347.585132 57690.421531
6060311.752264 85068.926665
6060305.609437 88980.141684
6060294.552217 94846.964212
6060245.408576 118314.254327
6060202.099959 135914.721913
6060181.826547 141781.544441
6060121.209079 157426.404517
6060020.042539 182849.302141
6059915.283224 204360.984746
6059804.676975 223917.059842
6059607.934771 257162.387504
6059430.125858 284540.892637
6059242.356636 309963.790261
6059146.461784 321697.435318
6058994.307848 339297.902904
6058758.517326 364720.800528
6058467.968245 394054.913171
6058060.898199 431211.455852
6057952.232759 440989.493400
6057648.315935 466412.391024
6057160.176690 505524.541214
6057054.725502 513346.971253
6056856.483139 527036.223819
6056279.208229 564192.766500
6055750.418278 597438.094163
6055310.608626 624816.599296
6055210.476103 630683.421825
6054767.161998 656106.319449
6054551.383343 667839.964506
6053852.347834 704996.507187
6053555.531523 720641.367263
6053125.748304 742153.049868
6053085.328322 744108.657378
6052237.458159 783220.807568
6051843.749539 800821.275154
6051799.691973 802776.882664
6051068.113298 834066.602816
6050699.822938 849711.462892
6049839.255767 884912.398064
6048942.966627 920113.333236
6048334.146316 943580.623350
6047756.482718 965092.305955
6047435.103953 976825.951012
6046879.528738 996382.026107
6046823.866148 998337.633617
6046377.724798 1013982.493693
6045480.397343 1045272.213846
6044729.437733 1070695.111470
6043859.787122 1100029.224113
6043439.931367 1113718.476679
6043008.988528 1127407.729246
6042383.840502 1146963.804341
6042125.733750 1154786.234380
6041066.145996 1186075.954532
6040003.159652 1217365.674685
6039389.920140 1234966.142270
6038622.830569 1256477.824875
6038270.954053 1266255.862423
6038054.060630 1272122.684952
6037691.502201 1281900.722499
6036955.683296 1301456.797595
6036656.640493 1309279.227633
6035593.463713 1336657.732766
6034751.019598 1358169.415371
6033416.131456 1391414.743033
6031887.303956 1428571.285714
6030493.673628 1461816.613376
6030075.656720 1471594.650924
6029226.596364 1491150.726019
6028706.717301 1502884.371077
6028263.669427 1512662.408624
6027901.357046 1520484.838662
6026898.972221 1541996.521267
6026069.954983 1559596.988853
6025515.959489 1571330.633910
6024203.299551 1598709.139044
6022775.400054 1628043.251687
6022095.907122 1641732.504253
6020809.518956 1667155.401877
6020709.456087 1669111.009387
6018674.828010 1708223.159578
6017448.702903 1731690.449692
6016424.702351 1751246.524787
6015796.897812 1762980.169845
6015165.062529 1774713.814902
6013985.716026 1796225.497507
6012895.575151 1815781.572602
6012128.529533 1829470.825169
6010461.135241 1858804.937812
6010348.843233 1860760.545321
6008751.324945 1888139.050455
6008520.831640 1892050.265474
6007470.264000 1909650.733060
6006043.411268 1933118.023174
6005203.848957 1946807.275741
6004840.240662 1952674.098269
6002381.582536 1991786.248460
6000766.914865 2017209.146084
5999272.282222 2040676.436198
5998640.232380 2050454.473746
5997999.446960 2060232.511294
5995943.331659 2091522.231446
5994013.972169 2120856.344089
5993753.683708 2124767.559108
5992709.718147 2140412.419185
5991383.622741 2159968.494280
5989250.565106 2191258.214432
5987764.610012 2212769.897037
5985731.208932 2242104.009680
5983965.849726 2267526.907304
5981219.074985 2306639.057495
5979419.758043 2332061.955119
5978309.627937 2347706.815195
5976072.193960 2378996.535348
5975508.532610 2386818.965386
5973358.817276 2416153.078029
5972351.405456 2429842.330595
5969571.134908 2466998.873277
5968541.738452 2480688.125843
5968393.832695 2482643.733353
5966458.417959 2508066.630977
5964510.337107 2533489.528601
5962231.393500 2562823.641244
5961925.572886 2566734.856263
5961465.368515 2572601.678791
5958832.441457 2605847.006454
5957434.099541 2623447.474039
5956966.504182 2629314.296568
5954276.798050 2662559.624230
5952376.691847 2686026.914344
5949678.538261 2719272.242006
5948718.032726 2731005.887064
5947593.076241 2744695.139630
5945963.465665 2764251.214726
5943511.516466 2793585.327369
5942019.942954 2811185.794955
5940017.522675 2834653.085069
5939341.418692 2842475.515107
5937980.037553 2858120.375183
5935927.238444 2881587.665298
5933673.377521 2907010.562922
5932282.270689 2922655.422998
5931231.981976 2934389.068055
5930174.715570 2946122.713112
5926958.533660 2981323.648284
5924449.765572 3008702.153417
5922475.722753 3030213.836022
5920308.118499 3053681.126137
5918487.372209 3073237.201232
5915730.611462 3102571.313875
5915360.403801 3106482.528894
5913873.221883 3122127.388970
5911244.634944 3149505.894104
5908777.795416 3174928.791728
5906671.308210 3196440.474333
5906096.005716 3202307.296861
5902600.521569 3237508.232033
5902013.471282 3243375.054561
5901620.746313 3247286.269581
5900829.304297 3255108.699619
5900028.007902 3262931.129657
5896778.733868 3294220.849809
5895143.016306 3309865.709886
5892889.323367 3331377.392490
5888988.659415 3368533.935172
5887338.478034 3384178.795248
5885468.196135 3401779.262834
5881487.844539 3438935.805515
5881276.379413 3440891.413024
5879792.164597 3454580.665591
5877455.155117 3476092.348196
5875526.443214 3493692.815782
5875093.558455 3497604.030801
5874216.871158 3505426.460839
5872894.909276 3517160.105896
5872448.739771 3521071.320915
5869965.861506 3542583.003520
5865635.318212 3579739.546201
5865173.842298 3583650.761220
5861241.177185 3616896.088882
5856823.169998 3654052.631564
5853078.786724 3685342.351716
5849319.982888 3716632.071869
5847668.126125 3730321.324435
5847430.028864 3732276.931945
5845272.100488 3749877.399531
5842137.228541 3775300.297155
5841893.936584 3777255.904664
5837984.005154 3808545.624817
5833062.556931 3847657.775007
5829827.189995 3873080.672631
5827583.098540 3890681.140217
5825069.264393 3910237.215312
5821286.698072 3939571.327955
5817989.985608 3964994.225579
5814676.777336 3990417.123203
5812360.055290 4008017.590789
5807712.192175 4043218.525961
5805123.624576 4062774.601056
5804600.750656 4066685.816075
5804337.691519 4068641.423585
5801951.079562 4086241.891170
5798761.072011 4109709.181285
5795004.864750 4137087.686418
5794734.578519 4139043.293928
5791733.952376 4160554.976533
5786217.845590 4199667.126723
5780974.340644 4236823.669405
5779584.322894 4246601.706952
5777358.937175 4262246.567028
5775669.433848 4273980.212086
5770306.303289 4311136.754767
5766323.172518 4338515.259900
5762882.015178 4361982.550015
5758577.958925 4391316.662658
5753409.958364 4426517.597829
5750528.385115 4446073.672925
5748798.393147 4457807.317982
5745022.739491 4483230.215606
5742099.001584 4502786.290701
5736184.031645 4541898.440892
5730821.886870 4577099.376063
5726616.001316 4604477.881197
5721205.177014 4639678.816368
5716073.375442 4672924.144031
5715161.751027 4678790.966559
5709014.469100 4717903.116750
5705905.578807 4737459.191845
5702759.190340 4757015.266940
5698656.615039 4782438.164564
5695814.668838 4800038.632150
5692959.074772 4817639.099736
5691676.175432 4825461.529774
5689093.439282 4841106.389850
5684201.340705 4870440.502493
5680280.638471 4893907.792608
5679619.332944 4897819.007627
5675945.036988 4919330.690232
5674605.734325 4927153.120270
5670208.597457 4952576.017894
5669526.844673 4956487.232913
5664711.653118 4983865.738046
5658854.154738 5017111.065708
5653337.923278 5048400.785861
5646422.023062 5087512.936052
5646072.700859 5089468.543561
5641479.700079 5114891.441185
5639704.700945 5124669.478733
5633310.886315 5159870.413904
5629387.183186 5181382.096509
5628315.803030 5187248.919038
5626878.735554 5195071.349076
5624698.513934 5206804.994133
5618877.632780 5238094.714286
5612629.737203 5271340.041948
5605566.923380 5308496.584629
5598418.966524 5345653.127310
5594235.756698 5367164.809915
5590414.533165 5386720.885010
5584293.228960 5418010.605163
5577714.666505 5451255.932825
5569909.723628 5490368.083016
5567561.182160 5502101.728073
5564008.530902 5519702.195659
5562417.145556 5527524.625697
5556413.310579 5556858.738340
5549974.295332 5588148.458492
5544299.110658 5615526.963626
5540644.146010 5633127.431211
5537780.654045 5646816.683778
5534908.467355 5660505.936345
5527441.690225 5695706.871517
5520346.721525 5728952.199179
5515292.549765 5752419.489293
5509783.699637 5777842.386917
5503825.681278 5805220.892050
5496966.381585 5836510.612203
5489202.279967 5871711.547375
5483591.436545 5897134.444999
5478357.899395 5920601.735113
5475289.955914 5934290.987680
5468264.562262 5965580.707832
5461662.023089 5994914.820475
5453734.096966 6030115.755647
5451081.670448 6041849.400704
5450189.859229 6045760.615723
5441617.500884 6082917.158404
5441160.973758 6084872.765914
5437481.389001 6100517.625990
5432403.008824 6122029.308595
5427739.948483 6141585.383690
5423044.671244 6161141.458786
5420202.650133 6172875.103843
5418768.164380 6178741.926371
5412520.617915 6204164.823995
5408634.424912 6219809.684072
5407174.329718 6225676.506600
5406194.114527 6229587.721619
5402243.207430 6245232.581696
5392328.090636 6284344.731886
5382896.702762 6321501.274567
5378895.023480 6337146.134644
5375373.309430 6350835.387210
5365200.758780 6389947.537401
5363665.008278 6395814.359930
5360065.350462 6409503.612496
5355388.998349 6427104.080082
5354864.309813 6429059.687592
5345333.199173 6464260.622763
5343202.654667 6472083.052801
5336802.631968 6495550.342916
5328252.451015 6526840.063068
5324467.166187 6540529.315635
5323376.322091 6544440.530654
5322273.096565 6548351.745673
5313435.532978 6579641.465826
5310659.024189 6589419.503373
5301660.463802 6620709.223526
5293127.218480 6650043.336169
5282171.073619 6687199.878850
5274015.244302 6714578.383984
5264675.179417 6745868.104136
5259407.004015 6763468.571722
5251724.001343 6788891.469346
5251129.737415 6790847.076855
5239784.041066 6828003.619537
5238580.627045 6831914.834556
5226529.773432 6871026.984746
5224092.606578 6878849.414784
5215460.358308 6906227.919918
5211755.619675 6917961.564975
5202401.919795 6947295.677618
5193603.521800 6974674.182752
5188568.721516 6990319.042828
5181546.439455 7011830.725433
5177705.111892 7023564.370490
5171242.791648 7043120.445585
5162829.652354 7068543.343209
5161519.298724 7072454.558228
5154270.285035 7093966.240833
5150281.460164 7105699.885890
5141556.091249 7131122.783514
5140879.936533 7133078.391024
5132729.939872 7156545.681138
5123086.096700 7183924.186272
5109929.207252 7221080.728953
5105049.018878 7234769.981519
5100124.382870 7248459.234086
5087296.211498 7283660.169258
5076597.899028 7312994.281901
5070129.556740 7330594.749487
5066508.268820 7340372.787034
5052640.531744 7377529.329715
5040797.571676 7408819.049868
5037076.287005 7418597.087416
5031829.459123 7432286.339982
5018241.273299 7467487.275154
5009810.772086 7488998.957759
5005137.705968 7500732.602816
4989472.173475 7539844.753007
4980849.127614 7561356.435612
4969766.430571 7588734.940745
4964953.836891 7600468.585802
4964138.987591 7602424.193312
4957554.342665 7618069.053388
4953411.106673 7627847.090936
4946742.539465 7643491.951012
4940068.312503 7659136.811088
4929928.131405 7682604.101203
4919673.967631 7706071.391317
4907617.197830 7733449.896451
4892034.520798 7768650.831622
4887660.318309 7778428.869170
4881438.282909 7792118.121737
4878750.221633 7797984.944265
4877842.864281 7799940.551775
4861466.115776 7835141.486946
4853134.924058 7852741.954532
4843740.598122 7872298.029627
4841847.716978 7876209.244647
4837053.070174 7885987.282194
4835120.674854 7889898.497213
4817495.879704 7925099.432385
4814552.784782 7930966.254913
4808621.175303 7942699.899971
4803610.661424 7952477.937518
4787498.584011 7983767.657671
4785472.695389 7987678.872690
4783436.811252 7991590.087709
4776218.790161 8005279.340276
4772023.252606 8013101.770314
4770959.341427 8015057.377823
4761374.346528 8032657.845409
4746279.299850 8060036.350543
4733219.361264 8083503.640657
4711061.280742 8122615.790848
4709942.751092 8124571.398357
4694080.888968 8151949.903491
4689449.421933 8159772.333529
4672876.691264 8187150.838662
4653570.529702 8218440.558815
4635346.992934 8247774.671458
4615886.344156 8279064.391610
4595185.757173 8312309.719273
4587743.680169 8324043.364330
4576422.895630 8341643.831916
4554525.048771 8374889.159578
4537719.136571 8400312.057202
4536416.971544 8402267.664711
4532433.345972 8408134.487240
4528420.056324 8414001.309768
4505649.837072 8447246.637430
4501539.814900 8453113.459959
4500154.018764 8455069.067468
4476565.301311 8488314.395131
4456655.344352 8515692.900264
4446687.314796 8529382.152831
4426351.811825 8556760.657964
4424863.576530 8558716.265474
4405085.445879 8584139.163098
4392897.335393 8599784.023174
4381989.928046 8613473.275741
4367926.140834 8631073.743326
4353822.157840 8648674.210912
4326558.652985 8681919.538574
4310379.697186 8701475.613670
4282339.700041 8734720.941332
4277270.141146 8740587.763860
4272169.354229 8746454.586389
4267052.814300 8752321.408918
4251389.036969 8769921.876503
4235243.194246 8787522.344089
4207527.069703 8816856.456732
4186823.380923 8838368.139337
4148133.777607 8877480.289528
4116635.539295 8908770.009680
4114652.905613 8910725.617190
4073540.828525 8949837.767380
4048598.544014 8973305.057495
4044425.994832 8977216.272514
4014493.147167 9004594.777647
3992526.084818 9024150.852743
3985831.137916 9030017.675271
3976649.200975 9037840.105309
3942146.489738 9067174.217952
3930180.847006 9076952.255500
3906044.433820 9096508.330595
3893630.658495 9106286.368143
3865705.847263 9127798.050748
3845119.142251 9143442.910824
3823804.270064 9159087.770901
3777750.635698 9192333.098563
3775015.399690 9194288.706072
3743400.440922 9215800.388677
3711047.182974 9237312.071282
3692833.234716 9249045.716339
3659261.396226 9270557.398944
3628409.738699 9290113.474039
3567128.395240 9327270.016720
3543193.303027 9340959.269287
3487986.869116 9372248.989440
3427872.307280 9405494.317102
3394600.872429 9423094.784688
3316618.135014 9462206.934878
3271572.320052 9483718.617483
3246734.533305 9495452.262540
3221715.285364 9507185.907598
3187352.330165 9522830.767674
3120404.318756 9552164.880317
3036116.686789 9587365.815488
3005650.653558 9599099.460546
2900801.651017 9636256.003227
2870429.212077 9646034.040774
2844332.844270 9653856.470813
2809951.240466 9663634.508360
2782112.010550 9671456.938398
2744823.438533 9681234.975946
2684375.601219 9696879.836022
2572936.047370 9722302.733646
2535270.818281 9730125.163684
2496977.284713 9737947.593722
2438562.593847 9749681.238780
2379139.926922 9761414.883837
2204066.220352 9792704.603989
2170602.082559 9798571.426518
2017399.278695 9822038.716632
1768942.936515 9853328.436785
1405037.644541 9890484.979466
1318844.430029 9896351.801995
762748.623443 9925685.914638
434385.564217 9941330.774714
-558175.252040 9978487.317395
-1301831.934213 9999999.000000
-1678341.063697 9998077.032097
-2243103.835600 9990389.160484
-3776025.351074 9953871.770325
-3894921.728204 9950027.834519
-4422020.563933 9923120.283875
-4920324.498819 9894290.765328
-5096018.241321 9880836.990006
-5223878.635056 9869305.182587
-5549302.125959 9836631.728234
-5710639.746668 9817412.049202
-5761393.095714 9809724.177590
-5954963.021404 9775128.755333
-6062962.370451 9753987.108399
-6147640.722128 9736689.397271
-6270346.037724 9707859.878724
-6375924.706388 9682874.295983
-6493963.134554 9652122.809533
-6507398.621816 9648278.873727
-6550094.065707 9634825.098405
-6645110.206914 9604073.611955
-6762030.219750 9565634.253892
-6837247.025487 9540648.671151
-6950065.607091 9502209.313089
-6970572.951481 9494521.441476
-7054662.084497 9461847.987123
-7146226.708916 9425330.596963
-7186490.888672 9408032.885835
-7261074.766068 9373437.463579
-7307697.069249 9350373.848741
-7366400.126610 9319622.362291
-7373714.050400 9315778.426485
-7419175.619707 9290792.843744
-7422496.182347 9288870.875841
-7447855.005679 9273495.132616
-7494737.409911 9244665.614069
-7527293.951191 9223523.967134
-7532957.612177 9219680.031328
-7560437.115611 9200460.352297
-7600565.873602 9171630.833750
-7631694.719019 9148567.218912
-7651973.509694 9133191.475687
-7701427.532280 9094752.117624
-7734996.789021 9067844.566981
-7739751.220626 9064000.631174
-7753893.048428 9052468.823756
-7799384.501061 9014029.465693
-7843424.776247 8975590.107630
-7884524.711686 8939072.717471
-7927450.920803 8900633.359408
-7931613.758473 8896789.423602
-7945807.649816 8883335.648280
-7984121.849147 8846818.258120
-7988089.362965 8842974.322314
-8024464.791940 8806456.932155
-8031965.388811 8798769.060542
-8059901.083791 8769939.541995
-8078398.858252 8750719.862964
-8093122.327084 8735344.119739
-8096784.688415 8731500.183932
-8109433.272012 8718046.408610
-8141324.261284 8683450.986354
-8143056.533841 8681529.018451
-8161609.018729 8660387.371516
-8188469.299858 8629635.885066
-8206737.932282 8608494.238132
-8211586.528839 8602728.334422
-8227724.420093 8583508.655391
-8251716.531868 8554679.136844
-8256486.727360 8548913.233135
-8267360.984943 8535459.457813
-8296834.379801 8498942.067653
-8315211.149511 8475878.452816
-8327358.682895 8460502.709591
-8339404.228483 8445126.966366
-8343858.907233 8439361.062656
-8355672.708448 8423985.319431
-8382144.501545 8389389.897175
-8387869.978586 8381702.025562
-8393542.321218 8374014.153950
-8410358.472799 8350950.539112
-8433842.054299 8318277.084759
-8444627.244014 8302901.341534
-8452545.213451 8291369.534115
-8456445.888394 8285603.630406
-8476749.838069 8254852.143955
-8491672.267149 8231788.529118
-8497774.406844 8222178.689602
-8502588.865806 8214490.817990
-8521649.415595 8183739.331539
-8545179.978109 8145299.973477
-8559094.206672 8122236.358639
-8575255.477217 8095328.807995
-8578658.136318 8089562.904286
-8579780.083736 8087640.936383
-8600755.881221 8051123.546223
-8620501.030334 8016528.123967
-8635632.909578 7989620.573323
-8639906.888716 7981932.701711
-8654696.425733 7955025.151067
-8667334.091249 7931961.536229
-8678777.304140 7910819.889295
-8680818.348313 7906975.953488
-8688829.703539 7891600.210263
-8707615.303893 7855082.820104
-8710524.483472 7849316.916394
-8721150.557154 7828175.269460
-8729819.658540 7810877.558332
-8745187.249413 7780126.071882
-8753701.194502 7762828.360753
-8756533.827765 7757062.457044
-8775154.379354 7718623.098981
-8792696.563244 7682105.708822
-8809269.401209 7647510.286565
-8816621.511235 7632134.543340
-8822085.103368 7620602.735922
-8834821.808343 7593695.185278
-8844783.567544 7572553.538343
-8850207.349794 7561021.730924
-8854670.122886 7551411.891409
-8858230.693252 7543724.019796
-8867108.112677 7524504.340765
-8875867.177215 7505284.661734
-8888855.220379 7476455.143187
-8898296.343838 7455313.496252
-8902569.014983 7445703.656736
-8918664.280435 7409186.266577
-8922035.174008 7401498.394964
-8933701.832512 7374590.844321
-8943608.149256 7351527.229483
-8953447.278480 7328463.614645
-8968894.649283 7291946.224486
-8972095.307864 7284258.352873
-8987926.644314 7245818.994811
-8991056.568784 7238131.123198
-8998081.582439 7220833.412070
-9009751.643255 7192003.893523
-9012064.808929 7186237.989814
-9021309.953166 7163174.374976
-9030458.282073 7140110.760138
-9044169.709975 7105515.337882
-9056943.860519 7072841.883529
-9057684.013919 7070919.915626
-9064261.939285 7053622.204497
-9078664.248529 7015182.846435
-9091466.754934 6980587.424178
-9093593.940743 6974821.520469
-9095716.224205 6969055.616760
-9103491.953477 6947913.969825
-9113365.572865 6921006.419181
-9118294.818445 6907552.643859
-9130883.090452 6872957.221603
-9139851.128458 6847971.638862
-9145291.496030 6832595.895637
-9149341.351967 6821064.088218
-9158050.913426 6796078.505478
-9159371.159287 6792234.569671
-9166611.159465 6771092.922737
-9174457.326720 6748029.307899
-9182895.415512 6723043.725159
-9191266.202824 6698058.142418
-9196398.802241 6682682.399193
-9202106.614426 6665384.688065
-9209072.793082 6644243.041130
-9220382.322414 6609647.618874
-9230972.329242 6576974.164520
-9233428.948982 6569286.292908
-9242021.037685 6542378.742264
-9250504.797349 6515471.191620
-9259524.707615 6486641.673073
-9261311.148983 6480875.769364
-9262498.800467 6477031.833558
-9264266.733302 6471265.929848
-9274815.811052 6436670.507592
-9277140.745255 6428982.635979
-9287524.252072 6394387.213723
-9289830.117935 6386699.342110
-9292124.968107 6379011.470498
-9303583.554153 6340572.112435
-9307577.677738 6327118.337113
-9310973.383338 6315586.529694
-9311538.566666 6313664.561791
-9321643.194711 6279069.139535
-9327801.575335 6257927.492600
-9328907.046663 6254083.556794
-9330000.735005 6250239.620988
-9336527.925452 6227176.006150
-9347348.790470 6188736.648088
-9358133.763810 6150297.290025
-9358666.270424 6148375.322122
-9359723.586964 6144531.386316
-9362856.208520 6132999.578897
-9367552.064730 6115701.867769
-9369097.039514 6109935.964059
-9369605.712804 6108013.996156
-9377645.107906 6077262.509706
-9385172.325458 6048432.991159
-9392161.618345 6021525.440515
-9393149.246895 6017681.504709
-9402489.751248 5981164.114549
-9411764.821701 5944646.724390
-9419491.271929 5913895.237940
-9425220.288244 5890831.623102
-9431422.792952 5865846.040361
-9438022.680106 5838938.489717
-9440822.844896 5827406.682299
-9441752.136790 5823562.746492
-9450958.065468 5785123.388430
-9455064.626824 5767825.677302
-9460944.759249 5742840.094561
-9467222.294736 5715932.543917
-9468995.957881 5708244.672304
-9474280.844372 5685181.057467
-9478207.957797 5667883.346339
-9486457.741093 5631365.956179
-9490341.547959 5614068.245051
-9493751.664976 5598692.501826
-9498835.580572 5575628.886988
-9505572.766292 5544877.400538
-9509734.909356 5525657.721507
-9517973.377266 5487218.363444
-9519617.063259 5479530.491832
-9525736.061490 5450700.973285
-9531847.626791 5421871.454738
-9535095.269829 5406495.711513
-9540720.329624 5379588.160869
-9543524.350770 5366134.385547
-9547099.094535 5348836.674419
-9549080.264277 5339226.834903
-9552225.329011 5323851.091678
-9556135.356383 5304631.412647
-9560796.359491 5281567.797809
-9565030.503391 5260426.150874
-9566562.794921 5252738.279262
-9574201.238218 5214298.921199
-9580257.129716 5183547.434749
-9587418.321314 5147030.044590
-9594536.642951 5110512.654430
-9598260.714068 5091292.975399
-9598631.338679 5089371.007496
-9600463.480716 5079761.167980
-9603004.023536 5066307.392658
-9604447.100768 5058619.521046
-9609117.503595 5033633.938305
-9613067.019929 5012492.291370
-9618753.672912 4981740.804920
-9621238.611143 4968287.029598
-9624763.156344 4949067.350567
-9626166.252136 4941379.478954
-9630010.961020 4920237.832020
-9632441.573041 4906784.056698
-9633129.430545 4902940.120892
-9634155.687782 4897174.217182
-9635170.976834 4891408.313473
-9637195.503487 4879876.506054
-9641548.070499 4854890.923313
-9644550.612757 4837593.212185
-9647872.858857 4818373.533154
-9649186.767605 4810685.661541
-9651150.581946 4799153.854123
-9653113.223874 4787622.046704
-9653760.055259 4783778.110898
-9654080.393511 4781856.142994
-9658543.733377 4754948.592351
-9662335.289494 4731884.977513
-9667655.481047 4699211.523160
-9668275.789413 4695367.587353
-9671650.881334 4674225.940419
-9674995.742260 4653084.293485
-9678607.625402 4630020.678647
-9683420.577196 4599269.192197
-9684319.757766 4593503.288487
-9689994.063456 4556985.898328
-9693843.920062 4532000.315587
-9699409.954341 4495482.925428
-9700285.628091 4489717.021718
-9704039.209716 4464731.438978
-9706321.339653 4449355.695752
-9707457.578620 4441667.824140
-9711969.599459 4410916.337690
-9717262.957988 4374398.947530
-9718924.409894 4362867.140111
-9724412.217180 4324427.782049
-9727966.263605 4299442.199308
-9728778.453217 4293676.295599
-9732538.642674 4266768.744955
-9737638.632519 4230251.354795
-9738435.053985 4224485.451086
-9739491.093244 4216797.579473
-9741057.694323 4205265.772055
-9741575.082170 4201421.836248
-9742342.091024 4195655.932539
-9746661.592387 4162982.478186
-9751683.659073 4124543.120123
-9752179.946000 4120699.184317
-9753168.182856 4113011.312704
-9757076.763774 4082259.826254
-9757563.803553 4078415.890448
-9758050.537162 4074571.954642
-9758779.260995 4068806.050932
-9762643.819499 4038054.564482
-9766736.984132 4005381.110129
-9768641.383165 3990005.366904
-9769821.108525 3980395.527388
-9774525.035314 3941956.169325
-9778988.083690 3905438.779166
-9781096.782928 3888141.068038
-9785729.262104 3849701.709975
-9786187.197472 3845857.774169
-9787323.235408 3836247.934653
-9790949.199841 3805496.448203
-9793196.485857 3786276.769172
-9796787.494827 3755525.282722
-9800563.568885 3722851.828368
-9804954.244754 3684412.470306
-9807806.321726 3659426.887565
-9808241.103230 3655582.951759
-9810184.823542 3638285.240630
-9814266.695592 3601767.850471
-9815337.338851 3592158.010955
-9818305.569804 3565250.460311
-9822317.894155 3528733.070152
-9822946.805302 3522967.166442
-9823988.027216 3513357.326927
-9827918.307219 3476839.936767
-9829156.126716 3465308.129348
-9830186.951604 3455698.289833
-9831412.358291 3444166.482414
-9832627.061565 3432634.674995
-9834237.916679 3417258.931770
-9835232.454240 3407649.092254
-9837412.983018 3386507.445320
-9839767.432505 3363443.830482
-9840943.041431 3351912.023064
-9843076.172176 3330770.376129
-9846753.041813 3294252.985970
-9850412.141071 3257735.595810
-9851373.727861 3248125.756294
-9854602.438688 3215452.301941
-9856481.847528 3196232.622910
-9857975.892844 3180856.879685
-9859640.163652 3163559.168557
-9860192.175032 3157793.264847
-9860373.705216 3155871.296944
-9863773.615592 3119353.906785
-9864661.248076 3109744.067269
-9867635.638712 3077070.612916
-9869895.250413 3052085.030175
-9872466.301316 3023255.511628
-9875874.133434 2984816.153565
-9876042.634497 2982894.185662
-9878555.077987 2954064.667115
-9878887.815276 2950220.731309
-9879379.809130 2944454.827599
-9879707.058791 2940610.891793
-9880848.084565 2927157.116471
-9882457.069062 2907937.437440
-9883889.620432 2890639.726312
-9886114.589325 2863732.175668
-9886904.921076 2854122.336152
-9887376.912721 2848356.432443
-9887533.875830 2846434.464540
-9887690.594149 2844512.496637
-9890658.947942 2807995.106477
-9892832.481872 2781087.555833
-9894689.660283 2758023.940996
-9897136.720626 2727272.454545
-9897438.487546 2723428.518739
-9899230.281224 2700364.903902
-9900993.265463 2677301.289064
-9902584.373109 2656159.642130
-9903736.779756 2640783.898904
-9904452.279243 2631174.059389
-9904735.633448 2627330.123583
-9907405.032925 2590812.733423
-9908947.877351 2569671.086489
-9910749.794058 2544685.503748
-9910886.524694 2542763.535845
-9912642.734332 2517777.953104
-9914933.362828 2485104.498751
-9916813.231222 2458196.948107
-9918414.762463 2435133.333269
-9919599.182818 2417835.622141
-9919859.377192 2413991.686335
-9920375.147204 2406303.814722
-9921397.470823 2390928.071497
-9922913.030922 2367864.456660
-9924534.037831 2342878.873919
-9927002.761011 2304439.515856
-9927978.400043 2289063.772631
-9928699.905238 2277531.965212
-9929180.455075 2269844.093600
-9930378.428914 2250624.414569
-9932637.368783 2214107.024409
-9934062.710219 2191043.409571
-9935824.053305 2162213.891024
-9937571.868777 2133384.372477
-9938732.575474 2114164.693446
-9939537.200137 2100710.918124
-9941476.026273 2068037.463771
-9942714.546871 2046895.816836
-9943487.069703 2033442.041515
-9943927.174920 2025754.169902
-9945465.984652 1998846.619258
-9946776.954586 1975783.004421
-9947526.151290 1962329.229099
-9948587.578345 1943109.550067
-9950492.176812 1908514.127811
-9952279.696642 1875840.673458
-9953633.716973 1850855.090717
-9954351.247550 1837401.315395
-9954452.214997 1835479.347492
-9955637.556918 1812415.732654
-9956411.205483 1797039.989429
-9958213.498144 1760522.599270
-9958306.728949 1758600.631367
-9959040.458389 1743224.888141
-9960581.277437 1710551.433788
-9960852.215908 1704785.530079
-9961210.018595 1697097.658466
-9961924.762432 1681721.915241
-9962890.970200 1660580.268307
-9963234.593015 1652892.396694
-9964495.890327 1624062.878147
-9965995.987670 1589467.455891
-9966077.726688 1587545.487988
-9967123.729313 1562559.905247
-9968322.682127 1533730.386700
-9969431.295154 1506822.836056
-9970689.790992 1476071.349606
-9971710.939734 1451085.766865
-9972652.265711 1428022.152028
-9974185.122642 1389582.793965
-9975557.077107 1354987.371709
-9975707.402714 1351143.435902
-9976676.284214 1326157.853162
-9977041.023644 1316548.013646
-9977331.972675 1308860.142033
-9977837.449139 1295406.366712
-9978478.828448 1278108.655583
-9979241.947551 1256967.008649
-9979586.722834 1247357.169133
-9980058.411473 1233903.393811
-9980189.416744 1230059.458005
-9980951.667640 1206995.843167
-9981697.676865 1183932.228330
-9981940.940458 1176244.356717
-9982668.238119 1153180.741880
-9983332.642774 1132039.094945
-9983916.935984 1112819.415914
-9983974.122401 1110897.448011
-9984966.250872 1076302.025754
-9985765.156107 1047472.507207
-9985868.379171 1043628.571401
-9986267.277584 1028252.828176
-9986952.399877 1001345.277532
-9987623.145192 974437.726888
-9987813.965589 966749.855276
-9988607.512243 934076.400923
-9988977.665039 918700.657697
-9989114.627573 912934.753988
-9989916.124256 878339.331732
-9990270.707181 862963.588507
-9990573.089209 849509.813185
-9991081.643588 826446.198347
-9991324.889795 814914.390928
-9992085.474366 778397.000769
-9992395.929229 763021.257544
-9992879.224283 738035.674803
-9993526.413145 703440.252547
-9994021.235944 676532.701903
-9994055.360211 674610.734000
-9994429.609058 653469.087065
-9994462.006188 651547.119162
-9995025.054716 616951.696906
-9995230.527758 603497.921584
-9995518.992356 584278.242552
-9995657.145290 574668.403037
-9995951.055966 553526.756102
-9996446.981378 515087.398040
-9996629.172692 499711.654815
-9997064.439827 461272.296752
-9997400.077480 428598.842399
-9997733.998814 395925.388045
-9998080.356498 359407.997886
-9998320.029853 332500.447242
-9998484.164516 313280.768211
-9998677.876975 288295.185470
-9998899.879172 259465.666923
-9999085.915019 232558.116279
-9999211.744228 213338.437248
-9999314.110185 196040.726120
-9999332.829692 192196.790313
-9999415.255005 174899.079185
-9999533.604993 147991.528541
-9999619.949686 126849.881607
-9999633.635431 123005.945800
-9999694.315365 105708.234672
-9999713.636114 99942.330963
-9999822.614470 63424.940803
-9999889.627890 28829.518547
-9999945.069054 -7687.871613
-9999952.716002 -15375.743225
-9999981.693879 -46127.229675
-9999997.188900 -73034.780319
-9999999.000000 -107630.202575
-9999973.342532 -136459.721122
-9999923.435244 -167211.207573
-9999852.998354 -194118.758216
-9999776.925572 -221026.308860
-9999703.266038 -244089.923698
-9999609.681863 -272919.442245
-9999488.918921 -301748.960792
-9999320.443363 -336344.383048
-9999151.352017 -367095.869498
-9998990.393665 -392081.452239
-9998743.948719 -426676.874495
-9998536.746669 -453584.425139
-9998355.089116 -474726.072074
-9998197.381625 -492023.783202
-9998067.656931 -505477.558524
-9998048.620187 -507399.526427
-9997855.224463 -526619.205458
-9997583.057157 -553526.756102
-9997520.797591 -559292.659812
-9997342.648906 -574668.403037
-9996996.491502 -603497.921584
-9996664.918804 -630405.472228
-9996316.354730 -657313.022871
-9996184.783752 -666922.862387
-9995757.277315 -697674.348837
-9995703.231474 -701518.284643
-9995425.912655 -720737.963675
-9995168.118784 -738035.674803
-9994818.312265 -761099.289641
-9994327.565437 -791850.776091
-9993886.797124 -818758.326735
-9993792.042280 -824524.230444
-9993208.893938 -859119.652700
-9993174.668020 -861041.620603
-9993140.137113 -862963.588507
-9992482.118054 -899480.978666
-9991936.687552 -928310.497213
-9991518.781262 -949452.144148
-9990891.345841 -980203.630598
-9990727.139900 -987891.502210
-9990396.277142 -1003267.245435
-9989887.722763 -1026330.860273
-9989233.624212 -1055160.378820
-9988621.699974 -1082067.929464
-9988531.416031 -1085911.865270
-9988119.606234 -1103209.576398
-9988073.439642 -1105131.544301
-9987499.746820 -1128195.159139
-9986863.561834 -1153180.741880
-9986256.574837 -1176244.356717
-9985496.297795 -1205073.875264
-9985140.781572 -1218527.650586
-9984669.788278 -1235825.361714
-9984343.416177 -1247357.169133
-9983613.442533 -1272342.751874
-9982879.435370 -1297328.334615
-9982417.802502 -1312704.077840
-9981369.805350 -1347299.500096
-9980364.169350 -1379972.954449
-9979700.906945 -1401114.601384
-9979579.690669 -1404958.537190
-9978338.422611 -1443397.895253
-9978021.338986 -1453007.734768
-9976986.655801 -1483759.221219
-9976269.571919 -1504900.868153
-9975808.129166 -1518354.643475
-9975672.314305 -1522198.579281
-9975399.008989 -1529886.450894
-9975330.473136 -1531808.418797
-9973996.409064 -1568325.808956
-9973707.144411 -1576013.680569
-9972974.505102 -1595233.359600
-9971861.313015 -1624062.878147
-9970347.491597 -1662502.236210
-9969810.250900 -1675956.011532
-9968390.623168 -1710551.433788
-9968148.280607 -1716317.337498
-9967075.974059 -1741302.920238
-9965998.120596 -1766288.502979
-9965662.629530 -1773976.374592
-9964894.298123 -1791274.085720
-9963326.761876 -1825869.507976
-9962534.293896 -1843167.219104
-9961283.492181 -1870074.769748
-9961103.513405 -1873918.705554
-9960110.072345 -1895060.352489
-9958558.243247 -1927733.806842
-9958006.649189 -1939265.614261
-9957083.000388 -1958485.293292
-9955765.630145 -1985392.843936
-9955291.885471 -1995002.683452
-9954710.995614 -2006534.490871
-9953354.061007 -2033442.041515
-9953256.483167 -2035364.009418
-9951778.082841 -2064193.527965
-9951177.537226 -2075725.335383
-9950975.383029 -2079569.271190
-9949232.808772 -2112242.725543
-9947884.517822 -2137228.308284
-9947676.427423 -2141072.244090
-9945999.353778 -2171823.730540
-9944740.224300 -2194887.345378
-9942835.625833 -2229482.767634
-9941879.346072 -2246780.478762
-9940154.483306 -2277531.965212
-9939717.938017 -2285219.836825
-9938404.299173 -2308283.451663
-9936728.817586 -2337112.970209
-9935144.685929 -2364020.520853
-9934915.915739 -2367864.456660
-9932710.573015 -2404381.846819
-9931892.559688 -2417835.622141
-9931419.706831 -2425523.493754
-9930465.858254 -2440899.236979
-9929858.358560 -2450509.076494
-9928149.397103 -2477416.627138
-9927529.933191 -2487026.466654
-9927153.107075 -2492792.370363
-9926140.897451 -2508168.113588
-9925250.389613 -2521621.888910
-9923970.183081 -2540841.567942
-9921663.738809 -2575436.990198
-9919075.657630 -2613876.348261
-9916838.419182 -2646549.802614
-9916303.644127 -2654237.674226
-9916169.600916 -2656159.642130
-9915356.939935 -2667691.449548
-9913182.361488 -2698442.935998
-9910975.901642 -2729194.422449
-9910006.462080 -2742648.197771
-9909727.360257 -2746492.133577
-9907039.992899 -2783009.523736
-9905049.880446 -2809917.074380
-9903195.753447 -2834902.657121
-9900587.832618 -2869498.079377
-9897649.525553 -2907937.437440
-9895433.212588 -2936766.955987
-9894838.834269 -2944454.827599
-9893051.371664 -2967518.442437
-9890666.163777 -2998269.928887
-9889455.229333 -3013645.672112
-9887775.543782 -3034787.319047
-9886540.347372 -3050163.062272
-9884198.743293 -3078992.580819
-9882142.284942 -3103978.163559
-9881823.201597 -3107822.099366
-9880704.685287 -3121275.874688
-9878457.293298 -3148183.425332
-9876845.837372 -3167403.104363
-9876193.326012 -3175090.975975
-9873883.402548 -3201998.526619
-9872555.454974 -3217374.269844
-9869233.085454 -3255813.627907
-9868234.873587 -3267345.435326
-9868066.623956 -3269267.403229
-9866719.621334 -3284643.146454
-9864527.472486 -3309628.729195
-9861460.423580 -3344224.151451
-9860769.737223 -3351912.023064
-9858345.217884 -3378819.573707
-9856236.443716 -3401883.188545
-9854647.946959 -3419180.899673
-9853037.463097 -3436478.610801
-9850692.734344 -3461464.193542
-9847977.564032 -3490293.712089
-9845436.141446 -3517201.262733
-9843966.199883 -3532577.005958
-9842673.598899 -3546030.781280
-9841749.004006 -3555640.620796
-9839500.039812 -3578704.235633
-9838370.019338 -3590236.043052
-9835123.257203 -3622909.497405
-9833585.785048 -3638285.240630
-9829710.043245 -3676724.598693
-9828342.265818 -3690178.374015
-9826957.498618 -3703632.149337
-9825359.720722 -3719007.892562
-9822759.796174 -3743993.475303
-9818738.116918 -3782432.833365
-9815106.317327 -3817028.255622
-9813287.956806 -3834325.966750
-9812275.704078 -3843935.806266
-9810442.542094 -3861233.517394
-9806975.231324 -3893906.971747
-9806770.859306 -3895828.939650
-9802874.707607 -3932346.329810
-9798756.935899 -3970785.687872
-9795658.236730 -3999615.206419
-9791512.785343 -4038054.564482
-9788382.860712 -4066884.083029
-9787539.281211 -4074571.954642
-9784986.650555 -4097635.569479
-9781757.749833 -4126465.088026
-9779167.825351 -4149528.702864
-9776762.399428 -4170670.349798
-9775877.370466 -4178358.221411
-9774757.357056 -4187968.060926
-9773176.105475 -4201421.836248
-9771129.920045 -4218719.547377
-9766989.949478 -4253314.969633
-9764913.322189 -4270612.680761
-9762826.039413 -4287910.391889
-9762124.034603 -4293676.295599
-9759766.082597 -4312895.974630
-9755483.898351 -4347491.396886
-9754283.062633 -4357101.236402
-9753319.357179 -4364789.108015
-9750398.955526 -4387852.722852
-9747207.247125 -4412838.305593
-9744474.254649 -4433979.952527
-9741706.952038 -4455121.599462
-9737900.358400 -4483951.118009
-9734070.066610 -4512780.636556
-9730461.761921 -4539688.187200
-9725534.416496 -4576205.577359
-9721890.269036 -4603113.128003
-9718729.935581 -4626176.742841
-9717668.040292 -4633864.614453
-9714998.599928 -4653084.293485
-9713388.076820 -4664616.100903
-9713117.677803 -4666538.068806
-9709858.977052 -4689601.683644
-9709312.867504 -4693445.619450
-9704340.632053 -4728041.041707
-9703507.882090 -4733806.945416
-9702665.463383 -4739572.849125
-9700695.043040 -4753026.624447
-9697868.182296 -4772246.303479
-9696154.511855 -4783778.110898
-9695003.743468 -4791465.982510
-9691802.609808 -4812607.629445
-9686801.420861 -4845281.083798
-9684727.173001 -4858734.859120
-9680551.131213 -4885642.409764
-9680250.682986 -4887564.377667
-9679045.274584 -4895252.249279
-9677234.988632 -4906784.056698
-9674183.239622 -4926003.735729
-9669589.113167 -4954833.254276
-9667130.082136 -4970208.997501
-9665588.574866 -4979818.837017
-9659982.346032 -5014414.259273
-9654975.106923 -5045165.745724
-9652780.502719 -5058619.521046
-9646791.553567 -5095136.911205
-9642963.545824 -5118200.526043
-9636866.196187 -5154717.916202
-9631697.724601 -5185469.402652
-9627470.655432 -5210454.985393
-9621909.836636 -5243128.439746
-9617629.421996 -5268114.022487
-9614330.892238 -5287333.701518
-9608679.701217 -5320007.155872
-9603975.503074 -5346914.706515
-9600241.648927 -5368056.353450
-9595813.078950 -5393041.936191
-9589637.127855 -5427637.358447
-9588945.976895 -5431481.294253
-9584061.471302 -5458388.844897
-9578084.047110 -5491062.299250
-9574887.216268 -5508360.010379
-9572740.650857 -5519891.817797
-9566589.196368 -5552565.272151
-9564758.151421 -5562175.111666
-9562168.441331 -5575628.886988
-9555126.573726 -5612146.277148
-9554381.312555 -5615990.212954
-9551013.521190 -5633287.924082
-9547609.128549 -5650585.635210
-9544546.389132 -5665961.378436
-9544161.235089 -5667883.346339
-9540682.297761 -5685181.057467
-9537971.561650 -5698634.832789
-9530916.499115 -5733230.255045
-9527758.104855 -5748605.998270
-9523003.297475 -5771669.613108
-9521013.720587 -5781279.452623
-9516998.255261 -5800499.131655
-9510130.444217 -5833172.586008
-9507703.567505 -5844704.393427
-9500802.326049 -5877377.847780
-9493490.690291 -5911973.270037
-9488978.798432 -5933114.916971
-9484831.860895 -5952334.596002
-9481918.360751 -5965788.371324
-9475222.236152 -5996539.857774
-9467670.659658 -6031135.280031
-9464291.744032 -6046511.023256
-9463012.165409 -6052276.926965
-9462581.956201 -6054198.894868
-9458239.964992 -6073418.573900
-9451254.121459 -6104170.060350
-9446424.591365 -6125311.707284
-9437638.199948 -6163751.065347
-9434084.273388 -6179126.808572
-9431842.296428 -6188736.648088
-9429121.616381 -6200268.455506
-9423152.724402 -6225254.038247
-9417131.252243 -6250239.620988
-9415275.000576 -6257927.492600
-9410599.245023 -6277147.171632
-9403978.498489 -6304054.722276
-9401612.452456 -6313664.561791
-9393073.132330 -6348259.984048
-9387824.859115 -6369401.630982
-9383506.249647 -6386699.342110
-9377260.335387 -6411684.924851
-9374830.400192 -6421294.764367
-9373845.929797 -6425138.700173
-9371864.328712 -6432826.571786
-9365353.342115 -6457812.154526
-9361343.998412 -6473187.897751
-9355784.696014 -6494329.544686
-9347693.207692 -6525081.031136
-9339580.751289 -6555832.517586
-9330347.029106 -6590427.939842
-9322576.686866 -6619257.458389
-9315257.653122 -6646165.009033
-9311552.168007 -6659618.784355
-9303585.628833 -6688448.302902
-9298218.122902 -6707667.981933
-9295511.106904 -6717277.821449
-9288449.401190 -6742263.404190
-9286814.335893 -6748029.307899
-9279101.950110 -6774936.858543
-9271374.031416 -6801844.409187
-9270820.180820 -6803766.377090
-9263050.617426 -6830673.927734
-9261365.373346 -6836439.831443
-9251178.256547 -6871035.253700
-9247167.751431 -6884489.029022
-9236770.001935 -6919084.451278
-9226909.385287 -6951757.905631
-9215163.868158 -6990197.263694
-9203920.293047 -7026714.653854
-9199166.382906 -7042090.397079
-9191414.347291 -7067075.979819
-9181234.561779 -7099749.434173
-9175784.545722 -7117047.145301
-9173943.383857 -7122813.049010
-9164061.039464 -7153564.535460
-9152919.691833 -7188159.957717
-9147943.258144 -7203535.700942
-9139146.957553 -7230443.251586
-9134729.839031 -7243897.026908
-9131551.970130 -7253506.866423
-9127696.933823 -7265038.673842
-9123133.386960 -7278492.449164
-9114595.871736 -7303478.031905
-9103931.956868 -7334229.518355
-9102582.004889 -7338073.454161
-9089680.490369 -7374590.844321
-9084190.801778 -7389966.587546
-9072409.934139 -7422640.041899
-9071013.369087 -7426483.977705
-9063267.411747 -7447625.624640
-9051869.832473 -7478377.111090
-9049004.973086 -7486064.982702
-9045404.395775 -7495674.822218
-9032269.166004 -7530270.244474
-9021915.211744 -7557177.795118
-9012969.748392 -7580241.409956
-8999498.043166 -7614836.832212
-8998746.021645 -7616758.800115
-8994193.913749 -7628290.607534
-8979709.059645 -7664807.997694
-8974333.542255 -7678261.773016
-8967365.735114 -7695559.484144
-8962712.944722 -7707091.291563
-8961926.591419 -7709013.259466
-8953154.065522 -7730154.906400
-8946747.404908 -7745530.649625
-8933030.328117 -7778204.103978
-8932220.043997 -7780126.071882
-8928154.946417 -7789735.911397
-8927333.625350 -7791657.879300
-8923188.329794 -7801267.718816
-8917365.001741 -7814721.494138
-8908198.341488 -7835863.141072
-8902334.830736 -7849316.916394
-8887983.697759 -7881990.370748
-8882033.194893 -7895444.146070
-8865625.142802 -7931961.536229
-8852439.609423 -7960791.054776
-8841738.617343 -7983854.669614
-8830029.803587 -8008840.252354
-8814449.730328 -8041513.706708
-8804198.870770 -8062655.353642
-8796687.684868 -8078031.096867
-8790021.717464 -8091484.872189
-8787156.722488 -8097250.775899
-8780342.418554 -8110704.551220
-8773421.407897 -8124158.326542
-8762384.009766 -8145299.973477
-8742176.267810 -8183739.331539
-8739093.089123 -8189505.235249
-8736995.439624 -8193349.171055
-8718925.050643 -8226022.625408
-8699692.144523 -8260618.047665
-8679156.022692 -8297135.437824
-8673677.083063 -8306745.277340
-8672578.963267 -8308667.245243
-8668181.806729 -8316355.116856
-8665942.762396 -8320199.052662
-8643357.135553 -8358638.410725
-8630812.199645 -8379780.057659
-8607673.349849 -8418219.415722
-8584036.255350 -8456658.773784
-8578073.041205 -8466268.613300
-8556407.975879 -8500864.035556
-8539242.161134 -8527771.586200
-8524354.926592 -8550835.201038
-8499454.785707 -8589274.559101
-8496913.735957 -8593118.494907
-8477809.867174 -8621948.013454
-8453316.340245 -8658465.403613
-8440152.496292 -8677685.082645
-8433420.291033 -8687294.922160
-8429281.493100 -8693060.825870
-8402864.038813 -8729578.216029
-8394378.040063 -8741110.023448
-8391484.355954 -8744953.959254
-8385536.562769 -8752641.830867
-8367493.503709 -8775705.445704
-8362892.771825 -8781471.349414
-8336784.800132 -8814144.803767
-8305670.688464 -8852584.161830
-8283572.361371 -8879491.712474
-8264061.475907 -8902555.327311
-8257438.617429 -8910243.198924
-8225738.140672 -8946760.589083
-8217225.912616 -8956370.428599
-8213711.041820 -8960214.364405
-8188497.362115 -8987121.915049
-8160561.667135 -9015951.433596
-8130247.671261 -9046702.920046
-8126438.650774 -9050546.855852
-8091114.130041 -9085142.278109
-8079059.159890 -9096674.085528
-8040029.039633 -9133191.475687
-8023250.797825 -9148567.218912
-8005945.561850 -9163942.962137
-7999391.833957 -9169708.865847
-7994842.688693 -9173552.801653
-7983255.291448 -9183162.641169
-7961721.672902 -9200460.352297
-7930482.596704 -9225445.935037
-7893720.031425 -9254275.453584
-7847883.400064 -9288870.875841
-7842621.545511 -9292714.811647
-7791913.796805 -9329232.201807
-7750283.385384 -9358061.720354
-7730205.362854 -9371515.495676
-7715207.931642 -9381125.335191
-7709093.898690 -9384969.270997
-7705994.436314 -9386891.238901
-7651014.918387 -9419564.693254
-7623804.024289 -9434940.436479
-7557977.330428 -9471457.826638
-7550780.908665 -9475301.762445
-7506753.615644 -9498365.377282
-7430373.448921 -9536804.735345
-7361396.271333 -9571400.157601
-7345122.580189 -9579088.029214
-7324404.836469 -9588697.868730
-7248131.283568 -9623293.290986
-7218129.579389 -9636747.066308
-7186176.682942 -9650200.841630
-7137984.775353 -9669420.520661
-7108175.111849 -9680952.328080
-7042425.464095 -9705937.910821
-7006700.468640 -9719391.686143
-6979451.912680 -9729001.525658
-6916454.534126 -9750143.172593
-6875103.082550 -9763596.947915
-6808010.242151 -9784738.594849
-6700526.344050 -9815490.081299
-6671208.625348 -9823177.952912
-6535104.837943 -9855851.407265
-6434950.552120 -9876993.054199
-6297764.871680 -9901978.636940
-6168375.242837 -9923120.283875
-5984861.874932 -9948105.866615
-5722979.438494 -9978857.353066
-5679539.553891 -9982701.288872
-5568810.097587 -9992311.128387
-5541262.016834 -9994233.096291
-5503612.099996 -9996155.064194
-5454502.971815 -9998077.032097
-5391752.037167 -9999999.000000
0.000000 -9999999.000000
