2000
89751.832760 -9997236.950836
149585.553390 -9994474.901671
199845.352239 -9991712.852507
232909.467642 -9988950.803342
257543.852333 -9986188.754178
385302.225242 -9969616.459191
626209.327729 -9930947.770888
657223.409800 -9925423.672559
670443.347046 -9922661.623395
729121.879985 -9908851.377572
761315.734545 -9900565.230079
898621.553076 -9861896.541776
960932.337732 -9842562.197625
1071918.163514 -9806655.558486
1088214.822906 -9801131.460157
1192781.356176 -9765224.821019
1216605.788810 -9756938.673526
1254393.979495 -9743128.427703
1312739.224606 -9721032.034388
1387713.608400 -9690649.493578
1467756.828107 -9657504.903604
1532724.396052 -9629884.411960
1551624.481548 -9621598.264466
1624289.589824 -9588453.674492
1678264.335765 -9563595.232012
1729293.279036 -9538736.789532
1797023.675113 -9505592.199558
1841373.551071 -9483495.806242
1907311.391528 -9450351.216268
1955489.100810 -9425492.773788
2016823.454142 -9392348.183814
2062635.937441 -9367489.741334
2097001.404690 -9348155.397183
2148754.101098 -9317772.856373
2200311.393887 -9287390.315564
2227709.162436 -9270818.020577
2273204.632446 -9243197.528932
2303815.759965 -9223863.184781
2337264.272296 -9201766.791465
2365950.005553 -9182432.447314
2406659.798244 -9154811.955669
2426684.938640 -9141001.709847
2469222.856823 -9110619.169037
2517819.103686 -9074712.529899
2528966.011087 -9066426.382406
2536286.895898 -9060902.284077
2580082.049371 -9027757.694103
2605037.345196 -9008423.349952
2643692.644316 -8978040.809142
2670872.814983 -8955944.415827
2697755.370469 -8933848.022511
2720897.267418 -8914513.678359
2736950.778980 -8900703.432537
2771721.267989 -8870320.891728
2774833.952219 -8867558.842563
2786975.338674 -8856510.645905
2802039.682692 -8842700.400083
2819554.210554 -8826128.105096
2836658.507625 -8809555.810109
2856520.395047 -8790221.465958
2870543.760438 -8776411.220135
2878842.773309 -8768125.072642
2884228.026084 -8762600.974313
2902666.275375 -8743266.630162
2935894.500061 -8707359.991023
2943419.002025 -8699073.843530
2970894.434519 -8668691.302721
2973346.403035 -8665929.253556
2992417.115311 -8643832.860240
3020797.515908 -8610688.270267
3044354.879433 -8583067.778622
3067637.468186 -8555447.286977
3081392.820302 -8538874.991990
3083642.192948 -8536112.942826
3108292.316961 -8505730.402016
3136833.681272 -8469823.762878
3160503.175230 -8439441.222069
3175403.470311 -8420106.877917
3204938.869436 -8381438.189615
3213332.701180 -8370389.992957
3221594.627956 -8359341.796299
3250360.503803 -8320673.107996
3254448.572511 -8315149.009667
3274818.352398 -8287528.518022
3284916.030543 -8273718.272200
3303029.762971 -8248859.829720
3308976.158618 -8240573.682226
3332562.830908 -8207429.092252
3336448.392270 -8201904.993923
3361171.343934 -8165998.354785
3366803.298473 -8157712.207292
3388903.980271 -8124567.617318
3405453.303741 -8099709.174838
3421669.026284 -8074850.732357
3432281.450175 -8058278.437371
3453345.172842 -8025133.847397
3477587.687424 -7986465.159094
3501330.072131 -7947796.470791
3518214.117963 -7920175.979147
3533232.862948 -7895317.536666
3534896.763707 -7892555.487502
3548054.844439 -7870459.094186
3570851.574695 -7831790.405883
3572447.945769 -7829028.356719
3585094.429582 -7806931.963403
3592900.440399 -7793121.717580
3599085.447782 -7782073.520923
3618914.809949 -7746166.881784
3624983.252245 -7735118.685126
3636894.757039 -7713022.291811
3645781.115701 -7696449.996824
3663252.639607 -7663305.406850
3664706.700508 -7660543.357685
3680597.623079 -7630160.816876
3682040.379088 -7627398.767712
3693567.475013 -7605302.374396
3706468.557220 -7580443.931915
3723450.518197 -7547299.341942
3730481.378196 -7533489.096119
3731882.203489 -7530727.046955
3734666.189770 -7525202.948626
3742965.739524 -7508630.653639
3748450.498714 -7497582.456981
3766143.383981 -7461675.817843
3771553.756142 -7450627.621185
3775586.610613 -7442341.473691
3786197.137673 -7420245.080376
3798119.464877 -7395386.637895
3799442.558437 -7392624.588731
3817876.210822 -7353955.900428
3832220.661063 -7323573.359619
3836118.716248 -7315287.212125
3847619.346025 -7290428.769645
3852700.607945 -7279380.572987
3855205.697681 -7273856.474658
3856455.322055 -7271094.425494
3858940.069465 -7265570.327165
3862632.831126 -7257284.179671
3868710.143176 -7243473.933849
3873549.833363 -7232425.737191
3877130.501252 -7224139.589698
3881883.233548 -7213091.393040
3884233.087436 -7207567.294711
3886569.870313 -7202043.196382
3898189.034532 -7174422.704737
3910787.973941 -7144040.163928
3926787.810788 -7105371.475625
3934744.036659 -7086037.131474
3949328.101969 -7050130.492335
3962732.146414 -7016985.902362
3975949.962118 -6983841.312388
3983635.636276 -6964506.968236
3998908.884596 -6925838.279934
4001079.209702 -6920314.181605
4008611.291640 -6900979.837453
4009682.774791 -6898217.788289
4011814.506217 -6892693.689960
4018129.963580 -6876121.394973
4031644.129964 -6840214.755835
4045989.629605 -6801546.067532
4054103.721362 -6779449.674216
4068288.927500 -6740780.985914
4080300.543794 -6707636.395940
4085265.161175 -6693826.150117
4091180.966038 -6677253.855131
4092163.975717 -6674491.805966
4095083.725093 -6666205.658473
4106613.153111 -6633061.068499
4114201.688300 -6610964.675183
4127416.722702 -6572295.986880
4136837.586896 -6544675.495235
4142446.164579 -6528103.200249
4143378.203656 -6525341.151084
4145218.952214 -6519817.052755
4153486.346814 -6494958.610275
4154392.665779 -6492196.561110
4164352.629904 -6461814.020301
4165252.901240 -6459051.971137
4171477.297076 -6439717.626985
4176792.298405 -6423145.331998
4186481.320784 -6392762.791189
4194393.746968 -6367904.348709
4196143.795682 -6362380.250380
4203137.403595 -6340283.857064
4207483.827242 -6326473.611242
4218752.771641 -6290566.972103
4230730.810375 -6251898.283801
4240874.434731 -6218753.693827
4248419.091371 -6193895.251347
4252560.698383 -6180085.005524
4259102.856950 -6157988.612208
4270437.442578 -6119319.923906
4281659.443634 -6080651.235603
4285652.819422 -6066840.989780
4292808.497730 -6041982.547300
4295182.992581 -6033696.399807
4306135.225968 -5995027.711504
4306914.728743 -5992265.662339
4309999.475278 -5981217.465682
4311540.473585 -5975693.367353
4312305.503081 -5972931.318188
4319105.764948 -5948072.875708
4329674.590474 -5909404.187405
4337912.877134 -5879021.646596
4346821.250495 -5845877.056622
4355721.790267 -5812732.466648
4361613.925070 -5790636.073332
4366751.488869 -5771301.729181
4376242.677748 -5735395.090043
4386339.761619 -5696726.401740
4391353.265151 -5677392.057589
4401328.132665 -5638723.369286
4409848.393670 -5605578.779312
4411961.916346 -5597292.631819
4419691.416674 -5566910.091010
4423195.727940 -5553099.845187
4425283.846810 -5544813.697694
4430097.760936 -5525479.353542
4436260.557830 -5500620.911062
4440327.045346 -5484048.616075
4440996.731857 -5481286.566911
4444977.350719 -5464714.271924
4449597.755926 -5445379.927772
4451576.246503 -5437093.780279
4457471.514100 -5412235.337799
4465291.959328 -5379090.747825
4471132.490480 -5354232.305345
4478228.739167 -5323849.764535
4485253.382857 -5293467.223726
4492897.250679 -5260322.633752
4496055.455515 -5246512.387930
4497932.915217 -5238226.240436
4504770.804665 -5207843.699627
4513466.266963 -5169175.011324
4519014.143881 -5144316.568844
4526355.722003 -5111171.978870
4527566.077700 -5105647.880541
4528775.421760 -5100123.782212
4534199.304256 -5075265.339732
4542559.301339 -5036596.651429
4546735.812919 -5017262.307278
4547917.219927 -5011738.208949
4555532.667255 -4975831.569811
4560187.999495 -4953735.176495
4565416.542764 -4928876.734015
4567139.226759 -4920590.586521
4573450.489997 -4890208.045712
4580835.314169 -4854301.406574
4583081.334623 -4843253.209916
4585319.920153 -4832205.013258
4585877.252413 -4829442.964093
4592002.829755 -4799060.423284
4599212.224470 -4763153.784146
4606950.509602 -4724485.095843
4613506.895659 -4691340.505869
4615127.115957 -4683054.358376
4615661.414187 -4680292.309211
4619918.166037 -4658195.915896
4623076.604035 -4641623.620909
4629388.260723 -4608479.030935
4631486.935704 -4597430.834277
4636197.259937 -4572572.391797
4637237.100221 -4567048.293468
4642899.778095 -4536665.752658
4650077.098646 -4497997.064356
4653642.105371 -4478662.720204
4654147.198880 -4475900.671040
4660659.339834 -4439994.031902
4663659.975730 -4423421.736915
4665152.865903 -4415135.589421
4665645.171576 -4412373.540257
4666136.662930 -4409611.491092
4667608.697856 -4401325.343599
4670053.977963 -4387515.097777
4671506.635834 -4379228.950283
4674865.409135 -4359894.606132
4679631.927749 -4332274.114487
4682005.320582 -4318463.868665
4684846.309571 -4301891.573678
4685792.520152 -4296367.475349
4687672.411769 -4285319.278691
4689530.556002 -4274271.082033
4690920.691041 -4265984.934539
4693222.208996 -4252174.688717
4696428.274300 -4232840.344566
4698248.137794 -4221792.147908
4701863.657779 -4199695.754592
4702760.021871 -4194171.656263
4703205.216808 -4191409.607098
4706740.053711 -4169313.213783
4710670.356757 -4144454.771302
4716342.700039 -4108548.132164
4718515.233570 -4094737.886342
4721100.458353 -4078165.591355
4725383.863047 -4050545.099710
4727945.262956 -4033972.804723
4728797.625377 -4028448.706394
4729223.088788 -4025686.657230
4730484.486332 -4017400.509736
4734230.460535 -3992542.067256
4735055.173118 -3987017.968927
4735875.694934 -3981493.870598
4737500.073528 -3970445.673940
4740337.897450 -3951111.329789
4740742.265691 -3948349.280624
4742356.982625 -3937301.083966
4746763.468349 -3906918.543157
4749951.785945 -3884822.149841
4753495.866570 -3859963.707361
4755441.243060 -3846153.461538
4757749.664022 -3829581.166552
4758510.529536 -3824057.068223
4761162.034109 -3804722.724071
4763799.754774 -3785388.379920
4767541.782013 -3757767.888275
4769779.182833 -3741195.593288
4773841.855673 -3710813.052479
4776786.198055 -3688716.659163
4777877.800590 -3680430.511670
4780055.251308 -3663858.216683
4781503.055529 -3652810.020025
4782947.036771 -3641761.823367
4786890.038317 -3611379.282558
4790090.531076 -3586520.840077
4793262.732524 -3561662.397597
4796079.960132 -3539566.004281
4797476.077343 -3528517.807623
4797822.930055 -3525755.758459
4800905.651744 -3500897.315978
4805657.998413 -3462228.627676
4809705.757841 -3429084.037702
4812725.126005 -3404225.595222
4813059.395986 -3401463.546057
4814054.030444 -3393177.398564
4817327.343285 -3365556.906919
4818628.287439 -3354508.710261
4819273.393992 -3348984.611932
4821820.630912 -3326888.218616
4822137.855608 -3324126.169452
4824032.374473 -3307553.874465
4824972.593467 -3299267.726971
4825592.400676 -3293743.628642
4826204.087061 -3288219.530314
4828332.867496 -3268885.186162
4832248.941471 -3232978.547024
4832846.834163 -3227454.448695
4834026.672258 -3216406.252037
4837240.078223 -3186023.711228
4837819.259251 -3180499.612899
4840678.699577 -3152879.121254
4843790.328605 -3122496.580445
4846859.237154 -3092114.039635
4850450.258275 -3056207.400497
4852933.872475 -3031348.958017
4854586.314323 -3014776.663030
4858392.111187 -2976107.974727
4861614.953893 -2942963.384754
4864808.476978 -2909818.794780
4867445.406165 -2882198.303135
4870845.388029 -2846291.663997
4872651.731430 -2826957.319845
4875735.486352 -2793812.729872
4879062.340333 -2757906.090733
4880833.231931 -2738571.746582
4882336.826276 -2721999.451595
4885823.015405 -2683330.763292
4889025.946064 -2647424.124154
4890502.644633 -2630851.829167
4893685.092774 -2594945.190029
4893928.848138 -2592183.140865
4894411.131351 -2586659.042536
4897498.620116 -2550752.403397
4898207.228915 -2542466.255904
4898911.181021 -2534180.108410
4902167.391457 -2495511.420108
4905157.582986 -2459604.780969
4906294.845007 -2445794.535147
4906520.764468 -2443032.485983
4908975.058325 -2412649.945173
4909415.205377 -2407125.846844
4909633.509091 -2404363.797680
4912665.043915 -2365695.109377
4915657.857561 -2327026.421074
4917765.527032 -2299405.929430
4920702.276545 -2260737.241127
4921947.424476 -2244164.946140
4923603.641125 -2222068.552824
4926084.982128 -2188923.962850
4926699.358247 -2180637.815357
4928737.366197 -2153017.323712
4929542.679355 -2141969.127054
4930735.861519 -2125396.832067
4931327.290876 -2117110.684574
4931522.717195 -2114348.635409
4933255.144277 -2089490.192929
4933445.442438 -2086728.143765
4934388.422706 -2072917.897942
4935502.541384 -2056345.602955
4935685.569745 -2053583.553791
4936773.617476 -2037011.258804
4938222.421934 -2014914.865488
4940564.220150 -1979008.226350
4942519.333221 -1948625.685541
4944267.988899 -1921005.193896
4946507.126227 -1885098.554758
4948911.836961 -1846429.866455
4949083.125994 -1843667.817290
4949765.427948 -1832619.620633
4951281.372928 -1807761.178152
4953296.942241 -1774616.588178
4954284.851889 -1758044.293192
4955096.316787 -1744234.047369
4956702.772453 -1716613.555724
4957502.474634 -1702803.309902
4958759.476798 -1680706.916586
4959543.932081 -1666896.670764
4961550.073111 -1630990.031625
4962320.498221 -1617179.785803
4964451.563158 -1578511.097500
4966553.297490 -1539842.409198
4967596.030910 -1520508.065046
4968761.756539 -1498411.671730
4969775.287651 -1479077.327579
4970916.973981 -1456980.934263
4971344.414022 -1448694.786770
4971764.248707 -1440408.639276
4973275.824487 -1410026.098467
4974922.061070 -1376881.508493
4976562.789102 -1343736.918520
4977379.023950 -1327164.623533
4978716.507677 -1299544.131888
4978849.341112 -1296782.082723
4980555.385065 -1260875.443585
4981203.571078 -1247065.197763
4982237.021930 -1224968.804447
4983883.829871 -1189062.165309
4985254.793787 -1158679.624499
4986372.407113 -1133821.182019
4986739.504350 -1125535.034526
4987337.758131 -1111724.788703
4988396.325438 -1086866.346223
4990005.126267 -1048197.657920
4990572.948544 -1034387.412098
4991794.976435 -1004004.871289
4992120.858142 -995718.723795
4992755.170087 -979146.428808
4993281.528850 -965336.182986
4994220.934375 -940477.740505
4994427.013298 -934953.642177
4995035.887532 -918381.347190
4995134.250987 -915619.298025
4995519.707774 -904571.101367
4996384.987829 -879712.658887
4997131.065416 -857616.265571
4997859.434687 -835519.872255
4998041.084652 -829995.773926
4998925.026004 -802375.282281
4999100.048260 -796851.183953
4999957.514114 -769230.692308
5000212.770255 -760944.544814
5000378.536837 -755420.446485
5000703.911080 -744372.249827
5000940.691456 -736086.102334
5001932.515015 -700179.463196
5002309.602121 -686369.217373
5002900.675786 -664272.824057
5003755.780941 -631128.234084
5004741.162748 -592459.545781
5004880.183665 -586935.447452
5004949.038910 -584173.398288
5005014.839307 -581411.349123
5005267.581412 -570363.152465
5005508.136694 -559314.955807
5005626.240117 -553790.857478
5005685.074468 -551028.808314
5006189.168892 -526170.365833
5006454.034219 -512360.120011
5006905.436521 -487501.677531
5007387.507785 -459881.185886
5007571.681771 -448832.989228
5008173.920619 -410164.300925
5008724.716616 -374257.661787
5008934.401136 -360447.415965
5009053.734124 -352161.268471
5009203.350417 -341113.071813
5009678.387840 -305206.432675
5010136.606842 -269299.793537
5010624.037443 -230631.105234
5011073.849370 -194724.466096
5011232.848210 -180914.220273
5011542.230750 -153293.728629
5011774.234438 -131197.335313
5011937.906371 -114625.040326
5011991.602970 -109100.941997
5012187.458812 -87004.548681
5012330.479617 -70432.253694
5012531.464593 -45573.811214
5012615.631975 -34525.614556
5012783.732540 -9667.172076
5013018.151812 29001.516227
5013060.652223 37287.663720
5013192.866537 67670.204530
5013254.678093 84242.499517
5013369.068339 120149.138655
5013411.130897 139483.482806
5013451.904843 167103.974451
5013455.123814 169866.023616
5013457.698960 178152.171109
5013458.128151 180914.220273
5013454.265427 189200.367767
5013442.247956 200248.564425
5013377.867073 233393.154399
5013365.849199 238917.252728
5013266.696210 269299.793537
5013187.715622 291396.186853
5013132.985715 305206.432675
5013094.350641 313492.580168
5013041.119356 324540.776826
5012970.285338 338351.022649
5012920.697084 346637.170142
5012668.231583 385305.858445
5012484.658270 410164.300925
5012159.974545 448832.989228
5012034.338368 462643.235050
5011877.121369 479215.530037
5011567.587076 509598.070847
5011367.597416 528932.414998
5011337.305185 531694.464162
5011119.229870 551028.808314
5010745.732282 581411.349123
5010637.402134 589697.496616
5010480.881492 600745.693274
5010231.851835 617317.988261
5010105.393117 625604.135755
5009888.146986 639414.381577
5009842.319764 642176.430742
5009566.058785 658748.725728
5009042.922253 689131.266538
5008488.825663 719513.807347
5008181.391569 736086.102334
5008022.472373 744372.249827
5007583.070197 766468.643143
5006837.996067 802375.282281
5006078.800079 838281.921420
5005466.535575 865902.413064
5004890.024440 890760.855545
5004295.858395 915619.298025
5003482.693987 948763.887999
5003059.076198 965336.182986
5002914.809182 970860.281315
5002623.649863 981908.477973
5002169.830526 998480.772960
5001320.946835 1028863.313769
5000203.673680 1067532.002072
4999723.524261 1084104.297058
4999152.580208 1103438.641210
4997989.133056 1142107.329512
4997652.316291 1153155.526170
4996870.673523 1178013.968651
4996607.478022 1186300.116144
4996163.298899 1200110.361967
4995169.088916 1230492.902776
4994065.914691 1263637.492750
4992775.779372 1302306.181052
4992586.157117 1307830.279381
4991215.292038 1346498.967684
4990719.027459 1360309.213506
4989414.275530 1396215.852645
4989311.682086 1398977.901809
4988148.776854 1429360.442618
4987611.237917 1443170.688441
4986305.023024 1476315.278415
4985861.546835 1487363.475072
4984528.425499 1520508.065046
4983963.975196 1534318.310869
4982461.307220 1570224.950007
4981869.829244 1584035.195829
4981035.437192 1603369.539981
4979691.905375 1633752.080790
4977956.571588 1672420.769093
4976183.086113 1711089.457395
4975022.504578 1735947.899876
4974229.618145 1752520.194863
4973828.373027 1760806.342356
4972887.327414 1780140.686507
4972616.624627 1785664.784836
4971789.372665 1802237.079823
4971089.648190 1816047.325646
4969249.401645 1851953.964784
4967394.161359 1887860.603922
4965809.099198 1918243.144731
4965220.676663 1929291.341389
4964329.691556 1945863.636376
4963726.404656 1956911.833034
4962508.653263 1979008.226350
4960648.419960 2012152.816324
4959555.098602 2031487.160475
4958609.535357 2048059.455462
4956863.104803 2078441.996271
4956379.756942 2086728.143765
4955557.679600 2100538.389587
4953550.640577 2133682.979561
4953212.340295 2139207.077890
4952013.317069 2158541.422041
4950981.298108 2175113.717028
4949422.546003 2199972.159508
4948198.487029 2219306.503660
4947847.321711 2224830.601989
4946953.836507 2238640.847811
4945140.423622 2266261.339456
4943113.832923 2296643.880265
4941812.333301 2315978.224417
4941061.833190 2327026.421074
4938594.283983 2362933.060213
4936313.626596 2396077.650186
4933994.932767 2429222.240160
4933218.123480 2440270.436818
4930846.511583 2473415.026792
4928274.071016 2509321.665930
4925682.443196 2545228.305068
4924680.735652 2559038.550891
4923868.502831 2570086.747549
4922849.498856 2583896.993371
4922029.338645 2594945.190029
4920788.668143 2611517.485016
4919956.577911 2622565.681674
4919322.026399 2630851.829167
4918679.202893 2639137.976661
4917165.198555 2658472.320812
4914758.300281 2688854.861621
4912337.491493 2719237.402431
4909877.602957 2749619.943240
4909652.958425 2752381.992404
4908064.371046 2771716.336556
4905784.729797 2799336.828201
4905553.173164 2802098.877365
4903000.388250 2832481.418174
4899949.929125 2868388.057313
4898285.618436 2887722.401464
4896601.278006 2907056.745615
4895629.397300 2918104.942273
4895383.543622 2920866.991438
4893410.405720 2942963.384753
4892160.055115 2956773.630576
4889638.171063 2984394.122221
4888873.633511 2992680.269714
4888099.486339 3000966.417208
4884993.258486 3034111.007181
4881327.972325 3072779.695484
4877658.917364 3111448.383787
4875003.065019 3139068.875432
4874736.938095 3141830.924596
4872037.621322 3169451.416241
4871490.650909 3174975.514570
4870393.418500 3186023.711228
4869281.872478 3197071.907886
4867594.624757 3213644.202873
4866747.667568 3221930.350366
4863316.339177 3255074.940340
4860442.899600 3282695.431985
4856681.879446 3318602.071123
4853766.248889 3346222.562768
4850816.653652 3373843.054412
4847263.502521 3406987.644386
4845188.839979 3426321.988537
4841925.525717 3456704.529347
4839229.863225 3481562.971827
4838018.023963 3492611.168485
4837099.627061 3500897.315978
4834035.411562 3528517.807623
4832808.567801 3539566.004281
4832188.178392 3545090.102610
4830313.006239 3561662.397597
4829051.169128 3572710.594255
4826836.779886 3592044.938406
4822720.516689 3627951.577545
4819545.322166 3655572.069189
4817312.353867 3674906.413341
4815702.559905 3688716.659163
4814086.818049 3702526.904985
4811803.886570 3721861.249137
4811473.850139 3724623.298301
4810477.402272 3732909.445795
4809135.460866 3743957.642453
4807777.647532 3755005.839111
4807090.131853 3760529.937440
4805018.312957 3777102.232426
4804671.770499 3779864.281591
4802217.646115 3799198.625742
4801509.573410 3804722.724071
4797580.497480 3835105.264881
4795071.314677 3854439.609032
4793634.959668 3865487.805690
4792910.419661 3871011.904019
4792543.986487 3873773.953183
4791436.953978 3882060.100677
4788107.128744 3906918.543157
4784745.169357 3931776.985637
4779880.533945 3967683.624776
4774618.839333 4006352.313078
4771609.539844 4028448.706394
4767442.889801 4058831.247203
4764775.240837 4078165.591355
4764007.095958 4083689.689684
4759741.992478 4114072.230493
4754697.069163 4149978.869631
4753518.748135 4158265.017125
4748403.913242 4194171.656263
4743670.355221 4227316.246237
4738128.895028 4265984.934539
4736534.736230 4277033.131197
4736133.461572 4279795.180362
4734926.549962 4288081.327855
4729275.040692 4326750.016158
4727656.188382 4337798.212816
4722385.943957 4373704.851954
4718727.978562 4398563.294434
4716272.680801 4415135.589421
4711767.473816 4445518.130231
4708049.964538 4470376.572711
4705552.648404 4486948.867698
4699705.813186 4525617.556001
4695902.396122 4550475.998481
4693360.357198 4567048.293468
4689968.111423 4589144.686784
4689541.570947 4591906.735948
4684392.824724 4625051.325922
4680919.688836 4647147.719238
4679164.076282 4658195.915896
4675187.384766 4683054.358376
4669845.045521 4716198.948350
4668950.925744 4721723.046679
4664465.359421 4749343.538323
4661765.013478 4765915.833310
4658131.351359 4788012.226626
4657673.723431 4790774.275791
4656290.511672 4799060.423284
4655358.344320 4804584.521613
4654420.738140 4810108.619942
4651593.866062 4826680.914929
4651121.545633 4829442.964093
4649696.327748 4837729.111587
4648259.238588 4846015.259080
4643429.067604 4873635.750725
4642452.574063 4879159.849054
4639032.015391 4898494.193205
4633153.617000 4931638.783179
4630194.889393 4948211.078166
4624720.958759 4978593.618975
4619686.702010 5006214.110620
4614098.425171 5036596.651429
4607997.081218 5069741.241403
4602857.695237 5097361.733048
4598205.408418 5122220.175528
4594052.917171 5144316.568844
4588806.229719 5171937.060489
4586172.021520 5185747.306311
4579317.416466 5221653.945450
4575595.836704 5240988.289601
4573463.938469 5252036.486259
4570774.715481 5265846.732081
4564838.819579 5296229.272890
4559406.720097 5323849.764535
4553943.065049 5351470.256180
4552839.425079 5356994.354509
4550073.462131 5370804.600331
4549514.279397 5373566.649496
4542160.027717 5409473.288634
4535874.916547 5439855.829443
4527822.355995 5478524.517746
4519756.402368 5517193.206049
4514549.552608 5542051.648529
4507572.360601 5575196.238503
4500531.001206 5608340.828477
4499937.335619 5611102.877641
4498737.052718 5616626.975970
4492068.952268 5647009.516779
4490851.487708 5652533.615108
4484733.505939 5680154.106753
4484119.139133 5682916.155918
4477304.177695 5713298.696727
4470472.028747 5743681.237536
4469221.440992 5749205.335865
4460996.259622 5785111.975003
4452070.884873 5823780.663306
4446264.863220 5848639.105786
4442351.323278 5865211.400773
4441040.151112 5870735.499102
4437059.532250 5887307.794089
4428398.043540 5923214.433227
4420313.618489 5956359.023201
4415557.180014 5975693.367353
4414187.669593 5981217.465682
4407950.245405 6006075.908162
4399554.414572 6039220.498136
4396721.704681 6050268.694794
4391016.828812 6072365.088109
4384559.671955 6097223.530590
4383836.562755 6099985.579754
4373659.869151 6138654.268057
4371459.984820 6146940.415550
4365583.334054 6169036.808866
4362611.261984 6180085.005524
4358145.297097 6196657.300511
4352884.199270 6215991.644662
4347613.792234 6235325.988814
4346098.602006 6240850.087143
4337728.018923 6271232.627952
4336202.034738 6276756.726281
4333128.267693 6287804.922939
4323790.969595 6320949.512913
4323007.262171 6323711.562077
4321431.374849 6329235.660406
4320641.301096 6331997.709570
4309550.334555 6370666.397873
4308753.822010 6373428.447038
4306357.796538 6381714.594531
4295861.482346 6417621.233669
4293428.219397 6425907.381163
4290160.125407 6436955.577821
4288521.594635 6442479.676150
4285208.309026 6453527.872808
4276886.937598 6481148.364452
4276053.267076 6483910.413617
4274381.310602 6489434.511946
4271015.714964 6500482.708604
4260824.937014 6533627.298578
4254869.261929 6552961.642729
4248018.286794 6575058.036045
4238518.682128 6605440.576854
4230658.273236 6630299.019334
4218350.054728 6668967.707637
4209500.104160 6696588.199282
4203269.797234 6715922.543433
4200584.390033 6724208.690927
4192512.805613 6749067.133407
4189809.410919 6757353.280900
4186166.706049 6768401.477558
4182474.520567 6779449.674216
4180610.442414 6784973.772545
4176864.099915 6796021.969203
4171211.581398 6812594.264190
4162682.849044 6837452.706670
4155019.293310 6859549.099986
4151164.733572 6870597.296644
4142388.026769 6895455.739124
4134508.186780 6917552.132440
4124608.857381 6945172.624085
4111556.711541 6981079.263223
4097371.505403 7019747.951526
4086203.253829 7050130.492335
4071813.537739 7088799.180638
4068714.131780 7097085.328131
4057183.870126 7127467.868941
4052947.120673 7138516.065599
4042209.685090 7166136.557243
4034685.548457 7185470.901395
4024919.085480 7210329.343875
4015026.929381 7235187.786355
4003928.961587 7262808.278000
3996067.482368 7282142.622152
3990427.685217 7295952.867974
3980164.607445 7320811.310454
3965109.826461 7356717.949593
3951182.283277 7389862.539566
3947665.367000 7398148.687060
3946475.844519 7400910.736224
3944094.115667 7406434.834553
3940493.126366 7414720.982047
3925924.245203 7447865.572020
3918547.236056 7464437.867007
3912378.401210 7478248.112830
3902485.404522 7500344.506146
3890061.667471 7527964.997790
3876219.037183 7558347.538600
3873696.283870 7563871.636929
3867374.562516 7577681.882751
3862299.289892 7588730.079409
3854623.109451 7605302.374396
3836605.274379 7643971.062699
3831376.541097 7655019.259356
3826103.399328 7666067.456014
3823447.535027 7671591.554343
3814060.630399 7690925.898495
3812706.364974 7693687.947659
3811330.025627 7696449.996824
3807148.770430 7704736.144317
3793015.200008 7732356.635962
3777287.815178 7762739.176771
3771524.267216 7773787.373429
3765700.425914 7784835.570087
3752528.005630 7809694.012567
3737658.390360 7837314.504212
3716504.477284 7875983.192515
3699657.351475 7906365.733324
3678039.432192 7945034.421627
3657910.598648 7980941.060765
3636023.570237 8019609.749068
3620346.676903 8047230.240713
3601455.973935 8080374.830686
3599879.559119 8083136.879851
3580883.359771 8116281.469825
3572833.706300 8130091.715647
3571203.040665 8132853.764811
3558044.959932 8154950.158127
3551360.226109 8165998.354785
3531276.738682 8199142.944759
3526158.880443 8207429.092252
3505565.310598 8240573.682226
3481249.769966 8279242.370529
3460089.643554 8312386.960503
3442266.096042 8340007.452147
3436869.237513 8348293.599641
3415045.061278 8381438.189615
3409546.002286 8389724.337108
3383721.017232 8428393.025411
3381840.675154 8431155.074575
3379935.812047 8433917.123740
3358879.474511 8464299.664549
3337473.429823 8494682.205358
3331516.994394 8502968.352852
3309302.102474 8533350.893661
3303127.245251 8541637.041155
3280327.268962 8572019.581964
3278221.347935 8574781.631128
3259029.382599 8599640.073609
3241939.137685 8621736.466924
3226627.222597 8641070.811076
3208899.851263 8663167.204392
3197778.874288 8676977.450214
3168202.618242 8712884.089352
3149756.030927 8734980.482668
3142702.689126 8743266.630162
3111401.921937 8779173.269300
3099167.027093 8792983.515122
3081754.889477 8812317.859274
3076632.004892 8817841.957603
3058509.687011 8837176.301754
3050675.842520 8845462.449247
3047995.134253 8848224.498412
3039808.129040 8856510.645905
3014507.667804 8881369.088386
2977361.293622 8917275.727524
2940039.598348 8953182.366662
2925302.926409 8966992.612484
2907446.231271 8983564.907471
2865161.675862 9022233.595774
2855823.623171 9030519.743267
2830002.615765 9052616.136583
2789788.899798 9085760.726557
2782820.416695 9091284.824886
2768350.688582 9102333.021544
2723628.237833 9135477.611518
2719736.772686 9138239.660682
2688207.604601 9160336.053998
2651447.764054 9185194.496478
2614566.107009 9210052.938959
2588960.794983 9226625.233946
2558775.875596 9245959.578097
2527502.711199 9265293.922248
2499486.343106 9281866.217235
2440574.113537 9315010.807209
2435483.837614 9317772.856373
2420086.976050 9326059.003867
2372320.119901 9350917.446347
2366751.603038 9353679.495512
2296143.564929 9386824.085485
2242168.818988 9411682.527966
2153968.420005 9450351.216268
2096689.935866 9475209.658749
2035010.760247 9500068.101229
2006824.862532 9511116.297887
1939618.427683 9535974.740367
1915487.689237 9544260.887861
1809423.155626 9577405.477835
1744816.431802 9596739.821986
1651836.006483 9624360.313631
1549766.308247 9651980.805275
1420990.890005 9685125.395249
1268426.704364 9721032.034387
1242532.548397 9726556.132716
1186712.094259 9737604.329374
1055269.126022 9762462.771855
977733.920843 9776273.017677
803266.026910 9803893.509322
714802.712365 9817703.755144
527307.405444 9845324.246789
462326.420781 9853610.394283
276203.297028 9875706.787598
126630.261990 9889517.033421
-137882.661236 9911613.426737
-452007.280317 9928185.721723
-1237333.134511 9955806.213368
-2493865.660221 9983426.705013
-4001711.128942 9999999.000000
-4170515.923650 9997401.597662
-4564391.647819 9987011.988312
-4837066.582990 9971427.574286
-4947838.580750 9963635.367273
-5041118.032556 9955843.160260
-5342274.985042 9922076.929870
-5433156.135929 9911687.320519
-5599285.071215 9888310.699480
-5650646.661652 9880518.492468
-5850076.454157 9846752.262078
-5906322.272244 9836362.652727
-5944835.341269 9828570.445714
-6013626.979880 9812986.031688
-6142444.013410 9781817.203636
-6151965.000259 9779219.801299
-6178196.348041 9771427.594286
-6212162.877342 9761037.984935
-6269937.890391 9742856.168571
-6331238.727097 9722076.949870
-6417042.721797 9690908.121818
-6497927.937758 9659739.293766
-6504302.714641 9657141.891429
-6534075.404465 9644154.879740
-6550913.531058 9636362.672727
-6567671.453046 9628570.465714
-6600560.544313 9612986.051688
-6676944.592751 9576622.418961
-6746259.275535 9542856.188571
-6776991.699473 9527271.774545
-6817091.092176 9506492.555844
-6870400.898887 9477921.130130
-6927843.009980 9446752.302078
-6994314.599263 9410388.669351
-7036363.242019 9387012.048312
-7086947.133379 9358440.622597
-7135248.686084 9329869.196883
-7187159.976935 9298700.368831
-7220058.704113 9277921.150130
-7236222.759929 9267531.540779
-7260219.020649 9251947.126753
-7272135.276477 9244154.919740
-7283696.318843 9236362.712727
-7336253.989182 9199999.080000
-7354844.370878 9187012.068312
-7387068.515468 9163635.447273
-7428872.222296 9132466.619221
-7476778.845011 9096102.986493
-7480112.056194 9093505.584156
-7506701.127648 9072726.365455
-7539008.558245 9046752.342078
-7558125.619930 9031167.928052
-7564293.553568 9025973.123377
-7606125.057157 8989609.490649
-7647526.497772 8953245.857922
-7687587.814586 8916882.225195
-7710366.442564 8896103.006493
-7747108.238218 8862336.776104
-7768964.101953 8841557.557403
-7806850.186726 8805193.924675
-7825528.099299 8787012.108312
-7854810.761282 8758440.682597
-7881004.165507 8732466.659221
-7893749.718953 8719479.647532
-7898780.403265 8714284.842857
-7930911.680675 8680518.612467
-7965068.960535 8644154.979740
-7999153.039439 8607791.347013
-8027935.893702 8576622.518961
-8035041.434608 8568830.311948
-8063345.288489 8537661.483896
-8075041.140853 8524674.472208
-8095625.457117 8501297.851169
-8104718.817823 8490908.241818
-8120410.980049 8472726.425455
-8122600.450506 8470129.023117
-8126887.570839 8464934.218442
-8128998.876186 8462336.816104
-8135285.440138 8454544.609091
-8162026.748170 8420778.378701
-8172144.269171 8407791.367013
-8199919.051646 8371427.734286
-8207743.155241 8361038.124935
-8211641.493572 8355843.320260
-8213583.851097 8353245.917922
-8217455.032150 8348051.113247
-8232648.234737 8327271.894545
-8243775.799999 8311687.480519
-8265772.311682 8280518.652467
-8283951.642088 8254544.629091
-8307468.360729 8220778.398701
-8328859.572839 8189609.570649
-8350216.145080 8158440.742597
-8355470.101451 8150648.535584
-8372707.627927 8124674.512208
-8396802.190989 8088310.879480
-8412051.287993 8064934.258442
-8425564.060211 8044155.039740
-8428937.028153 8038960.235065
-8452438.700108 8002596.602338
-8459143.131668 7992206.992987
-8478891.220549 7961038.164935
-8483739.942928 7953245.957922
-8488531.391938 7945453.750909
-8505919.977000 7916882.325195
-8512224.615862 7906492.715844
-8530919.663205 7875323.887792
-8546386.816222 7849349.864416
-8567885.996176 7812986.231688
-8582961.616503 7787012.208312
-8593338.725304 7768830.391948
-8611103.346107 7737661.563896
-8622864.679890 7716882.345195
-8641950.477713 7683116.114805
-8649250.851350 7670129.103117
-8659360.141718 7651947.286753
-8660790.674717 7649349.884416
-8677660.090996 7618181.056364
-8684651.706851 7605194.044675
-8702497.519375 7571427.814286
-8718863.404228 7540258.986234
-8725638.380007 7527271.974545
-8741669.469111 7496103.146493
-8760324.574066 7459739.513766
-8770876.524509 7438960.295065
-8781256.855146 7418181.076364
-8790193.704146 7399999.260000
-8795213.246355 7389609.650649
-8806343.576754 7366233.029610
-8823388.779239 7329869.396883
-8835491.482741 7303895.373506
-8837903.401524 7298700.568831
-8839093.777313 7296103.166493
-8847310.130001 7277921.350130
-8857812.767459 7254544.729091
-8865962.563099 7236362.912727
-8868253.819464 7231168.108052
-8872789.489991 7220778.498701
-8884064.477763 7194804.475325
-8892943.256626 7174025.256623
-8900677.480265 7155843.440260
-8907211.646245 7140259.026234
-8911515.247758 7129869.416883
-8922134.011239 7103895.393506
-8931639.108441 7080518.772467
-8936862.938036 7067531.760779
-8950314.244431 7033765.530390
-8952377.046402 7028570.725714
-8962680.045173 7002596.702338
-8970861.209452 6981817.483636
-8971874.148894 6979220.081299
-8984863.501262 6945453.850909
-8989786.993370 6932466.839221
-8997640.104655 6911687.620519
-8999583.204096 6906492.815844
-9010117.907776 6877921.390130
-9020620.415523 6849349.964416
-9023475.997574 6841557.757403
-9029123.797158 6825973.343377
-9031913.761700 6818181.136364
-9042995.615626 6787012.308312
-9045744.051809 6779220.101299
-9056661.592828 6748051.273247
-9065723.562652 6722077.249870
-9068436.781246 6714285.042857
-9077357.005808 6688311.019480
-9087150.027568 6659739.593766
-9097739.721996 6628570.765714
-9107428.031293 6599999.340000
-9113527.767637 6581817.523636
-9122132.945372 6555843.500260
-9126419.012979 6542856.488571
-9135830.267331 6514285.062857
-9145989.537069 6483116.234805
-9153565.524165 6459739.613766
-9160261.428053 6438960.395065
-9170182.445888 6407791.567013
-9178418.837691 6381817.543636
-9180873.540269 6374025.336623
-9191490.634097 6340259.106234
-9194745.205624 6329869.496883
-9200424.735613 6311687.680519
-9210106.654724 6280518.852467
-9221381.179939 6244155.219740
-9222990.326108 6238960.415065
-9226193.676600 6228570.805714
-9235723.802790 6197401.977662
-9242065.466942 6176622.758961
-9244434.811398 6168830.551948
-9249156.034748 6153246.137922
-9259366.506490 6119479.907532
-9270321.970220 6083116.274805
-9274191.774194 6070129.263117
-9280310.373209 6049350.044416
-9284866.046200 6033765.630390
-9292417.611997 6007791.607013
-9302951.575057 5971427.974286
-9305953.123297 5961038.364935
-9309668.009040 5948051.353247
-9318480.221480 5916882.525195
-9325764.824870 5890908.501818
-9335159.075300 5857142.271429
-9337323.121564 5849350.064416
-9343774.976189 5825973.443377
-9353731.403840 5789609.810649
-9361485.444498 5761038.384935
-9371267.614435 5724674.752208
-9378199.823700 5698700.728831
-9385791.884816 5670129.303117
-9386474.267190 5667531.900779
-9393292.135651 5641557.877403
-9397340.297799 5625973.463377
-9406088.460312 5592207.232987
-9410087.701503 5576622.818961
-9411404.730458 5571428.014286
-9416614.117363 5550648.795584
-9420484.377337 5535064.381558
-9421126.107955 5532466.979221
-9424329.263835 5519479.967532
-9431951.297896 5488311.139480
-9438248.960268 5462337.116104
-9439498.864888 5457142.311429
-9440122.222730 5454544.909091
-9445694.397090 5431168.288052
-9447536.084651 5423376.081039
-9456116.060998 5387012.448312
-9459774.543942 5371428.034286
-9463396.071425 5355843.620260
-9470596.428872 5324674.792208
-9471783.405799 5319479.987532
-9472964.402075 5314285.182857
-9479405.494925 5285713.757143
-9485771.345353 5257142.331429
-9493832.696688 5220778.698701
-9500690.554953 5189609.870649
-9503540.833310 5176622.858961
-9510865.358028 5142856.628571
-9515877.298052 5119480.007532
-9516984.584343 5114285.202857
-9519178.967745 5103895.593506
-9525756.642511 5072726.765455
-9528485.964823 5059739.753766
-9536064.803572 5023376.121039
-9537139.431435 5018181.316364
-9544593.463836 4981817.683636
-9548311.216644 4963635.867273
-9549896.631247 4955843.660260
-9556206.826853 4924674.832208
-9562986.466740 4890908.601818
-9569704.632950 4857142.371429
-9576345.409840 4823376.141039
-9582465.223194 4792207.312987
-9587021.040723 4768830.691948
-9593552.871278 4735064.461558
-9600558.130403 4698700.828831
-9606998.803660 4664934.598442
-9612885.362989 4633765.770390
-9616771.005350 4612986.551688
-9622104.938956 4584415.125974
-9627425.662724 4555843.700260
-9634141.747965 4519480.067532
-9638448.537238 4496103.446493
-9641792.728361 4477921.630130
-9646542.575245 4451947.606753
-9649842.814920 4433765.790390
-9654078.967381 4410389.169351
-9655011.807486 4405194.364675
-9657784.967663 4389609.950649
-9664223.612482 4353246.317922
-9666953.478422 4337661.903896
-9672399.654391 4306493.075844
-9672849.755568 4303895.673506
-9676432.689669 4283116.454805
-9680000.789673 4262337.236104
-9683981.713579 4238960.615065
-9684858.314072 4233765.810390
-9685293.707889 4231168.408052
-9686587.983881 4223376.201039
-9690036.513015 4202596.982338
-9690893.631276 4197402.177662
-9693888.547539 4179220.361299
-9694314.257055 4176622.958961
-9698120.143566 4153246.337922
-9698541.609306 4150648.935584
-9702309.519547 4127272.314545
-9707706.699553 4093506.084156
-9710176.918295 4077921.670130
-9713434.799067 4057142.451429
-9716676.290436 4036363.232727
-9717076.729198 4033765.830390
-9722626.400079 3997402.197662
-9725778.936457 3976622.978961
-9728528.088003 3958441.162597
-9732050.763224 3935064.541558
-9736696.177859 3903895.713506
-9740943.640544 3875324.287792
-9741328.463295 3872726.885455
-9745134.343028 3846752.862078
-9748153.179181 3825973.643377
-9748905.956203 3820778.838701
-9749280.097854 3818181.436364
-9750392.945050 3810389.229351
-9752597.706782 3794804.815325
-9754051.178088 3784415.205974
-9757650.482632 3758441.182597
-9758362.896161 3753246.377922
-9762618.854283 3722077.549870
-9766137.817821 3696103.526493
-9766486.962144 3693506.124156
-9769253.366418 3672726.905455
-9771646.501386 3654545.089091
-9772327.851281 3649350.284416
-9774019.252697 3636363.272727
-9776039.987795 3620778.858701
-9777041.446847 3612986.651688
-9777374.083430 3610389.249351
-9780011.606942 3589610.030649
-9783932.735223 3558441.202597
-9786868.325404 3535064.581558
-9791377.817877 3498700.948831
-9794572.882935 3472726.925455
-9798400.048047 3441558.097403
-9800624.508954 3423376.281039
-9804417.220744 3392207.452987
-9808522.270406 3358441.222597
-9811021.068329 3337662.003896
-9811946.217972 3329869.796883
-9815319.831613 3301298.371169
-9817441.154697 3283116.554805
-9818641.074805 3272726.945455
-9819532.697197 3264934.738442
-9820420.176433 3257142.531429
-9821299.400363 3249350.324416
-9824493.101758 3220778.898701
-9827374.658177 3194804.875325
-9829965.610893 3171428.254286
-9831673.389893 3155843.840260
-9832239.949167 3150649.035584
-9834476.078871 3129869.816883
-9836967.668507 3106493.195844
-9838896.249216 3088311.379480
-9842727.380957 3051947.746753
-9845992.141828 3020778.918701
-9847351.136943 3007791.907013
-9849785.447299 2984415.285974
-9850053.557649 2981817.883636
-9850848.459373 2974025.676623
-9854286.244865 2940259.446234
-9855336.728851 2929869.836883
-9856901.544583 2914285.422857
-9857160.793066 2911688.020519
-9857930.022510 2903895.813506
-9858185.660498 2901298.411169
-9860963.827645 2872726.985455
-9862215.142616 2859739.973766
-9864462.924973 2836363.352727
-9867686.588027 2802597.122338
-9868922.653194 2789610.110649
-9869411.009891 2784415.305974
-9870139.764918 2776623.098961
-9871829.633163 2758441.282597
-9873758.902580 2737662.063896
-9875424.230640 2719480.247532
-9878264.111703 2688311.419480
-9878970.347695 2680519.212467
-9879440.674382 2675324.407792
-9882452.677096 2641558.177403
-9884749.854532 2615584.154026
-9886342.378693 2597402.337662
-9887917.743444 2579220.521299
-9890802.173987 2545454.290909
-9892768.490803 2522077.669870
-9893421.025497 2514285.462857
-9893850.257165 2509090.658182
-9896848.139362 2472727.025455
-9897692.194787 2462337.416104
-9900187.087488 2431168.588052
-9901421.681377 2415584.174026
-9903879.470632 2384415.345974
-9904082.627282 2381817.943636
-9905300.147031 2366233.529610
-9905499.761796 2363636.127273
-9905897.108402 2358441.322597
-9908046.377527 2329869.896883
-9910543.912525 2296103.666493
-9911499.845154 2283116.654805
-9912453.451167 2270129.643117
-9913018.648387 2262337.436104
-9913205.426376 2259740.033766
-9915059.339784 2233766.010390
-9915425.972288 2228571.205714
-9917437.387296 2199999.780000
-9919263.645753 2174025.756623
-9921066.936714 2148051.733247
-9923553.087881 2111688.100519
-9923905.969135 2106493.295844
-9924081.042090 2103895.893506
-9925824.942401 2077921.870130
-9928225.069410 2041558.237403
-9930590.343665 2005194.604675
-9932933.496009 1968830.971948
-9933593.061064 1958441.362597
-9934737.865647 1940259.546234
-9936681.553166 1909090.718182
-9937475.772411 1896103.706493
-9938584.556007 1877921.890130
-9939526.919076 1862337.476104
-9940296.662859 1849350.464416
-9941358.794053 1831168.648052
-9942714.439758 1807792.027013
-9943161.022944 1799999.820000
-9943746.776068 1789610.210649
-9945469.777936 1758441.382597
-9945752.565204 1753246.577922
-9946444.248252 1740259.566234
-9947814.543590 1714285.542857
-9949182.662241 1688311.519480
-9950394.403654 1664934.898442
-9950527.956485 1662337.496104
-9950925.363343 1654545.289091
-9952636.198771 1620779.058701
-9954184.302550 1589610.230649
-9954440.162140 1584415.425974
-9954567.445184 1581818.023636
-9955941.512184 1553246.597922
-9957425.023538 1522077.769870
-9958770.745148 1493506.344156
-9959374.935781 1480519.332467
-9960317.688841 1459740.113766
-9961241.669461 1438960.895065
-9961356.315001 1436363.492727
-9962919.675135 1399999.860000
-9963252.770212 1392207.652987
-9964344.001930 1366233.629610
-9965748.837258 1332467.399221
-9966928.233288 1303895.973506
-9967246.715209 1296103.766493
-9968080.796009 1275324.547792
-9968493.618216 1264934.938442
-9969000.166603 1251947.926753
-9969604.236836 1236363.512727
-9970587.900130 1210389.489351
-9971935.654178 1174025.856623
-9973065.734728 1142857.028571
-9974279.108070 1109090.798182
-9975280.520122 1080519.372467
-9976531.671365 1044155.739740
-9977512.424759 1015584.314026
-9978305.479001 992207.692987
-9978566.081348 984415.485974
-9979489.594753 955844.060260
-9980075.830827 937662.243896
-9980735.847667 916883.025195
-9981708.446061 885714.197143
-9982338.610722 864934.978442
-9982797.578559 849350.564416
-9983545.993042 823376.541039
-9983768.039490 815584.334026
-9984489.625158 789610.310649
-9984561.371356 787012.908312
-9985254.112007 761038.884935
-9985727.507418 742857.068571
-9986634.018018 706493.435844
-9987537.653856 670129.803117
-9988181.054849 644155.779740
-9988306.451562 638960.975065
-9988921.131217 612986.951688
-9989688.254344 579220.721299
-9990491.464011 542857.088571
-9991100.063347 514285.662857
-9991527.970827 493506.444156
-9992248.230270 457142.811429
-9992496.287398 444155.799740
-9993076.948370 412986.971688
-9993642.940416 381818.143636
-9994058.270402 358441.522597
-9994236.348143 348051.913247
-9994279.646969 345454.510909
-9994688.238978 319480.487532
-9995163.920838 288311.659480
-9995202.748569 285714.257143
-9995391.811076 272727.245455
-9995497.942851 264935.038442
-9995776.092654 244155.819740
-9996138.474059 215584.394026
-9996461.830556 189610.370649
-9996745.555424 166233.749610
-9997085.643535 137662.323896
-9997454.217465 106493.495844
-9997633.642493 90909.081818
-9997859.914601 70129.863117
-9998107.182126 46753.242078
-9998243.540787 33766.230390
-9998417.443141 15584.414026
-9998639.579693 -10389.609351
-9998681.176277 -15584.414026
-9998907.733665 -44155.839740
-9998964.064496 -51948.046753
-9999224.112327 -88311.679481
-9999258.432988 -93506.484156
-9999444.750811 -127272.714545
-9999579.993517 -153246.737922
-9999687.172255 -176623.358961
-9999780.826874 -197402.577662
-9999814.735866 -205194.784675
-9999877.708157 -220779.198701
-9999964.289226 -249350.624416
-9999970.343632 -251948.026753
-9999987.497186 -264935.038442
-9999998.798197 -285714.257143
-9999999.000000 -288311.659481
-9999982.048484 -319480.487532
-9999965.903861 -329870.096883
-9999906.572231 -366233.729610
-9999892.445022 -371428.534286
-9999796.982061 -399999.960000
-9999735.221137 -415584.374026
-9999686.778441 -425973.983377
-9999576.968594 -446753.202078
-9999490.975753 -462337.616104
-9999375.096357 -480519.432468
-9999222.471828 -503896.053507
-9999075.489804 -524675.272208
-9998922.040527 -545454.490909
-9998901.646560 -548051.893247
-9998717.465760 -568831.111948
-9998424.203048 -599999.940000
-9998126.440702 -628571.365714
-9998097.751708 -631168.768052
-9998003.176752 -638960.975065
-9997640.795347 -667532.400779
-9997297.164380 -693506.424156
-9996947.448804 -719480.447532
-9996547.139848 -748051.873247
-9996098.261837 -779220.701299
-9995819.358773 -797402.517662
-9995227.409911 -833766.150390
-9994601.288981 -870129.783117
-9994195.119464 -893506.404156
-9994100.787457 -898701.208831
-9993903.157265 -909090.818182
-9993593.250334 -924675.232208
-9992887.279077 -958441.462597
-9992095.524168 -994805.095325
-9991638.183847 -1015584.314026
-9991402.964921 -1025973.923377
-9991343.545908 -1028571.325714
-9990610.849829 -1059740.153766
-9990425.215800 -1067532.360779
-9989855.391198 -1090908.981818
-9989399.260663 -1109090.798182
-9989072.426098 -1122077.809870
-9988480.425926 -1145454.430909
-9988345.581419 -1150649.235584
-9987372.862235 -1187012.868312
-9987232.666802 -1192207.672987
-9986245.531158 -1228571.305714
-9985584.964630 -1251947.926753
-9985290.554006 -1262337.536104
-9984248.556216 -1298701.168831
-9983254.125903 -1332467.399221
-9982857.166554 -1345454.410909
-9982527.988330 -1355844.020260
-9982113.401879 -1368831.031948
-9981943.411927 -1374025.836623
-9981685.307119 -1381818.043636
-9981069.945664 -1399999.860000
-9980082.309197 -1428571.285714
-9979155.218877 -1454545.309091
-9978318.955748 -1477921.930130
-9977652.413363 -1496103.746494
-9977078.577196 -1511688.160520
-9976301.721155 -1532467.379221
-9976003.470974 -1540259.586234
-9975494.817334 -1553246.597922
-9974665.799254 -1574025.816623
-9974033.905777 -1589610.230649
-9973497.816673 -1602597.242338
-9972846.890439 -1618181.656364
-9971632.543647 -1646753.082078
-9970406.524954 -1675324.507792
-9969728.864290 -1690908.921818
-9968348.006579 -1722077.749870
-9967530.568388 -1740259.566234
-9966456.507747 -1763636.187273
-9965732.763819 -1779220.601299
-9965491.087566 -1784415.405974
-9965367.891005 -1787012.808312
-9964871.668962 -1797402.417662
-9963743.561355 -1820779.038701
-9962218.750710 -1851947.866753
-9962090.389514 -1854545.269091
-9960673.668893 -1883116.694805
-9960285.995214 -1890908.901818
-9958455.673446 -1927272.534545
-9958056.966373 -1935064.741558
-9956441.311157 -1966233.569610
-9955767.035639 -1979220.581299
-9954670.799368 -1999999.800000
-9952727.981443 -2036363.432727
-9950892.707252 -2070129.663117
-9949037.517385 -2103895.893507
-9948162.845349 -2119480.307532
-9946986.058311 -2140259.526234
-9945488.620976 -2166233.549610
-9943812.252378 -2194804.975325
-9943503.467191 -2199999.780000
-9942266.550406 -2220778.998701
-9941171.801230 -2238960.815065
-9939118.429085 -2272727.045455
-9937217.657206 -2303895.873507
-9935282.030589 -2335064.701558
-9934797.452377 -2342856.908571
-9933329.599543 -2366233.529610
-9932669.135111 -2376623.138961
-9931015.724960 -2402597.162338
-9930008.809933 -2418181.576364
-9927989.563043 -2449350.404416
-9926103.748965 -2477921.830130
-9925061.502692 -2493506.244156
-9924709.533763 -2498701.048831
-9923292.530714 -2519480.267532
-9921313.954228 -2548051.693247
-9919494.593435 -2574025.716623
-9918015.155789 -2594804.935325
-9915958.052920 -2623376.361039
-9913517.902461 -2657142.591429
-9911613.015923 -2683116.614805
-9911231.573518 -2688311.419481
-9909128.521734 -2716882.845195
-9906825.900826 -2748051.673247
-9905069.514559 -2771428.294286
-9902498.984171 -2805194.524675
-9901702.408671 -2815584.134026
-9901096.486652 -2823376.341039
-9898232.387539 -2859739.973766
-9896179.482092 -2885713.997143
-9893295.435555 -2922077.629870
-9892261.851308 -2935064.641558
-9890189.921818 -2961038.664935
-9889982.490694 -2963636.067273
-9889147.042955 -2974025.676623
-9887468.502996 -2994804.895325
-9887047.432884 -2999999.700000
-9885561.946394 -3018181.516364
-9885135.120375 -3023376.321039
-9882323.175329 -3057142.551429
-9881010.843987 -3072726.965455
-9878578.201852 -3101298.391169
-9877241.078633 -3116882.805195
-9875010.101146 -3142856.828571
-9873443.291576 -3161038.644935
-9871187.875314 -3187012.668312
-9870276.878899 -3197402.277662
-9868891.171379 -3212986.691688
-9866554.436435 -3238960.715065
-9863975.838703 -3267532.140779
-9863502.026691 -3272726.945455
-9860863.073341 -3301298.371169
-9857728.010539 -3335064.601558
-9855784.663799 -3355843.820260
-9854559.985789 -3368830.831948
-9853574.174027 -3379220.441299
-9851081.727759 -3405194.464675
-9849083.698997 -3425973.683377
-9845555.008822 -3462337.316104
-9842487.352967 -3493506.144156
-9840942.710075 -3509090.558182
-9838357.980601 -3535064.581558
-9837578.682381 -3542856.788571
-9835473.549817 -3563636.007273
-9835209.887209 -3566233.409610
-9833079.688784 -3587012.628312
-9831475.750932 -3602597.042338
-9830935.847458 -3607791.847013
-9829841.238389 -3618181.456364
-9828467.668578 -3631168.468052
-9825442.891941 -3659739.893766
-9824610.761326 -3667532.100779
-9824329.903911 -3670129.503117
-9822070.135332 -3690908.721818
-9820357.486255 -3706493.135844
-9820069.058473 -3709090.538182
-9816305.328752 -3742856.768571
-9815723.562670 -3748051.573247
-9812209.960051 -3779220.401299
-9810144.963971 -3797402.217662
-9807760.661867 -3818181.436364
-9806552.945041 -3828571.045714
-9803800.307718 -3851947.666753
-9802877.696654 -3859739.873766
-9799762.723553 -3885713.897143
-9796938.762347 -3909090.518182
-9795042.406452 -3924674.932208
-9792497.866681 -3945454.150909
-9788961.061916 -3974025.576623
-9786692.097747 -3992207.392987
-9785064.131107 -4005194.404675
-9784734.440668 -4007791.807013
-9781085.179625 -4036363.232727
-9780083.720573 -4044155.439740
-9776721.781242 -4070129.463117
-9775712.306822 -4077921.670130
-9775033.952836 -4083116.474805
-9773332.077777 -4096103.486494
-9772644.106344 -4101298.291169
-9770567.484605 -4116882.705195
-9768818.711521 -4129869.716883
-9767412.352138 -4140259.326234
-9767060.149094 -4142856.728571
-9762818.969426 -4174025.556623
-9758172.184576 -4207791.787013
-9757091.458610 -4215583.994026
-9752375.823981 -4249350.224416
-9750907.246731 -4259739.833766
-9746113.806625 -4293506.064156
-9742772.399847 -4316882.685195
-9739419.514270 -4340259.306234
-9737161.183203 -4355843.720260
-9735640.128432 -4366233.329610
-9732197.285928 -4389609.950649
-9730655.376193 -4399999.560000
-9729883.110250 -4405194.364675
-9725613.958119 -4433765.790390
-9724440.727080 -4441557.997403
-9720915.067782 -4464934.618442
-9716569.322931 -4493506.044156
-9711389.891111 -4527272.274545
-9705788.471922 -4563635.907273
-9705387.019611 -4566233.309610
-9702949.761397 -4581817.723636
-9701315.339029 -4592207.332987
-9697198.307792 -4618181.356364
-9694701.036929 -4633765.770390
-9690528.455556 -4659739.793766
-9690110.498636 -4662337.196104
-9686730.312507 -4683116.414805
-9682480.315719 -4709090.438182
-9676465.467702 -4745454.070909
-9670870.936563 -4779220.301299
-9670436.628240 -4781817.703636
-9665603.287581 -4810389.129351
-9660317.390672 -4841557.957403
-9656755.208634 -4862337.176104
-9653181.181723 -4883116.394805
-9649136.984568 -4906493.015844
-9645960.048586 -4924674.832208
-9641848.252474 -4948051.453247
-9636352.217801 -4979220.281299
-9632202.795325 -5002596.902338
-9629406.589558 -5018181.316364
-9627520.738315 -5028570.925714
-9623733.408121 -5049350.144416
-9623257.637333 -5051947.546753
-9622302.943749 -5057142.351429
-9616092.303092 -5090908.581818
-9613209.218259 -5106492.995844
-9608356.178156 -5132467.019221
-9604933.685656 -5150648.835584
-9600500.482955 -5174025.456623
-9597530.320677 -5189609.870649
-9594059.397936 -5207791.687013
-9592061.202066 -5218181.296364
-9586543.400684 -5246752.722078
-9580961.345850 -5275324.147792
-9574315.072292 -5309090.378182
-9567127.872440 -5345454.010909
-9563531.297331 -5363635.827273
-9558359.197150 -5389609.850649
-9556801.130159 -5397402.057662
-9554174.060099 -5410389.069351
-9552068.917525 -5420778.678701
-9547816.531436 -5441557.897403
-9544621.946121 -5457142.311429
-9538721.298834 -5485713.737143
-9537097.261959 -5493505.944156
-9531620.424957 -5519479.967532
-9525550.605507 -5548051.393247
-9520534.485255 -5571428.014286
-9518852.654352 -5579220.221299
-9516028.462538 -5592207.232987
-9510356.432180 -5618181.256364
-9504091.062226 -5646752.682078
-9503514.768786 -5649350.084416
-9496517.567405 -5680518.912468
-9492415.244630 -5698700.728831
-9484783.828531 -5732466.959221
-9478288.349014 -5761038.384935
-9472373.419847 -5787012.408312
-9471176.394625 -5792207.212987
-9467554.867142 -5807791.627013
-9464534.375669 -5820778.638701
-9457266.784793 -5851947.466753
-9449326.630321 -5885713.697143
-9440717.492465 -5922077.329870
-9440096.252747 -5924674.732208
-9436346.538887 -5940259.146234
-9429413.195240 -5968830.571948
-9424336.182691 -5989609.790649
-9421146.717843 -6002596.802338
-9412147.063517 -6038960.435065
-9409549.086765 -6049350.044416
-9401694.505601 -6080518.872468
-9393096.742900 -6114285.102857
-9388418.807417 -6132466.919221
-9381695.298670 -6158440.942597
-9380340.024059 -6163635.747273
-9375550.812416 -6181817.563636
-9368691.112000 -6207791.587013
-9364568.083066 -6223376.001039
-9356922.537315 -6251947.426753
-9347140.367378 -6288311.059481
-9342197.254933 -6306492.875844
-9337236.633900 -6324674.692208
-9332958.236097 -6340259.106234
-9331521.940674 -6345453.910909
-9325766.534357 -6366233.129610
-9325040.023077 -6368830.531948
-9314777.514725 -6405194.164675
-9312560.579408 -6412986.371688
-9302927.916986 -6446752.602078
-9293208.068988 -6480518.832468
-9286442.359993 -6503895.453507
-9277372.262910 -6535064.281558
-9269758.743937 -6561038.304935
-9262837.543747 -6584414.925974
-9258176.724519 -6599999.340000
-9252714.083350 -6618181.156364
-9244830.842552 -6644155.179740
-9241642.332981 -6654544.789091
-9240030.184185 -6659739.593766
-9229521.841312 -6693505.824156
-9226282.458624 -6703895.433507
-9222191.287660 -6716882.445195
-9218080.840023 -6729869.456883
-9213139.004941 -6745453.870909
-9207313.323844 -6763635.687273
-9204799.974197 -6771427.894286
-9195505.068963 -6799999.320000
-9183561.527927 -6836362.952727
-9181853.671146 -6841557.757403
-9172378.855842 -6870129.183117
-9160308.376055 -6906492.815844
-9154226.333084 -6924674.632208
-9152469.960561 -6929869.436883
-9149830.267344 -6937661.643896
-9142763.579062 -6958440.862597
-9138303.466781 -6971427.874286
-9132887.741456 -6987012.288312
-9124675.167308 -7010388.909351
-9111823.553094 -7046752.542078
-9107201.492651 -7059739.553766
-9098814.765286 -7083116.174805
-9092238.967669 -7101297.991169
-9081810.980343 -7129869.416883
-9077984.087862 -7140259.026234
-9070227.673704 -7161038.244935
-9064380.319713 -7176622.658961
-9056469.906536 -7197401.877662
-9045570.407194 -7225973.303377
-9036539.969471 -7249349.924416
-9026474.454397 -7275323.947792
-9013334.017410 -7309090.178182
-9004198.267021 -7332466.799221
-9000103.333715 -7342856.408571
-8995951.140797 -7353246.017922
-8986487.143426 -7376622.638961
-8984361.076536 -7381817.443636
-8974741.423775 -7405194.064675
-8963887.211839 -7431168.088052
-8958381.238515 -7444155.099740
-8951737.057047 -7459739.513766
-8940651.014019 -7485713.537143
-8939538.673532 -7488310.939481
-8937301.444367 -7493505.744156
-8921408.521175 -7529869.376883
-8916846.927657 -7540258.986234
-8900715.809015 -7576622.618961
-8892575.446626 -7594804.435325
-8880905.849451 -7620778.458701
-8868009.468384 -7649349.884416
-8855007.244207 -7677921.310130
-8839385.472450 -7711687.540520
-8836953.353095 -7716882.345195
-8823398.834027 -7745453.770909
-8814741.910383 -7763635.587273
-8807203.380412 -7779220.001299
-8798397.653123 -7797401.817662
-8792084.658567 -7810388.829351
-8788268.765240 -7818181.036364
-8774067.068872 -7846752.462078
-8759631.470958 -7875323.887792
-8745085.626028 -7903895.313507
-8730276.686446 -7932466.739221
-8720729.920282 -7950648.555584
-8716622.410392 -7958440.762597
-8706962.587378 -7976622.578961
-8688880.471925 -8010388.809351
-8681888.856070 -8023375.821039
-8673476.585607 -8038960.235065
-8655176.990301 -8072726.465455
-8645283.767356 -8090908.281818
-8629440.905280 -8119479.707532
-8609111.638588 -8155843.340260
-8595988.997098 -8179219.961299
-8576743.991227 -8212986.191688
-8560276.953514 -8241557.617403
-8546534.754570 -8264934.238442
-8538756.415821 -8277921.250130
-8535604.096391 -8283116.054805
-8524390.911030 -8301297.871169
-8517925.947859 -8311687.480520
-8506492.906968 -8329869.296883
-8493406.872211 -8350648.515584
-8485140.938703 -8363635.527273
-8470055.967692 -8387012.148312
-8447787.616006 -8420778.378701
-8427199.948067 -8451947.206753
-8423752.442772 -8457142.011429
-8416835.637505 -8467531.620779
-8400946.942900 -8490908.241818
-8375868.554245 -8527271.874545
-8350248.526214 -8563635.507273
-8329710.169577 -8592206.932987
-8322165.302227 -8602596.542338
-8306814.378902 -8623375.761039
-8302936.441955 -8628570.565714
-8298968.615887 -8633765.370390
-8294936.225307 -8638960.175065
-8276388.908179 -8662336.796104
-8257351.328178 -8685713.417143
-8240137.162922 -8706492.635844
-8237951.943291 -8709090.038182
-8231253.358120 -8716882.245195
-8215435.510232 -8735064.061558
-8206193.445501 -8745453.670909
-8192301.974868 -8761038.084935
-8173314.191590 -8781817.303636
-8154084.974811 -8802596.522338
-8131984.376906 -8825973.143377
-8109445.885046 -8849349.764416
-8099134.180364 -8859739.373766
-8067916.958442 -8890908.201818
-8052164.787167 -8906492.615844
-8046889.816320 -8911687.420520
-8033359.071759 -8924674.432208
-8014280.713403 -8942856.248571
-7986763.970717 -8968830.271948
-7969722.275036 -8984414.685974
-7943774.613347 -9007791.307013
-7937798.684263 -9012986.111688
-7895417.210785 -9049349.744416
-7877011.903950 -9064934.158442
-7858458.469404 -9080518.572468
-7816923.550484 -9114284.802857
-7783971.323272 -9140258.826234
-7743740.978841 -9171427.654286
-7712760.800772 -9194804.275325
-7705793.516301 -9199999.080000
-7673166.657768 -9223375.701039
-7647550.204014 -9241557.517403
-7605714.353425 -9270128.943117
-7562898.296078 -9298700.368831
-7506324.100722 -9335064.001558
-7472592.315060 -9355843.220260
-7468282.354609 -9358440.622597
-7463874.723475 -9361038.024935
-7432667.852646 -9379219.841299
-7418707.441845 -9387012.048312
-7351138.548155 -9423375.681039
-7285414.191398 -9457141.911429
-7238908.746325 -9480518.532468
-7186070.638411 -9506492.555844
-7170074.942384 -9514284.762857
-7159008.431476 -9519479.567532
-7112086.325029 -9540258.786234
-7100237.362338 -9545453.590909
-7087556.623119 -9550648.395584
-7011059.300525 -9581817.223636
-6923933.268133 -9615583.454026
-6854539.610390 -9641557.477403
-6790959.717576 -9664934.098442
-6783538.737867 -9667531.500779
-6690374.346045 -9698700.328831
-6656407.816744 -9709089.938182
-6591338.038085 -9727271.754545
-6480330.561479 -9755843.180260
-6448416.833451 -9763635.387273
-6299368.283128 -9797401.617662
-6287439.217527 -9799999.020000
-6225279.759348 -9812986.031688
-6124765.510703 -9833765.250390
-5959955.375118 -9864934.078442
-5917262.360106 -9872726.285455
-5839548.656482 -9885713.297143
-5675976.752588 -9909089.918182
-5616907.018322 -9916882.125195
-5463757.297971 -9935063.941558
-5126192.913732 -9971427.574286
-4994909.616087 -9981817.183636
-4863622.080477 -9989609.390649
-4801431.944934 -9992206.792987
-4727580.717528 -9994804.195325
-4596288.338597 -9997401.597662
-4005470.043600 -9999999.000000
0.000000 -9999999.000000
