2000
211830.505608 -9998029.333071
282440.371132 -9996059.666141
310683.601472 -9994089.999212
336359.102718 -9992120.332283
360567.322080 -9990150.665354
505223.982219 -9976362.996849
734689.426606 -9950757.326768
1001413.016827 -9917272.988970
1140504.725456 -9895606.652748
1177338.952642 -9889697.651960
1306898.057485 -9864091.981879
1325114.762165 -9860152.648020
1442525.231808 -9832577.311010
1456759.184117 -9828637.977152
1475577.066115 -9822728.976364
1532402.013208 -9803032.307071
1564551.881463 -9791214.305495
1569651.517244 -9789244.638566
1588050.658540 -9781365.970849
1652813.227369 -9751820.966910
1672957.735528 -9741972.632263
1711235.318309 -9722275.962970
1748830.156840 -9702579.293677
1807990.463777 -9669094.955879
1842647.453204 -9649398.286587
1905396.434232 -9611974.614930
1911950.160792 -9608035.281071
1962039.083393 -9576520.610203
2005382.890958 -9548945.273193
2060549.198215 -9511521.601536
2103361.634499 -9481976.597597
2154463.149452 -9444552.925941
2183673.610135 -9422886.589718
2216529.790469 -9397280.919638
2218926.948896 -9395311.252708
2260757.161725 -9359857.247981
2269875.323212 -9351978.580264
2309501.234200 -9316524.575537
2347522.068711 -9281070.570810
2377897.094037 -9251525.566870
2393979.755139 -9235768.231436
2403748.188045 -9225919.896789
2411490.167497 -9218041.229072
2420990.621392 -9208192.894426
2445412.436556 -9182587.224345
2458102.918238 -9168799.555840
2492323.996031 -9131375.884184
2513522.557100 -9107739.881032
2534409.140139 -9084103.877881
2554615.244734 -9060467.874729
2576153.905809 -9034862.204648
2607382.755853 -8997438.532992
2627970.041146 -8971832.862911
2640329.967407 -8956075.527477
2648040.436095 -8946227.192830
2675489.185131 -8910773.188103
2699797.849197 -8879258.517235
2724061.643515 -8847743.846366
2743524.387980 -8822138.176285
2746486.233940 -8818198.842427
2761058.571547 -8798502.173134
2785656.534982 -8765017.835336
2801242.232424 -8743351.499114
2821044.268807 -8715776.162104
2830877.244199 -8701988.493599
2846067.853938 -8680322.157376
2856877.673967 -8664564.821942
2871692.052554 -8642898.485720
2873027.772939 -8640928.818791
2891278.403505 -8613353.481781
2909212.400081 -8585778.144771
2921745.201824 -8566081.475478
2943892.732345 -8530627.470750
2958546.245595 -8506991.467599
2966892.137653 -8493203.799094
2989511.825782 -8455780.127437
3008173.804095 -8424265.456569
3012726.953388 -8416386.788852
3020605.519919 -8402599.120347
3023935.262213 -8396690.119559
3039324.597341 -8369114.782549
3058632.401200 -8333660.777822
3063974.114915 -8323812.443175
3078772.104282 -8296237.106165
3091256.930669 -8272601.103014
3110693.271729 -8235177.431357
3111705.776144 -8233207.764428
3117643.874473 -8221389.762852
3118623.719958 -8219420.095923
3131298.650420 -8193814.425842
3135118.118573 -8185935.758125
3139801.195755 -8176087.423478
3148140.864737 -8158360.421115
3155518.902290 -8142603.085681
3166559.878537 -8118967.082529
3182109.592828 -8085482.744731
3188467.655607 -8071695.076226
3196594.912304 -8053968.073863
3201988.047297 -8042150.072287
3215255.939088 -8012605.068347
3230241.605838 -7979120.730550
3238937.910565 -7959424.061257
3244126.510698 -7947606.059681
3258680.819536 -7914121.721883
3273788.875355 -7878667.717156
3280416.601976 -7862910.381721
3285323.686089 -7851092.380146
3288533.177620 -7843213.712429
3291729.199687 -7835335.044711
3305873.351272 -7799881.039984
3314428.288344 -7778214.703762
3317485.672785 -7770336.036045
3322830.677422 -7756548.367540
3328138.026766 -7742760.699035
3341730.709014 -7707306.694308
3346185.417733 -7695488.692732
3355827.729831 -7669883.022651
3360999.249942 -7656095.354146
3365388.596863 -7644277.352570
3379099.794302 -7606853.680914
3387626.936744 -7583217.677762
3400320.217877 -7547763.673035
3412116.785357 -7514279.335237
3420986.989556 -7488673.665157
3432532.756140 -7455189.327359
3441240.557802 -7429583.657278
3448541.606297 -7407917.321056
3460295.434611 -7372463.316329
3462884.038382 -7364584.648611
3469303.749624 -7344887.979318
3471226.238529 -7338978.978531
3478157.945200 -7317312.642308
3480027.016467 -7311403.641521
3488084.132250 -7285797.971440
3499768.424849 -7248374.299783
3508953.144636 -7218829.295844
3516906.379854 -7193223.625763
3526669.738238 -7161708.954895
3528473.933026 -7155799.954107
3530861.208434 -7147921.286390
3532052.826597 -7143981.952531
3535014.312275 -7134133.617885
3539681.689816 -7118376.282450
3541423.227592 -7112467.281662
3545436.622545 -7098679.613157
3546003.402354 -7096709.946228
3550522.821439 -7080952.610794
3551083.160692 -7078982.943864
3555533.252793 -7063225.608430
3563227.250771 -7035650.271420
3573056.261201 -7000196.266693
3574677.523182 -6994287.265905
3580561.179750 -6972620.929683
3581089.774062 -6970651.262754
3587891.932184 -6945045.592673
3593594.100091 -6923379.256451
3599287.426933 -6901712.920228
3608025.129904 -6868228.582431
3610563.587415 -6858380.247784
3615111.857756 -6840653.245421
3622600.392791 -6811108.241481
3628042.259945 -6789441.905259
3635933.818688 -6757927.234390
3641314.500512 -6736260.898168
3647602.419765 -6710655.228087
3656676.866694 -6673231.556431
3660940.416645 -6655504.554067
3668946.390134 -6622020.216269
3677861.372120 -6584596.544613
3682050.305109 -6566869.542249
3689956.942172 -6533385.204451
3694121.438552 -6515658.202088
3701981.968091 -6482173.864290
3705656.856277 -6466416.528856
3713460.314390 -6432932.191058
3717100.682985 -6417174.855623
3723872.309270 -6387629.851684
3725219.819310 -6381720.850896
3728325.876485 -6367933.182391
3734957.956313 -6338388.178452
3738037.502497 -6324600.509947
3745505.747703 -6291116.172149
3753746.556372 -6253692.500492
3758463.915835 -6232026.164270
3766172.360458 -6196572.159543
3767872.148306 -6188693.491826
3774600.232107 -6157178.820957
3779222.558332 -6135512.484735
3786316.484686 -6102028.146937
3792979.186840 -6070513.476069
3795861.906367 -6056725.807564
3796272.584160 -6054756.140634
3802757.798859 -6023241.469766
3805573.700916 -6009453.801261
3807177.276821 -6001575.133543
3813513.077775 -5970060.462675
3813905.039286 -5968090.795746
3817006.864766 -5952333.460311
3819717.288415 -5938545.791806
3822785.739600 -5922788.456372
3826216.865671 -5905061.454008
3829611.283422 -5887334.451645
3830357.057583 -5883395.117786
3832956.823228 -5869607.449281
3836274.943737 -5851880.446917
3841750.233760 -5822335.442978
3843196.814135 -5814456.775261
3845359.512730 -5802638.773685
3848954.484320 -5782942.104392
3851813.408847 -5767184.768958
3857474.986899 -5735670.098089
3859588.321510 -5723852.096514
3865568.233793 -5690367.758716
3869042.234642 -5670671.089423
3873531.897941 -5645065.419342
3879014.459017 -5613550.748473
3879353.340512 -5611581.081544
3881033.473007 -5601732.746898
3883047.012300 -5589914.745322
3888388.617201 -5558400.074453
3893699.118712 -5526885.403585
3897983.254696 -5501279.733504
3901587.240524 -5479613.397282
3906476.415934 -5450068.393343
3907443.579822 -5444159.392555
3912874.960690 -5410675.054757
3917937.760083 -5379160.383888
3920137.137941 -5365372.715383
3922954.040234 -5347645.713019
3923890.000679 -5341736.712232
3925753.539104 -5329918.710656
3926678.173145 -5324009.709868
3930044.715722 -5302343.373646
3935829.982178 -5264919.701989
3938242.652030 -5249162.366555
3940647.633024 -5233405.031121
3942146.913976 -5223556.696474
3947540.882552 -5188102.691747
3952283.824703 -5156588.020878
3957612.837942 -5121134.016151
3959370.045332 -5109316.014576
3962587.493177 -5087649.678353
3967225.910800 -5056135.007485
3971852.542425 -5024620.336616
3974445.112138 -5006893.334252
3975020.506620 -5002954.000394
3977886.526979 -4983257.331101
3981019.178867 -4961590.994879
3986382.218291 -4924167.323222
3991144.305276 -4890682.985424
3995316.910994 -4861137.981485
3996423.268913 -4853259.313768
4000806.783482 -4821744.642899
4003786.234880 -4800078.306677
4007018.043606 -4776442.303526
4010503.659293 -4750836.633445
4013154.463205 -4731139.964152
4015514.595474 -4713412.961788
4017873.230773 -4695685.959425
4022314.318920 -4662201.621627
4023874.814612 -4650383.620051
4024904.633187 -4642504.952334
4027982.342037 -4618868.949183
4029006.942938 -4610990.281465
4033588.456766 -4575536.276738
4036633.113043 -4551900.273587
4038391.194508 -4538112.605082
4042612.221705 -4504628.267284
4045334.798318 -4482961.931062
4048544.207377 -4457356.260981
4050763.278853 -4439629.258617
4052226.727571 -4427811.257042
4053440.838952 -4417962.922395
4057062.327583 -4388417.918456
4061617.457861 -4350994.246799
4065186.156402 -4321449.242860
4067072.502175 -4305691.907426
4071268.151498 -4270237.902698
4073581.205429 -4250541.233406
4073810.294410 -4248571.566476
4077471.011534 -4217056.895608
4079066.411196 -4203269.227103
4080872.212408 -4187511.891668
4081989.259038 -4177663.557022
4082211.661330 -4175693.890093
4083753.458665 -4161906.221588
4087914.030456 -4124482.549931
4089223.646318 -4112664.548355
4089876.335257 -4106755.547567
4091389.425450 -4092967.879062
4094614.952131 -4063422.875123
4098666.203480 -4025999.203467
4099941.384887 -4014181.201891
4101210.758220 -4002363.200315
4105183.439585 -3964939.528659
4108101.113055 -3937364.191649
4109747.706196 -3921606.856214
4111986.589556 -3899940.519992
4115848.657875 -3862516.848336
4117473.720287 -3846759.512901
4120308.216319 -3819184.175891
4123709.397426 -3785699.838093
4124504.916788 -3777821.170376
4126676.675901 -3756154.834154
4129614.610786 -3726609.830215
4132735.897672 -3695095.159346
4135456.107364 -3667519.822336
4138540.069442 -3636005.151467
4139494.160340 -3626156.816821
4141587.524830 -3604490.480599
4144992.341937 -3569036.475872
4148369.703397 -3533582.471144
4149115.673472 -3525703.803427
4152065.336482 -3494189.132559
4155173.852091 -3460704.794761
4155904.768907 -3452826.127044
4156990.706784 -3441008.125468
4157531.819477 -3435099.124680
4160736.388124 -3399645.119953
4163220.255420 -3372069.782943
4163396.941204 -3370100.116013
4164099.298222 -3362221.448296
4165677.413455 -3344494.445933
4166198.725725 -3338585.445145
4169302.722973 -3303131.440418
4171183.766910 -3281465.104195
4172207.636976 -3269647.102620
4172714.206682 -3263738.101832
4175220.388481 -3234193.097892
4176220.027418 -3222375.096317
4176713.498294 -3216466.095529
4178507.462987 -3194799.759307
4179800.067114 -3179042.423872
4181571.022061 -3157376.087650
4181730.516109 -3155406.420721
4182686.097987 -3143588.419145
4183159.064978 -3137679.418357
4184888.240563 -3116013.082135
4186921.416083 -3090407.412054
4188933.880630 -3064801.741974
4190773.875331 -3041165.738822
4192604.392591 -3017529.735671
4195030.679395 -2986015.064802
4195786.087502 -2976166.730156
4197277.893854 -2956470.060863
4199802.604971 -2922985.723065
4199949.010588 -2921016.056136
4202135.158443 -2891471.052196
4204459.995747 -2859956.381328
4205763.754440 -2842229.378964
4208493.189405 -2804805.707307
4211216.381649 -2767382.035651
4213356.428316 -2737837.031712
4214062.148034 -2727988.697065
4214479.725757 -2722079.696277
4215870.570802 -2702383.026984
4218064.895187 -2670868.356116
4219156.048659 -2655111.020681
4221601.505745 -2619657.015954
4221735.656752 -2617687.349025
4222670.990594 -2603899.680520
4224540.170409 -2576324.343510
4226790.052497 -2542840.005712
4229147.551569 -2507386.000985
4230706.581112 -2483749.997833
4230834.717449 -2481780.330904
4231339.335923 -2473901.663187
4233718.512618 -2436477.991530
4234581.294122 -2422690.323025
4235193.445370 -2412841.988379
4237362.089874 -2377387.983652
4237836.252909 -2369509.315935
4238071.301146 -2365569.982076
4238774.619209 -2353751.980500
4239007.437340 -2349812.646642
4239465.804034 -2341933.978925
4241273.542099 -2310419.308056
4242506.445433 -2288752.971834
4244396.552308 -2255268.634036
4245943.338388 -2227693.297026
4246053.325290 -2225723.630097
4246931.628938 -2209966.294662
4248015.610994 -2190269.625369
4248443.269792 -2182390.957652
4249829.312558 -2156785.287571
4250779.128936 -2139058.285208
4252655.780997 -2103604.280481
4254411.526460 -2070119.942683
4256267.030744 -2034665.937955
4256571.013737 -2028756.937168
4258178.254526 -1997242.266299
4258970.239808 -1981484.930865
4260829.167839 -1944061.259208
4261611.102315 -1928303.923774
4262667.195214 -1906637.587552
4263426.816422 -1890880.252117
4264084.112617 -1877092.583612
4265853.679696 -1839668.911956
4266676.461667 -1821941.909592
4267764.383928 -1798305.906441
4269281.440547 -1764821.568643
4269547.737859 -1758912.567855
4270342.378568 -1741185.565491
4271911.290110 -1705731.560764
4273369.058753 -1672247.222966
4274723.069235 -1640732.552098
4275555.295608 -1621035.882805
4275803.563266 -1615126.882017
4276543.330739 -1597399.879653
4277519.630989 -1573763.876502
4278568.829181 -1548158.206421
4279836.401211 -1516643.535552
4281099.528281 -1485128.864684
4281957.754072 -1463462.528462
4283204.604134 -1431947.857593
4284587.376322 -1396493.852866
4285504.801082 -1372857.849714
4286648.818927 -1343312.845775
4287777.657397 -1313767.841836
4289115.735114 -1278313.837109
4289262.210869 -1274374.503250
4290483.939001 -1240890.165452
4290554.255185 -1238920.498523
4291592.623867 -1209375.494583
4292270.348107 -1189678.825291
4292470.676786 -1183769.824503
4292601.337354 -1179830.490644
4293058.017579 -1166042.822139
4293773.672842 -1144376.485917
4293837.830926 -1142406.818988
4294905.573845 -1108922.481190
4295335.805941 -1095134.812685
4296369.988770 -1061650.474887
4297159.669879 -1036044.804806
4298241.793457 -1000590.800079
4298301.553585 -998621.133149
4298597.672254 -988772.798503
4298715.405029 -984833.464644
4299302.282919 -965136.795352
4299708.100135 -951349.126847
4300273.584321 -931652.457554
4301113.804163 -902107.453614
4301823.517671 -876501.783534
4302354.381785 -856805.114241
4302672.368999 -844987.112665
4303033.447777 -831199.444160
4303437.632615 -815442.108726
4303934.045437 -795745.439433
4304229.778496 -783927.437857
4304667.830719 -766200.435493
4304763.592149 -762261.101635
4305327.615335 -738625.098483
4306113.216972 -705140.760685
4306478.000155 -689383.425251
4306878.130277 -671656.422888
4307143.307953 -659838.421312
4307577.396966 -640141.752019
4307704.215530 -634232.751231
4308379.183982 -602718.080362
4308581.823744 -592869.745716
4308821.854576 -581051.744140
4308978.044230 -573173.076423
4309396.085239 -551506.740201
4309686.913319 -535749.404767
4309791.551163 -529840.403979
4309997.188268 -518022.402403
4310500.891372 -488477.398464
4311114.262215 -451053.726807
4311397.028558 -433326.724444
4311834.468656 -405751.387434
4312048.957453 -391963.718928
4312314.632833 -374236.716565
4312516.440550 -360449.048060
4313039.648866 -323025.376403
4313312.438406 -303328.707110
4313774.716967 -269844.369313
4313800.877079 -267874.702383
4314251.636125 -232420.697656
4314375.987400 -222572.363010
4314516.446114 -210754.361434
4314697.543366 -194997.026000
4314740.930037 -191057.692141
4314951.002588 -171361.022848
4315086.654806 -157573.354343
4315433.700543 -120149.682687
4315697.411877 -90604.678747
4315732.059900 -86665.344889
4315861.070132 -70908.009454
4316013.781627 -51211.340162
4316299.060387 -13787.668505
4316366.442187 -3939.333859
4316466.735952 11818.001576
4316595.246412 33484.337798
4316681.878835 49241.673232
4316703.195508 53181.007091
4316824.950363 76817.010242
4316954.105898 106362.014182
4316962.375043 108331.681111
4316991.016417 116210.348828
4317080.516417 143785.685838
4317129.611043 161512.688202
4317221.661935 196966.692929
4317255.753600 212724.028363
4317305.611025 242269.032303
4317319.417329 254087.033878
4317337.825375 289541.038605
4317330.155384 319086.042545
4317321.462653 330904.044121
4317273.736362 362418.714989
4317256.349554 370297.382706
4317202.652535 389994.051999
4317167.876560 401812.053575
4317155.261385 405751.387434
4317056.210519 433326.724444
4317047.514840 435296.391373
4316903.077833 462871.728383
4316714.630384 496356.066181
4316632.851000 510143.734686
4316554.043184 521961.736262
4316387.200270 545597.739413
4316372.954870 547567.406342
4316119.039562 579082.077211
4315876.503406 606657.414221
4315746.247001 620445.082726
4315376.420445 657868.754383
4315336.977283 661808.088241
4315053.676930 689383.425251
4314665.940922 726807.096908
4314311.732698 760291.434706
4314142.302704 776048.770140
4313970.128390 791806.105574
4313669.149783 817411.775655
4313323.372727 844987.112665
4312866.423674 880441.117392
4312630.982659 898168.119756
4312310.866014 921804.122907
4311891.346991 951349.126847
4311448.554691 980894.130786
4311418.431303 982863.797715
4311052.807995 1006499.800867
4310772.373843 1024226.803230
4310484.163697 1041953.805594
4309985.652942 1071498.809533
4309675.638210 1089225.811897
4309190.967447 1116801.148907
4309010.067640 1126649.483553
4308674.290567 1144376.485917
4308069.012319 1175891.156786
4307649.058754 1197557.493008
4307413.729920 1209375.494583
4307212.397378 1219223.829230
4307171.433519 1221193.496159
4306921.463017 1233011.497735
4306249.288602 1264526.168604
4306162.995394 1268465.502462
4305457.255287 1299980.173331
4305229.704154 1309828.507977
4305091.331783 1315737.508765
4304440.679946 1343312.845775
4304152.340403 1355130.847351
4303911.177875 1364979.181997
4303664.293187 1374827.516644
4302719.434253 1412251.188300
4301752.787833 1449674.859957
4301442.761532 1461492.861532
4301390.383151 1463462.528462
4300905.428995 1481189.530825
4300247.113593 1504825.533977
4300079.069625 1510734.534765
4299682.607682 1524522.203270
4299052.739234 1546188.539492
4298529.368628 1563915.541855
4298293.903077 1571794.209573
4297820.828049 1587551.545007
4297519.790698 1597399.879653
4296533.532864 1628914.550522
4296162.071110 1640732.552098
4295037.989067 1676186.556825
4294593.923915 1689974.225330
4293364.646522 1727397.896986
4292260.167422 1760882.234784
4291526.624184 1782548.571007
4291390.172546 1786487.904865
4290349.077092 1816032.908804
4289144.409471 1849517.246602
4287842.592916 1884971.251330
4287768.988702 1886940.918259
4287326.813680 1898758.919835
4287251.649679 1900728.586764
4286413.716125 1922394.922986
4285557.522893 1944061.259208
4284769.919678 1963757.928501
4284130.200940 1979515.263935
4282764.487972 2012999.601733
4281313.424224 2048453.606461
4280907.562614 2058301.941107
4280414.943419 2070119.942683
4279839.568718 2083907.611188
4279093.925920 2101634.613551
4279010.796670 2103604.280481
4277762.457110 2133149.284420
4276328.596914 2166633.622218
4275134.651259 2194208.959228
4273923.610535 2221784.296238
4273747.212536 2225723.630097
4272944.064914 2243450.632460
4271950.977638 2265116.968682
4271767.756776 2269056.302541
4270648.989827 2292692.305692
4269900.852914 2308449.641127
4269144.297936 2324206.976561
4267629.655379 2355721.647430
4267343.646559 2361630.648217
4265504.865528 2399054.319874
4264222.920104 2424659.989955
4263019.820103 2448295.993106
4262512.208156 2458144.327753
4261998.256209 2467992.662399
4261066.982884 2485719.664763
4259612.852743 2513295.001773
4258982.590987 2525113.003348
4257608.075827 2550718.673429
4257179.232030 2558597.341146
4256961.642497 2562536.675005
4256080.951186 2578294.010439
4254971.119310 2597990.679732
4254294.420665 2609808.681308
4252231.770546 2645262.686035
4251194.094143 2662989.688399
4249203.083846 2696474.026197
4248609.361707 2706322.360843
4248131.937225 2714201.028560
4246440.913059 2741776.365570
4245834.413015 2751624.700217
4245101.066106 2763442.701792
4244732.539698 2769351.702580
4244483.757727 2773291.036439
4243607.218945 2787078.704944
4242468.080977 2804805.707307
4240671.242580 2832381.044318
4239510.475244 2850108.046681
4237942.604236 2873744.049833
4235957.414158 2903289.053772
4234888.461195 2919046.389206
4233538.423413 2938743.058499
4232034.548822 2960409.394721
4231760.473079 2964348.728580
4230523.263863 2982075.730943
4228720.780333 3007681.401024
4226758.445044 3035256.738034
4225765.866067 3049044.406539
4223069.652707 3086468.078196
4221927.420383 3102225.413630
4219483.431235 3135709.751428
4218904.422805 3143588.419145
4217008.327307 3169194.089226
4214795.636459 3198739.093165
4212424.775061 3230253.764034
4211976.563998 3236162.764822
4210314.666162 3257829.101044
4208650.299913 3279495.437266
4206068.548537 3312979.775064
4203925.050052 3340555.112074
4201618.273600 3370100.116013
4199596.945956 3395705.786094
4197709.199707 3419341.789246
4194694.120114 3456765.460902
4193415.400311 3472522.796336
4190363.075663 3509946.467993
4188112.374511 3537521.805003
4186822.553579 3553279.140437
4185844.726922 3565097.142013
4184364.314294 3582824.144377
4182706.496756 3602520.813669
4179688.433030 3637974.818397
4179520.051572 3639944.485326
4178338.055592 3653732.153831
4178167.051597 3655701.820760
4175241.631082 3689186.158558
4171942.282556 3726609.830215
4170725.887258 3740397.498720
4170027.415299 3748276.166437
4169325.058281 3756154.834154
4167739.276901 3773881.836518
4166320.902928 3789639.171952
4163821.587677 3817214.508962
4163641.340371 3819184.175891
4162194.414044 3834941.511326
4159117.590060 3868425.849124
4158751.632923 3872365.182982
4158566.777218 3874334.849911
4157455.381593 3886152.851487
4154087.139579 3921606.856214
4153338.135053 3929485.523931
4149765.911642 3966909.195588
4149577.137228 3968878.862517
4145961.325838 4006302.534174
4144998.232882 4016150.868820
4142093.444661 4045695.872760
4140735.155866 4059483.541265
4138777.837272 4079180.210557
4137798.525644 4089028.545204
4135045.476145 4116603.882214
4133454.437420 4132361.217648
4133054.298467 4136300.551507
4129212.556795 4173724.223163
4127189.252452 4193420.892456
4125552.373867 4209178.227890
4125138.829288 4213117.561749
4124100.210882 4222965.896396
4121165.302628 4250541.233406
4119467.276122 4266298.568840
4119038.602067 4270237.902698
4115598.040275 4301752.573567
4115382.585461 4303722.240496
4112788.716558 4327358.243648
4109287.345582 4358872.914516
4105322.723864 4394326.919244
4103764.902373 4408114.587749
4099952.219541 4441598.925547
4096100.042023 4475083.263345
4093596.207268 4496749.599567
4091305.317449 4516446.268860
4086933.017317 4553869.940516
4085069.478705 4569627.275950
4083202.354858 4585384.611385
4079663.193324 4614929.615324
4078474.387050 4624777.949970
4074905.688509 4654322.953910
4070843.036998 4687807.291708
4070123.346604 4693716.292496
4065524.409184 4731139.964152
4064070.259696 4742957.965728
4060150.286130 4774472.636596
4057936.859002 4792199.638960
4057192.445656 4798108.639748
4054942.093386 4815835.642111
4053177.293967 4829623.310617
4052160.472449 4837501.978334
4049349.968266 4859168.314556
4046786.838944 4878864.983849
4044212.292505 4898561.653142
4042648.823112 4910379.654717
4038168.111405 4943863.992515
4037101.042668 4951742.660232
4034426.593896 4971439.329525
4030402.177837 5000984.333465
4026375.208357 5030529.337404
4023931.282450 5048256.339768
4023386.808061 5052195.673626
4022836.080623 5056135.007485
4021171.269878 5067953.009060
4017809.796712 5091589.012212
4016680.018534 5099467.679929
4016395.050999 5101437.346858
4011783.106705 5132952.017727
4009744.741287 5146739.686232
4005368.468483 5176284.690171
3999807.519714 5213708.361828
3998928.356480 5219617.362616
3996874.361704 5233405.031121
3992137.461047 5264919.701989
3989442.196967 5282646.704353
3988538.023257 5288555.705141
3984014.267283 5318100.709080
3978582.292740 5353554.713807
3974346.617019 5381130.050817
3969157.071364 5414614.388615
3968543.011512 5418553.722474
3962998.757966 5454007.727201
3958971.427871 5479613.397282
3954267.543073 5509158.401221
3948255.468794 5546582.072878
3946668.249766 5556430.407524
3945064.600086 5566278.742171
3940200.619842 5595823.746110
3936947.480449 5615520.415403
3936295.169022 5619459.749261
3933684.236521 5635217.084696
3932368.598571 5643095.752413
3930714.437178 5652944.087059
3926700.420865 5676580.090211
3922297.830114 5702185.760292
3918526.106634 5723852.096514
3917494.762704 5729761.097302
3911290.494183 5765215.102029
3908157.739157 5782942.104392
3903953.233423 5806578.107544
3900078.786636 5828244.443766
3898663.392123 5836123.111483
3897951.485177 5840062.445342
3894375.469083 5859759.114635
3891505.190497 5875516.450069
3885749.430379 5907031.120938
3883940.006523 5916879.455584
3880304.323840 5936576.124877
3877019.149825 5954303.127241
3874097.054556 5970060.462675
3872262.225549 5979908.797321
3868928.582475 5997635.799685
3861824.746122 6035059.471341
3854658.753091 6072483.142998
3849712.681927 6098088.813079
3843970.968233 6127633.817018
3839365.183897 6151269.820169
3833186.677699 6182784.491038
3829699.486743 6200511.493402
3822317.659967 6237935.165058
3818419.289397 6257631.834351
3817240.200468 6263540.835139
3816842.314716 6265510.502068
3815637.155196 6271419.502856
3811212.166248 6293085.839078
3805568.745055 6320661.176088
3799484.667561 6350206.180028
3797841.956387 6358084.847745
3792492.042469 6383690.517826
3786245.759199 6413235.521765
3779522.375599 6444750.192633
3772313.469752 6478234.530431
3771454.557709 6482173.864290
3766253.521412 6505809.867441
3761441.720686 6527476.203664
3757051.763538 6547172.872956
3750848.532371 6574748.209967
3748621.959532 6584596.544613
3747275.418966 6590505.545401
3741862.024785 6614141.548552
3734628.521819 6645656.219421
3730972.281264 6661413.554855
3724522.467882 6688988.891865
3724058.391447 6690958.558795
3717061.471176 6720503.562734
3712832.367195 6738230.565098
3708593.910642 6755957.567461
3703824.966518 6775654.236754
3699002.525823 6795350.906047
3698516.664295 6797320.572976
3695077.100895 6811108.241481
3689618.736345 6832774.577703
3684592.054450 6852471.246996
3680057.669771 6870198.249360
3678529.911039 6876107.250148
3670820.173124 6905652.254087
3664117.705945 6931257.924168
3662052.212974 6939136.591885
3659460.318471 6948984.926531
3657893.036678 6954893.927319
3655791.872894 6962772.595036
3649458.688269 6986408.598188
3646287.122393 6998226.599764
3641495.970260 7015953.602127
3634487.235809 7041559.272208
3628466.165174 7063225.608430
3626267.880037 7071104.276147
3621846.463250 7086861.611582
3612359.309409 7120345.949380
3610683.746556 7126254.950167
3609005.459853 7132163.950955
3599944.407448 7163678.621824
3598799.613318 7167617.955683
3594769.601009 7181405.624188
3588362.654756 7203071.960410
3585995.461822 7210950.628127
3581799.971424 7224738.296632
3570993.211168 7260192.301359
3565538.882170 7277919.303723
3556959.083765 7305494.640733
3548244.352109 7333069.977743
3544446.743081 7344887.979319
3538066.833471 7364584.648611
3537420.839741 7366554.315541
3533499.363545 7378372.317116
3529513.339759 7390190.318692
3523451.507421 7407917.321056
3516703.706054 7427613.990349
3508538.618555 7451249.993500
3501005.045128 7472916.329722
3496857.183644 7484734.331298
3494759.648851 7490643.332086
3491233.737425 7500491.666732
3490522.460497 7502461.333662
3479729.242827 7532006.337601
3471666.309234 7553672.673823
3465773.459965 7569430.009257
3458282.198492 7589126.678550
3455240.238842 7597005.346267
3454471.219126 7598975.013197
3443492.960495 7626550.350207
3436413.552434 7644277.352570
3429237.570353 7662004.354934
3415640.205795 7695488.692732
3409200.884231 7711246.028166
3401048.573546 7730942.697459
3398597.652818 7736851.698247
3390277.043887 7756548.367540
3383480.798446 7772305.702974
3382614.092214 7774275.369904
3372011.869184 7797911.373055
3364837.607269 7813668.708489
3353057.248286 7839274.378570
3335657.753778 7876698.050227
3330143.764458 7888516.051802
3319950.835702 7910182.388024
3305748.810741 7939727.391964
3302866.691653 7945636.392752
3288295.905709 7975181.396691
3271720.996642 8008665.734489
3257882.790179 8036241.071499
3246858.132335 8057907.407721
3230720.004922 8089422.078590
3224613.746493 8101240.080165
3205076.580278 8138663.751822
3196775.112495 8154421.087256
3187287.324565 8172148.089620
3179838.889015 8185935.758125
3164821.708236 8213511.095135
3145170.558280 8248965.099862
3132876.294172 8270631.436084
3121668.418505 8290328.105377
3102507.856931 8323812.443175
3081931.155289 8359266.447902
3066855.737192 8384872.117983
3061006.914465 8394720.452630
3048101.998009 8416386.788852
3033982.763962 8440022.792003
3020750.450537 8461689.128225
3001271.305061 8493203.799094
2980193.913836 8526688.136892
2970229.354159 8542445.472326
2951430.151545 8571990.476266
2945045.310462 8581838.810912
2927054.529989 8609414.147922
2913806.012245 8629110.817215
2897428.441879 8652746.820366
2873991.690956 8686231.158164
2869718.844199 8692140.158952
2853746.087939 8713806.495174
2838747.392624 8733503.164467
2835736.653884 8737442.498326
2826654.497049 8749260.499902
2803822.907976 8778805.503841
2789917.990933 8796532.506204
2780542.406605 8808350.507780
2764332.245281 8828047.177073
2746107.224372 8849713.513295
2732413.327658 8865470.848730
2711744.148669 8889106.851881
2688581.445436 8914712.521962
2658992.583285 8946227.192830
2625405.760677 8981681.197558
2598985.806598 9009256.534568
2569472.524922 9038801.538507
2543338.200631 9064407.208588
2541252.356913 9066376.875517
2526578.010433 9080164.544022
2507663.430534 9097891.546386
2485649.035540 9117588.215679
2446252.223484 9151072.553476
2413717.613506 9178647.890487
2377343.499816 9208192.894426
2331294.773106 9243646.899153
2307767.806449 9261373.901517
2294448.154612 9271222.236163
2259371.512732 9296827.906244
2229304.547833 9318494.242466
2200859.591248 9338190.911759
2173499.400061 9355917.914123
2139317.719199 9377584.250345
2136015.141250 9379553.917274
2102462.850432 9399250.586567
2051933.047864 9428795.590506
2024545.560766 9444552.925941
1962418.623974 9480006.930668
1958725.033391 9481976.597597
1923144.705294 9499703.599961
1906049.584027 9507582.267678
1858798.736187 9529248.603900
1854297.043581 9531218.270829
1763948.603566 9568641.942486
1692982.010330 9596217.279496
1631038.720430 9619853.282647
1591788.901655 9633640.951152
1557229.369665 9645458.952728
1476037.342039 9673034.289738
1443715.398433 9682882.624385
1309985.935857 9718336.629112
1272509.842381 9728184.963758
1248982.311608 9734093.964546
1089639.531379 9771517.636203
946870.298156 9801062.640142
936904.213168 9803032.307071
793878.205886 9828637.977152
521043.490885 9866061.648808
486461.683953 9870000.982667
247017.971777 9895606.652748
116667.315016 9907424.654323
-386413.133889 9944848.325980
-1148993.136470 9980302.330707
-1625607.939086 9998029.333071
-1908048.679504 9999999.000000
-2774834.106002 9997984.089865
-5375189.687874 9979849.898650
-5606330.732406 9971790.258110
-6075830.454075 9945596.426355
-6216926.315979 9931492.055410
-6441069.685610 9901268.403385
-6506725.660385 9891193.852710
-6704179.755773 9854925.470280
-6881430.747552 9818657.087850
-7050971.080378 9782388.705420
-7178395.065029 9752165.053395
-7252445.288839 9732015.952045
-7305755.706577 9715896.670965
-7417708.024880 9677613.378400
-7476150.635262 9655449.366915
-7522541.623556 9637315.175700
-7567073.382591 9619180.984485
-7581504.111117 9613136.254080
-7643691.027206 9586942.422325
-7723191.223526 9550674.039895
-7744302.537446 9540599.489220
-7820428.255387 9502316.196655
-7850393.077461 9486196.915575
-7860899.293862 9480152.185170
-7906932.916447 9451943.443280
-7945796.413815 9427764.521660
-7964799.019757 9415675.060850
-8021823.678404 9377391.768285
-8044638.618478 9361272.487205
-8091865.434730 9327019.014910
-8094556.366281 9325004.104775
-8129212.308694 9298810.273020
-8167080.020526 9268586.620995
-8201809.005050 9240377.879105
-8232627.994899 9214184.047350
-8237253.939189 9210154.227080
-8276952.372706 9173885.844650
-8302178.567205 9149706.923030
-8304191.313945 9147692.012895
-8310035.889204 9141647.282490
-8325340.650607 9125528.001410
-8332857.516571 9117468.360870
-8334708.038849 9115453.450735
-8367236.276170 9079185.068305
-8385004.195448 9059035.966955
-8409021.575403 9030827.225066
-8415855.933629 9022767.584526
-8427649.063831 9008663.213581
-8447509.033529 8984484.291961
-8452425.779258 8978439.561556
-8476222.362881 8948215.909531
-8482416.212065 8940156.268991
-8505264.029445 8909932.616966
-8533587.450814 8871649.324401
-8552627.840824 8845455.492646
-8558336.497938 8837395.852106
-8573928.778139 8815231.840621
-8597349.623330 8780978.368326
-8600095.938000 8776948.548056
-8621605.343151 8744709.985896
-8629606.706213 8732620.525086
-8636253.185580 8722545.974411
-8644103.340223 8710456.513601
-8662192.171338 8682247.771711
-8663478.218089 8680232.861576
-8686031.518517 8643964.479146
-8693382.056958 8631875.018336
-8707679.312708 8607696.096716
-8710048.465170 8603666.276446
-8711227.944121 8601651.366311
-8717033.642440 8591576.815636
-8732043.496311 8565382.983881
-8747983.420202 8537174.241991
-8766149.961007 8504935.679831
-8769523.424111 8498890.949426
-8776160.745064 8486801.488616
-8778337.752478 8482771.668346
-8796743.929789 8448518.196051
-8798878.119955 8444488.375781
-8815774.077707 8412249.813621
-8816805.878947 8410234.903486
-8822895.647268 8398145.442676
-8841940.345037 8359862.150111
-8852790.640069 8337698.138626
-8866333.981650 8309489.396736
-8867299.034724 8307474.486601
-8885245.563167 8269191.194036
-8899231.837258 8238967.542011
-8906587.857503 8222848.260931
-8913834.869467 8206728.979851
-8926488.251301 8178520.237961
-8936351.489170 8156356.226476
-8943500.474662 8140236.945396
-8951515.938559 8122102.754181
-8957680.743151 8107998.383236
-8974247.385090 8069715.090671
-8977696.911926 8061655.450131
-8989523.499560 8033446.708241
-9002838.399115 8001208.146081
-9003664.418769 7999193.235946
-9016015.479965 7968969.583921
-9016838.015496 7966954.673786
-9024186.529302 7948820.482571
-9032317.420631 7928671.381221
-9033117.938080 7926656.471086
-9041098.386212 7906507.369736
-9046593.978803 7892402.998791
-9057529.537352 7864194.256901
-9065309.120843 7844045.155551
-9071476.690829 7827925.874471
-9075274.218562 7817851.323796
-9087212.898219 7785612.761636
-9090162.909337 7777553.121096
-9095310.458670 7763448.750151
-9096039.471899 7761433.840016
-9101788.585844 7745314.558936
-9105374.963436 7735240.008261
-9109666.393678 7723150.547451
-9118868.499961 7696956.715696
-9121668.295305 7688897.075156
-9123046.311415 7684867.254886
-9131238.823960 7660688.333266
-9134649.248791 7650613.782591
-9142819.317802 7626434.860971
-9152976.189967 7596211.208946
-9154983.776259 7590166.478541
-9159597.219043 7576062.107596
-9169456.754582 7545838.455571
-9170752.843770 7541808.635301
-9177806.542608 7519644.623816
-9182927.533536 7503525.342736
-9193142.698967 7471286.780576
-9197600.153392 7457182.409631
-9207630.869031 7424943.847471
-9218188.207568 7390690.375176
-9224949.785517 7368526.363691
-9231044.733545 7348377.262341
-9234074.244483 7338302.711666
-9242514.153874 7310093.969776
-9253283.929075 7273825.587346
-9256270.538334 7263751.036671
-9261593.005331 7245616.845456
-9268660.288078 7221437.923836
-9273917.185667 7203303.732621
-9282621.296543 7173080.080596
-9285510.815319 7163005.529921
-9292968.613564 7136811.698166
-9295834.664728 7126737.147491
-9301497.516449 7106588.046141
-9307083.506772 7086438.944791
-9313213.368049 7064274.933306
-9314324.333863 7060245.113036
-9322088.701884 7032036.371147
-9324291.270759 7023976.730607
-9330862.433034 6999797.808987
-9331401.897986 6997782.898852
-9336226.782494 6979648.707637
-9345227.668072 6945395.235342
-9349437.228571 6929275.954262
-9351527.450214 6921216.313722
-9357731.108895 6897037.392102
-9363344.576623 6874873.380617
-9364356.734209 6870843.560347
-9366868.106308 6860769.009672
-9370376.098167 6846664.638727
-9372374.648131 6838604.998187
-9379807.695020 6808381.346162
-9382272.462353 6798306.795487
-9387132.912107 6778157.694137
-9391001.205956 6762038.413057
-9396316.186059 6739874.401572
-9397281.121574 6735844.581302
-9405381.230341 6701591.109007
-9405851.484996 6699576.198872
-9413805.233834 6665322.726577
-9415206.800437 6659277.996172
-9421232.065691 6633084.164417
-9429009.721935 6598830.692122
-9435369.079172 6570621.950232
-9435817.200557 6568607.040097
-9441167.969915 6544428.118477
-9449604.044440 6506144.825912
-9454012.782195 6485995.724562
-9457070.745258 6471891.353617
-9463987.164300 6439652.791457
-9468252.940919 6419503.690107
-9470372.518000 6409429.139432
-9475019.429454 6387265.127947
-9476689.450386 6379205.487407
-9482068.602051 6353011.655652
-9487849.593981 6324802.913762
-9489488.879675 6316743.273222
-9493941.756929 6294579.261737
-9500348.477555 6262340.699577
-9507869.235558 6224057.407012
-9513384.672184 6195848.665122
-9520399.824542 6159580.282692
-9526614.569538 6127341.720532
-9528924.840251 6115252.259722
-9531589.657325 6101147.888777
-9535391.455802 6080998.787427
-9540287.860345 6054804.955672
-9547377.822236 6016521.663107
-9551092.085453 5996372.561757
-9555891.916562 5970178.730002
-9561419.196907 5939955.077977
-9563625.725712 5927865.617167
-9569094.881949 5897641.965142
-9572002.163393 5881522.684062
-9575963.000685 5859358.672577
-9581720.431966 5827120.110417
-9582435.868560 5823090.290147
-9587424.249517 5794881.548257
-9588845.768945 5786821.907717
-9594513.254005 5754583.345557
-9596968.573932 5740478.974612
-9601513.591006 5714285.142857
-9605354.358396 5692121.131372
-9605702.609216 5690106.221237
-9612250.777604 5651822.928672
-9612594.299213 5649808.018537
-9615673.962847 5631673.827322
-9620418.149400 5603465.085432
-9626844.182266 5565181.792867
-9630219.738099 5545032.691517
-9632911.454348 5528913.410437
-9635902.665813 5510779.219222
-9640206.602860 5484585.387467
-9646150.542130 5448317.005037
-9647468.864646 5440257.364497
-9650090.262025 5424138.083417
-9650415.206426 5422123.173282
-9656200.657189 5385854.790852
-9660368.323281 5359660.959097
-9665759.256517 5325407.486802
-9669847.557154 5299213.655047
-9675163.100757 5264960.182752
-9679535.012031 5236751.440862
-9682631.967565 5216602.339512
-9687846.613532 5182348.867217
-9691192.934538 5160184.855732
-9692099.769463 5154140.125327
-9697176.701400 5119886.653032
-9699562.806745 5103767.371952
-9704008.379903 5073543.719927
-9704892.420230 5067498.989522
-9708426.333964 5043320.067902
-9711940.087979 5019141.146283
-9713395.803191 5009066.595608
-9713686.761325 5007051.685473
-9713974.412161 5005036.775338
-9714544.261757 5001006.955068
-9717366.516861 4980857.853718
-9717647.670032 4978842.943583
-9719045.432341 4968768.392908
-9720983.768403 4954664.021963
-9724549.448605 4928470.190208
-9728893.664993 4896231.628048
-9731050.669019 4880112.346968
-9733452.789083 4861978.155753
-9737672.036765 4829739.593593
-9738976.395220 4819665.042918
-9741835.067800 4797501.031433
-9743898.309883 4781381.750353
-9747240.439463 4755187.918598
-9751588.742551 4720934.446303
-9753106.929170 4708844.985493
-9757635.468169 4672576.603063
-9759380.930255 4658472.232118
-9759629.964341 4656457.321983
-9762106.056399 4636308.220633
-9764076.846665 4620188.939553
-9766771.160710 4598024.928068
-9769678.660156 4573846.006448
-9770646.588074 4565786.365908
-9770887.334936 4563771.455773
-9771367.597659 4559741.635503
-9775909.690319 4521458.342938
-9778288.043455 4501309.241588
-9779234.517346 4493249.601048
-9781359.989093 4475115.409833
-9782538.535719 4465040.859158
-9787005.528317 4426757.566593
-9788176.531571 4416683.015918
-9789337.789148 4406608.465243
-9790255.497401 4398548.824703
-9793216.959982 4372354.992948
-9797314.800423 4336086.610518
-9799575.257925 4315937.509168
-9801592.630232 4297803.317953
-9804716.566317 4269594.576063
-9806498.204388 4253475.294983
-9809808.560364 4223251.642958
-9811992.618168 4203102.541608
-9813727.384318 4186983.260528
-9814591.942357 4178923.619988
-9816094.085775 4164819.249043
-9817166.344001 4154744.698368
-9819516.070155 4132580.686883
-9821416.021969 4114446.495668
-9821624.643889 4112431.585533
-9822666.380231 4102357.034858
-9825958.398828 4070118.472698
-9826164.014004 4068103.562563
-9827793.758779 4051984.281483
-9828805.612132 4041909.730808
-9831203.545685 4017730.809188
-9833195.168928 3997581.707838
-9836777.698372 3961313.325408
-9837956.792121 3949223.864598
-9840691.446248 3921015.122708
-9843391.350008 3892806.380818
-9847033.304689 3854523.088253
-9849496.640798 3828329.256498
-9850251.507930 3820269.615958
-9853264.823660 3788031.053798
-9853452.516089 3786016.143663
-9853638.043489 3784001.233528
-9856787.696876 3749747.761233
-9857522.721821 3741688.120693
-9861006.905154 3703404.828128
-9862455.857906 3687285.547048
-9863903.810664 3671166.265968
-9865701.280303 3651017.164618
-9866414.804622 3642957.524078
-9868544.985796 3618778.602458
-9868896.075776 3614748.782188
-9870816.287730 3592584.770703
-9873593.689482 3560346.208543
-9873940.620863 3556316.388273
-9876528.002240 3526092.736248
-9879608.854185 3489824.353818
-9881297.538588 3469675.252468
-9882815.193975 3451541.061253
-9883651.153472 3441466.510578
-9886465.068080 3407213.038283
-9889086.920408 3374974.476123
-9890067.281370 3362885.015313
-9890716.615245 3354825.374773
-9891687.796206 3342735.913963
-9892009.881653 3338706.093693
-9893767.211329 3316542.082208
-9895043.403971 3300422.801128
-9895201.648712 3298407.890993
-9895517.674086 3294378.070723
-9896146.481390 3286318.430183
-9898020.429113 3262139.508563
-9900034.081767 3235945.676808
-9901714.016935 3213781.665323
-9904144.796864 3181543.103163
-9905050.203388 3169453.642353
-9905199.632942 3167438.732218
-9907716.942965 3133185.259923
-9909032.477305 3115051.068708
-9910913.835698 3088857.236953
-9911058.221715 3086842.326818
-9911202.274205 3084827.416683
-9911345.328108 3082812.506548
-9911914.003134 3074752.866008
-9912055.730189 3072737.955873
-9914461.339335 3038484.483578
-9915020.764265 3030424.843038
-9917233.936252 2998186.280879
-9918465.110156 2980052.089664
-9919144.750373 2969977.538989
-9919548.635980 2963932.808584
-9922086.072835 2925649.516019
-9923806.830731 2899455.684264
-9925122.981153 2879306.582914
-9926166.486714 2863187.301834
-9927072.834224 2849082.930889
-9927972.479922 2834978.559944
-9929764.340319 2806769.818054
-9931906.002845 2772516.345759
-9933156.322631 2752367.244409
-9935267.573467 2718113.772114
-9936742.777873 2693934.850494
-9937350.137796 2683860.299819
-9938917.097199 2657666.468064
-9939986.049592 2639532.276849
-9942110.931576 2603263.894419
-9943968.406113 2571025.332259
-9944197.310127 2566995.511989
-9944987.041524 2552891.141044
-9945208.817744 2548861.320774
-9946095.111804 2532742.039694
-9947622.059644 2504533.297804
-9948484.929082 2488414.016724
-9948592.687173 2486399.106589
-9949334.349398 2472294.735644
-9950480.036059 2450130.724159
-9952426.813335 2411847.431594
-9953030.884276 2399757.970784
-9954614.899257 2367519.408624
-9956178.459182 2335280.846464
-9956950.041552 2319161.565384
-9958763.967134 2280878.272819
-9958951.201973 2276848.452549
-9959044.430398 2274833.542414
-9959691.590452 2260729.171469
-9959964.584883 2254684.441064
-9960234.969985 2248639.710659
-9960590.084416 2240580.070119
-9961814.142405 2212371.328229
-9962418.787645 2198266.957284
-9963870.944101 2164013.484989
-9965313.355338 2129760.012694
-9965566.180773 2123715.282289
-9966643.186783 2097521.450534
-9967302.157608 2081402.169454
-9967874.769038 2067297.798509
-9968841.602370 2043118.876889
-9969646.350215 2022969.775539
-9969804.275417 2018939.955269
-9969881.730235 2016925.045134
-9970415.360679 2002820.674189
-9971090.484997 1984686.482974
-9972490.860828 1946403.190409
-9973300.576904 1924239.178924
-9974093.871324 1902075.167439
-9974589.573985 1887970.796494
-9975771.322769 1853717.324199
-9976879.105772 1821478.762039
-9978026.224905 1787225.289744
-9979101.430713 1754986.727584
-9979566.662638 1740882.356639
-9980759.651890 1704613.974209
-9981154.548610 1692524.513399
-9981347.301954 1686479.782994
-9981535.647261 1680435.052589
-9981962.936587 1666330.681644
-9982378.714120 1652226.310699
-9983262.824582 1622002.658674
-9983784.270009 1603868.467459
-9984630.153506 1573644.815434
-9985614.181535 1537376.433004
-9985668.034572 1535361.522869
-9986095.238971 1519242.241789
-9986199.147874 1515212.421519
-9986652.936937 1497078.230304
-9987050.540458 1480958.949224
-9987886.268097 1446705.476929
-9988172.062834 1434616.016119
-9988404.392436 1424541.465444
-9989089.281532 1394317.813419
-9989360.013135 1382228.352609
-9989889.665299 1358049.430989
-9990624.810943 1323795.958694
-9991086.745033 1301631.947209
-9991337.638616 1289542.486399
-9991700.342926 1271408.295184
-9991855.138295 1263348.654644
-9991970.701425 1257303.924239
-9992236.616278 1243199.553294
-9992345.519806 1237154.822889
-9992934.012173 1202901.350594
-9993542.779796 1166632.968164
-9993832.836647 1148498.776949
-9994108.585702 1130364.585734
-9994377.981634 1112230.394519
-9994816.392166 1082006.742494
-9994903.280866 1075962.012089
-9995382.167644 1041708.539794
-9995409.808986 1039693.629659
-9995596.520034 1025589.258714
-9995726.365913 1015514.708039
-9995855.332268 1005440.157364
-9996112.385533 985291.056015
-9996286.783944 971186.685070
-9996649.949744 940963.033045
-9996976.608069 912754.291155
-9997337.290594 880515.728995
-9997671.305158 848277.166835
-9997751.652910 840217.526295
-9998049.213619 807978.964135
-9998066.497897 805964.054000
-9998099.666286 801934.233730
-9998386.513406 763650.941165
-9998476.047434 751561.480355
-9998620.899362 731412.379005
-9998770.621678 709248.367520
-9998982.806768 677009.805360
-9999233.116322 638726.512795
-9999453.549832 600443.220230
-9999582.292182 576264.298610
-9999611.334976 570219.568205
-9999630.522265 566189.747935
-9999702.383790 550070.466855
-9999710.668356 548055.556720
-9999779.554629 527906.455370
-9999790.366289 523876.635100
-9999878.164383 485593.342535
-9999918.966501 461414.420915
-9999972.322715 427160.948620
-9999994.292291 402982.027000
-9999997.169229 396937.296595
-9999999.000000 382832.925650
-9999992.897420 362683.824300
-9999976.333247 324400.531735
-9999970.230637 314325.981060
-9999947.476128 296191.789845
-9999943.465583 294176.879710
-9999860.461907 259923.407415
-9999845.029323 253878.677010
-9999820.615033 245819.036470
-9999723.827943 215595.384445
-9999622.501881 187386.642555
-9999549.253715 167237.541205
-9999459.426808 147088.439855
-9999368.727166 126939.338505
-9999274.536396 106790.237155
-9999129.322426 76566.585130
-9998923.821418 38283.292565
-9998705.556738 2014.910135
-9998609.667138 -12089.460810
-9998355.227607 -48357.843240
-9998094.115117 -82611.315535
-9997951.156191 -100745.506750
-9997900.091028 -106790.237155
-9997787.980280 -118879.697965
-9997535.963502 -145073.529720
-9997432.899091 -155148.080395
-9997389.042276 -159177.900665
-9997110.103090 -183356.822285
-9996793.075017 -209550.654040
-9996423.319103 -239774.306065
-9996173.299535 -259923.407415
-9995996.439761 -274027.778360
-9995754.798595 -292161.969575
-9995537.189738 -308281.250655
-9995291.587450 -326415.441870
-9994763.055410 -364698.734435
-9994706.891973 -368728.554705
-9994174.450589 -404996.937135
-9994054.366198 -413056.577675
-9993629.129860 -441265.319565
-9993134.672264 -473503.881725
-9992557.739930 -509772.264155
-9992427.057887 -517831.904695
-9992393.768335 -519846.814830
-9992090.977384 -537981.006045
-9991952.508592 -546040.646585
-9991411.981946 -576264.298610
-9991262.517487 -584323.939150
-9991224.529650 -586338.849285
-9990640.045649 -616562.501310
-9989990.962832 -648801.063470
-9989745.418496 -660890.524280
-9989662.500739 -664920.344550
-9989578.691143 -668950.164820
-9989028.129002 -695143.996575
-9988241.697154 -731412.379005
-9988064.430942 -739472.019545
-9987834.342503 -749546.570220
-9987268.139381 -773725.491840
-9986786.425210 -793874.593190
-9986537.472836 -803949.143865
-9986436.270330 -807978.964135
-9986175.143422 -818053.514810
-9985803.239081 -832157.885755
-9984827.364962 -868426.268185
-9983795.554665 -906709.560750
-9982967.371735 -936933.212775
-9982355.047688 -959097.224260
-9981790.216814 -979246.325610
-9981156.899859 -1001410.337095
-9980446.328069 -1025589.258714
-9979421.059485 -1059842.731009
-9979052.066174 -1071932.191819
-9978550.545784 -1088051.472899
-9978111.073400 -1102155.843844
-9976895.541764 -1140439.136409
-9976044.723960 -1166632.968164
-9975575.614672 -1180737.339109
-9975301.633752 -1188796.979649
-9974461.890631 -1212975.901269
-9973193.917943 -1249244.283699
-9972120.534837 -1279467.935724
-9971030.379333 -1309691.587749
-9970808.706584 -1315736.318154
-9969840.829604 -1341930.149909
-9968789.324707 -1370138.891799
-9968637.797296 -1374168.712069
-9967952.545895 -1392302.903284
-9967799.704451 -1396332.723554
-9966403.823747 -1432601.105984
-9966088.350802 -1440660.746524
-9964557.531358 -1478944.039089
-9963912.218384 -1495063.320169
-9963582.352906 -1503122.960709
-9962419.837026 -1531331.702599
-9961581.851936 -1551480.803949
-9960650.627280 -1573644.815434
-9959193.593897 -1607898.287729
-9958235.001055 -1630062.299214
-9956747.012780 -1664315.771509
-9956480.965745 -1670360.501914
-9954774.028465 -1708643.794479
-9953765.594963 -1730807.805964
-9952190.620466 -1765061.278259
-9950599.124331 -1799314.750554
-9949099.688796 -1831553.312714
-9947496.606284 -1865806.785009
-9945973.777808 -1898045.347169
-9945590.334931 -1906104.987709
-9944437.659034 -1930283.909329
-9943954.930441 -1940358.460004
-9942092.603910 -1978641.752569
-9940601.677936 -2008865.404594
-9940502.184283 -2010880.314729
-9939206.202600 -2037074.146484
-9938906.241791 -2043118.876889
-9938295.041985 -2055208.337699
-9937884.796924 -2063267.978239
-9935924.802919 -2101551.270804
-9935088.384491 -2117670.551884
-9934239.168039 -2133789.832964
-9933483.452985 -2147894.203909
-9931509.328502 -2184162.586339
-9929643.159423 -2218416.058634
-9929202.037892 -2226475.699174
-9927191.440293 -2262744.081604
-9925177.185087 -2299012.464034
-9923128.087769 -2335280.846464
-9923012.508908 -2337295.756599
-9921726.445360 -2359459.768084
-9921489.727567 -2363489.588354
-9919945.685222 -2389683.420109
-9919587.193123 -2395728.150514
-9917552.212695 -2429981.622809
-9916704.824846 -2444085.993754
-9916583.457050 -2446100.903889
-9915352.027153 -2466250.005239
-9913851.643410 -2490428.926859
-9913726.190327 -2492443.836994
-9912200.481543 -2516622.758614
-9910161.121127 -2548861.320774
-9908630.329558 -2573040.242394
-9907735.884022 -2587144.613339
-9905800.098215 -2617368.265364
-9905277.490709 -2625427.905904
-9904349.424802 -2639532.276849
-9903142.628263 -2657666.468064
-9900719.314626 -2693934.850494
-9900173.865432 -2701994.491034
-9899204.837792 -2716098.861979
-9897679.674959 -2738262.873464
-9896274.521519 -2758411.974814
-9896133.345780 -2760426.884949
-9895706.507962 -2766471.615354
-9893544.053525 -2796695.267379
-9891214.264605 -2828933.829539
-9889888.648617 -2847068.020754
-9888545.814853 -2865202.211969
-9887946.288339 -2873261.852509
-9885240.270430 -2909530.234939
-9883271.175592 -2935724.066694
-9883118.225956 -2937738.976829
-9880949.676944 -2965947.718719
-9878593.384588 -2996171.370744
-9875597.751065 -3034454.663308
-9872580.064294 -3072737.955873
-9870012.740049 -3104976.518033
-9869042.263392 -3117065.978843
-9867403.605687 -3137215.080193
-9866252.405833 -3151319.451138
-9863448.578641 -3185572.923433
-9860955.009552 -3215796.575458
-9857921.858094 -3252064.957888
-9855726.568369 -3278258.789643
-9853345.566304 -3306467.531533
-9850452.299772 -3340721.003828
-9847870.382898 -3370944.655853
-9845275.705359 -3401168.307878
-9843882.121859 -3417287.588958
-9842127.899025 -3437436.690308
-9840365.076253 -3457585.791658
-9837510.978979 -3489824.353818
-9835903.318329 -3507958.545033
-9832828.542817 -3542212.017328
-9830285.868225 -3570420.759218
-9829189.375071 -3582510.220028
-9828639.618706 -3588554.950433
-9827340.926905 -3602659.321378
-9824533.203173 -3632882.973403
-9821127.057794 -3669151.355833
-9819413.556820 -3687285.547048
-9817302.204977 -3709449.558533
-9816531.844134 -3717509.199073
-9813030.010552 -3753777.581503
-9810107.888798 -3784001.233528
-9807373.234671 -3812209.975418
-9806386.699165 -3822284.526093
-9804805.069960 -3838403.807173
-9801616.345221 -3870642.369333
-9799409.432927 -3892806.380818
-9797399.137710 -3912955.482168
-9795386.165184 -3933104.583518
-9794979.538772 -3937134.403788
-9794773.923597 -3939149.313923
-9793525.486309 -3951238.774733
-9790187.535596 -3983477.336893
-9788304.987451 -4001611.528108
-9787257.750138 -4011686.078783
-9786409.995971 -4019745.719323
-9783216.297710 -4049969.371348
-9781066.166215 -4070118.472698
-9780197.084724 -4078178.113238
-9778450.975888 -4094297.394318
-9776265.495608 -4114446.495668
-9774276.700064 -4132580.686883
-9772940.471510 -4144670.147693
-9769374.884381 -4176908.709853
-9767134.810679 -4197057.811203
-9763076.497520 -4233326.193633
-9762399.674404 -4239370.924038
-9759462.978836 -4265564.755793
-9756039.284143 -4295788.407818
-9752814.861379 -4323997.149708
-9751662.539736 -4334071.700383
-9747252.598981 -4372354.992948
-9743759.852004 -4402578.644973
-9739995.758189 -4434817.207133
-9735471.091379 -4473100.499698
-9730943.524255 -4511383.792263
-9729984.227768 -4519443.432803
-9726844.491618 -4545637.264558
-9724423.124051 -4565786.365908
-9724178.029971 -4567801.276043
-9722690.478702 -4579890.736853
-9717922.515484 -4618174.029418
-9713902.270993 -4650412.591578
-9712633.890827 -4660487.142253
-9709554.726427 -4684666.063873
-9705925.650205 -4712874.805763
-9704359.425604 -4724964.266573
-9703574.321393 -4731008.996978
-9701478.049470 -4747128.278058
-9698571.787236 -4769292.289543
-9693526.325096 -4807575.582108
-9690321.465344 -4831754.503728
-9687100.296333 -4855933.425348
-9686293.469877 -4861978.155753
-9684669.547525 -4874067.616563
-9680042.091343 -4908321.088858
-9677309.679025 -4928470.190208
-9675936.522732 -4938544.740883
-9672350.429508 -4964738.572638
-9669560.219944 -4984887.673988
-9665070.322906 -5017126.236148
-9663653.812664 -5027200.786822
-9658508.864036 -5063469.169252
-9654474.073836 -5091677.911142
-9649246.799129 -5127946.293572
-9647788.306551 -5138020.844247
-9643410.047712 -5168244.496272
-9639308.061803 -5196453.238162
-9635462.576287 -5222647.069917
-9632767.936669 -5240781.261132
-9630069.863885 -5258915.452347
-9625224.156725 -5291154.014507
-9623384.867420 -5303243.475317
-9619678.003136 -5327422.396937
-9616271.352048 -5349586.408422
-9610993.055849 -5383839.880717
-9608491.623565 -5399959.161797
-9604695.998075 -5424138.083417
-9598663.110308 -5462421.375982
-9598023.984643 -5466451.196252
-9592874.753208 -5498689.758412
-9588685.625251 -5524883.590167
-9584778.760107 -5549062.511787
-9584122.565916 -5553092.332057
-9581822.924805 -5567196.703002
-9577214.741398 -5595405.444892
-9573558.816274 -5617569.456377
-9569224.200567 -5643763.288132
-9567202.797909 -5655852.748942
-9564490.076187 -5671972.030022
-9560752.820800 -5694136.041507
-9555646.636017 -5724359.693532
-9549145.123901 -5762642.986097
-9548802.271466 -5764657.896232
-9543967.877165 -5792866.638122
-9543270.011297 -5796896.458392
-9539055.388069 -5821075.380012
-9536238.283575 -5837194.661092
-9534475.289011 -5847269.211767
-9527714.214854 -5885552.504332
-9525563.673285 -5897641.965142
-9524129.036952 -5905701.605682
-9521954.315295 -5917791.066492
-9521224.131446 -5921820.886762
-9514569.403658 -5958089.269192
-9510088.557806 -5982268.190812
-9507467.773982 -5996372.561757
-9505201.864204 -6008462.022567
-9501417.786437 -6028611.123917
-9499506.694217 -6038685.674592
-9498346.119210 -6044730.404997
-9491377.989967 -6080998.787427
-9490208.797907 -6087043.517832
-9483122.312333 -6123311.900262
-9482723.520727 -6125326.810397
-9475893.193095 -6159580.282692
-9470609.095054 -6185774.114447
-9466920.702241 -6203908.305662
-9464040.118976 -6218012.676607
-9456535.392863 -6254281.059037
-9448931.355938 -6290549.441467
-9448078.200614 -6294579.261737
-9447219.073592 -6298609.082007
-9446789.209869 -6300623.992142
-9439455.932378 -6334877.464437
-9434275.877117 -6359056.386057
-9426004.816433 -6397339.678622
-9424689.638950 -6403384.409027
-9421177.551518 -6419503.690107
-9417181.516217 -6437637.881322
-9415401.719311 -6445697.521862
-9407821.462721 -6479950.994157
-9400651.520548 -6512189.556317
-9394328.436450 -6540398.298207
-9393876.464901 -6542413.208342
-9390258.108339 -6558532.489422
-9389350.928270 -6562562.309692
-9386134.516200 -6576666.680637
-9377785.807833 -6612935.063067
-9369860.857661 -6647188.535362
-9367514.710624 -6657263.086037
-9360393.666714 -6687486.738062
-9351327.323507 -6725770.030627
-9347004.259164 -6743904.221842
-9346038.611794 -6747934.042112
-9340236.171020 -6772112.963732
-9337816.701764 -6782187.514407
-9335364.746973 -6792262.065082
-9334870.689033 -6794276.975217
-9326408.650661 -6828530.447512
-9323397.272216 -6840619.908322
-9315794.597183 -6870843.560347
-9312238.613406 -6884947.931292
-9302961.534616 -6921216.313722
-9294607.079533 -6953454.875882
-9292515.248077 -6961514.516422
-9287241.076769 -6981663.617772
-9279286.785981 -7011887.269797
-9271295.314629 -7042110.921821
-9269150.921515 -7050170.562361
-9259493.610315 -7086438.944791
-9257320.439268 -7094498.585331
-9252356.783550 -7112632.776546
-9242936.132076 -7146886.248841
-9233371.132475 -7181139.721136
-9224229.529838 -7213378.283296
-9220790.268441 -7225467.744106
-9216189.627102 -7241587.025186
-9209243.427380 -7265765.946806
-9200489.138335 -7295989.598831
-9199902.626542 -7298004.508966
-9191623.233435 -7326213.250856
-9188619.081248 -7336287.801531
-9184402.669331 -7350392.172476
-9178935.731259 -7368526.363691
-9171584.501806 -7392705.285311
-9165990.530090 -7410839.476526
-9156554.203347 -7441063.128551
-9145681.609123 -7475316.600846
-9143118.872351 -7483376.241386
-9141823.925677 -7487406.061656
-9131325.799435 -7519644.623816
-9118848.172888 -7557927.916381
-9114176.455943 -7572032.287326
-9101311.084534 -7610315.579891
-9092353.979822 -7636509.411646
-9084070.621965 -7660688.333266
-9072259.649379 -7694941.805561
-9064516.943820 -7717105.817046
-9054531.985762 -7745314.558936
-9053809.228069 -7747329.469071
-9048661.678736 -7761433.840016
-9045688.640993 -7769493.480556
-9036601.599987 -7793672.402176
-9032792.752250 -7803746.952851
-9025144.683726 -7823896.054201
-9015790.299709 -7848074.975821
-9007119.117131 -7870238.987306
-8991893.567666 -7908522.279871
-8991086.389024 -7910537.190006
-8989456.804773 -7914567.010276
-8979617.527799 -7938745.931896
-8977965.488489 -7942775.752166
-8963908.276217 -7977029.224461
-8961417.039190 -7983073.954866
-8948921.016012 -8013297.606891
-8932973.836982 -8051580.899456
-8918456.677432 -8085834.371751
-8907257.990343 -8112028.203506
-8903789.465385 -8120087.844046
-8897631.527745 -8134192.214991
-8886182.604932 -8160386.046746
-8872793.368626 -8190609.698771
-8857480.893791 -8224863.171066
-8855654.559362 -8228892.991336
-8853824.019229 -8232922.811606
-8840015.525261 -8263146.463631
-8835353.433898 -8273221.014306
-8820347.053794 -8305459.576466
-8803223.705932 -8341727.958896
-8799358.841891 -8349787.599436
-8783557.217657 -8382026.161596
-8771603.335794 -8406205.083216
-8759545.125030 -8430384.004836
-8740187.890432 -8468667.297401
-8728823.590016 -8490831.308886
-8721450.793447 -8504935.679831
-8703286.332811 -8539189.152126
-8686849.029336 -8569412.804151
-8672584.198896 -8595606.635906
-8655809.163753 -8625830.287931
-8634266.272155 -8664113.580496
-8613570.807654 -8700381.962926
-8607715.430961 -8710456.513601
-8604182.063677 -8716501.244006
-8594595.058885 -8732620.525086
-8588576.911993 -8742695.075761
-8583683.817510 -8750754.716301
-8578776.173507 -8758814.356841
-8576307.677709 -8762844.177111
-8571257.589370 -8770903.817651
-8547854.703292 -8807172.200081
-8541165.445925 -8817246.750756
-8529085.924834 -8835380.941971
-8525033.270396 -8841425.672376
-8516821.390984 -8853515.133186
-8511310.603881 -8861574.773726
-8498890.807856 -8879708.964941
-8486262.108072 -8897843.156156
-8483388.154181 -8901872.976426
-8465812.409556 -8926051.898046
-8439216.242717 -8962320.280476
-8430060.503457 -8974409.741286
-8410004.418370 -9000603.573041
-8405333.212336 -9006648.303446
-8384940.252781 -9032842.135201
-8373729.536672 -9046946.506145
-8349335.535309 -9077170.158170
-8339227.137993 -9089259.618980
-8320279.419487 -9111423.630465
-8297515.696007 -9137617.462220
-8293885.963746 -9141647.282490
-8282878.919314 -9153736.743300
-8254246.993332 -9183960.395325
-8238295.967585 -9200079.676405
-8198937.164872 -9238362.968970
-8186261.537997 -9250452.429780
-8169105.634119 -9266571.710860
-8142081.555928 -9290750.632480
-8125977.914907 -9304855.003425
-8116573.360431 -9312914.643965
-8090277.112902 -9335078.655450
-8070715.383572 -9351197.936530
-8065636.421635 -9355227.756800
-8020735.840513 -9389481.229095
-8015143.549165 -9393511.049365
-8001071.157297 -9403585.600040
-7986571.102161 -9413660.150715
-7965035.772942 -9427764.521660
-7952081.273819 -9435824.162200
-7921313.206314 -9453958.353415
-7914251.651741 -9457988.173685
-7892803.314748 -9470077.634495
-7881418.126839 -9476122.364900
-7811882.932947 -9512390.747330
-7773078.455109 -9532539.848680
-7721708.197233 -9558733.680435
-7654222.566187 -9592987.152730
-7581084.540474 -9629255.535160
-7558772.904324 -9639330.085835
-7536345.372344 -9649404.636510
-7447426.332246 -9687687.929075
-7409157.460807 -9703807.210155
-7367921.026767 -9719926.491235
-7280725.704464 -9750150.143260
-7230509.358442 -9766269.424340
-7102914.517262 -9804552.716905
-6998954.755545 -9834776.368930
-6851972.638926 -9873059.661495
-6747993.258435 -9897238.583115
-6593246.758539 -9927462.235140
-6572110.415900 -9931492.055410
-6427675.641218 -9957685.887165
-6344574.077797 -9971790.258110
-6186992.705502 -9991939.359460
-6168150.880199 -9993954.269595
-6144725.321492 -9995969.179730
-6111388.174918 -9997984.089865
-6053602.913785 -9999999.000000
0.000000 -9999999.000000
