2000
138911.469814 -9997777.765215
197399.775511 -9995556.530431
234441.525208 -9993335.295646
267125.068334 -9991114.060862
298874.703341 -9988892.826077
564595.336119 -9964459.243447
867636.974884 -9931140.721679
1114537.254728 -9895600.965127
1246105.821203 -9875609.852066
1413336.346243 -9844512.565082
1435552.846658 -9840070.095513
1445650.359062 -9837848.860729
1513850.270377 -9822300.217237
1661341.884515 -9784539.225900
1707605.243484 -9771211.817192
1714909.252353 -9768990.582408
1800799.691739 -9740114.530209
1836789.531850 -9726787.121502
1842336.608412 -9724565.886717
1847828.576344 -9722344.651932
1911212.724720 -9695689.834518
1941597.412461 -9682362.425811
1975343.770825 -9666813.782319
2025732.072020 -9642380.199689
2030010.613155 -9640158.964904
2042184.150505 -9633495.260551
2105704.502173 -9597955.503998
2136146.135507 -9580185.625722
2139912.230269 -9577964.390937
2191402.273756 -9546867.103954
2227104.765250 -9524654.756108
2251618.067967 -9509106.112617
2308084.684610 -9471345.121279
2311270.947834 -9469123.886495
2327018.838524 -9458017.712572
2345438.850508 -9444690.303865
2389865.879409 -9411371.782097
2438886.074595 -9373610.790760
2463975.148890 -9353619.677699
2498788.339676 -9324743.625500
2524798.663975 -9302531.277654
2560112.954594 -9271433.990671
2582502.466667 -9251442.877610
2622033.797561 -9215903.121057
2646243.767972 -9193690.773212
2655653.921971 -9184805.834074
2660248.898442 -9180363.364505
2698253.627962 -9142602.373167
2718249.299402 -9122611.260107
2720408.629238 -9120390.025322
2733210.287668 -9107062.616615
2755956.449449 -9082629.033985
2762042.475045 -9075965.329631
2786203.389991 -9049310.512217
2816234.961776 -9015991.990449
2847854.100909 -8980452.233896
2878674.369227 -8944912.477343
2908680.638972 -8909372.720791
2912411.687954 -8904930.251222
2923317.536329 -8891602.842514
2948043.458079 -8860505.555531
2956644.168667 -8849399.381608
2984121.656332 -8813859.625056
2989199.260185 -8807195.920702
3017834.326020 -8769434.929365
3037573.165772 -8742780.111950
3063485.524728 -8707240.355398
3085813.714525 -8676143.068414
3112319.972858 -8638382.077077
3137082.055393 -8602842.320524
3158589.255050 -8571745.033541
3179783.738108 -8540647.746557
3182798.355694 -8536205.276988
3184279.860068 -8533984.042203
3195899.248312 -8516214.163927
3207294.350615 -8498444.285651
3220096.163944 -8478453.172590
3239765.751834 -8447355.885606
3243884.944152 -8440692.181253
3253344.304872 -8425143.537761
3256036.313424 -8420701.068192
3258669.315543 -8416258.598623
3267767.180349 -8400709.955131
3284555.881018 -8371833.902932
3293415.435222 -8356285.259440
3313490.022158 -8320745.502888
3319701.590629 -8309639.328965
3320933.279608 -8307418.094180
3335481.940911 -8280763.276766
3341421.741788 -8269657.102843
3352075.412825 -8249665.989782
3365050.453535 -8225232.407152
3374475.715339 -8207462.528876
3391820.052740 -8174144.007108
3402154.528460 -8154152.894047
3404435.247973 -8149710.424478
3415632.456512 -8127498.076633
3424499.667425 -8109728.198356
3429955.625211 -8098622.024434
3442806.659501 -8071967.207019
3443862.519586 -8069745.972235
3454251.915014 -8047533.624389
3468581.890699 -8016436.337406
3473630.132857 -8005330.163483
3483705.491343 -7983117.815638
3493749.304341 -7960905.467792
3497708.837608 -7952020.528654
3509429.729470 -7925365.711239
3510389.730743 -7923144.476455
3522658.430208 -7894268.424256
3529205.733819 -7878719.780764
3530134.603983 -7876498.545980
3536617.479951 -7860949.902488
3542109.165184 -7847622.493781
3550258.907472 -7827631.380720
3564621.716096 -7792091.624167
3571761.751376 -7774321.745891
3579710.121866 -7754330.632830
3588499.673492 -7732118.284984
3590242.640298 -7727675.815415
3595451.818568 -7714348.406708
3604125.596870 -7692136.058863
3607585.316205 -7683251.119725
3613577.671663 -7667702.476233
3616110.219633 -7661038.771879
3630434.770841 -7623277.780542
3641248.402823 -7594401.728343
3643712.120103 -7587738.023989
3650205.001009 -7569968.145713
3658277.274935 -7547755.797868
3670374.784710 -7514437.276100
3675166.237886 -7501109.867392
3679148.417088 -7490003.693470
3681529.208664 -7483339.989116
3685465.554322 -7472233.815193
3687033.130912 -7467791.345624
3696331.353912 -7441136.528210
3698635.615739 -7434472.823856
3707717.208658 -7407818.006442
3715226.495656 -7385605.658596
3715969.706905 -7383384.423812
3727060.688997 -7350065.902044
3728530.667493 -7345623.432474
3737313.041278 -7318968.615060
3738039.332722 -7316747.380275
3745974.648983 -7292313.797645
3752428.974391 -7272322.684585
3759558.377673 -7250110.336739
3768787.837317 -7221234.284540
3770915.930339 -7214570.580187
3782246.785147 -7179030.823634
3792111.727566 -7147933.536650
3803329.741864 -7112393.780098
3809634.628895 -7092402.667037
3816564.945992 -7070190.319191
3821396.171667 -7054641.675700
3830979.378132 -7023544.388716
3840507.691662 -6992447.101733
3843205.690948 -6983562.162594
3843874.177601 -6981340.927810
3852508.299110 -6952464.875611
3861066.010421 -6923588.823412
3866302.689255 -6905818.945136
3877279.985504 -6868057.953798
3881742.775963 -6852509.310307
3890604.844920 -6821412.023323
3899383.237128 -6790314.736339
3903115.889600 -6776987.327632
3913666.832362 -6739226.336295
3917987.542083 -6723677.692803
3925319.549115 -6697022.875389
3931998.776826 -6672589.292759
3940420.718352 -6641492.005775
3941610.887542 -6637049.536206
3949269.856048 -6608173.484007
3954503.490327 -6588182.370946
3955077.503412 -6585961.136162
3963077.058103 -6554863.849178
3968752.082142 -6532651.501333
3970445.576508 -6525987.796979
3979962.516841 -6488226.805642
3986655.045408 -6461571.988227
3987762.926430 -6457129.518658
3990509.817259 -6446023.344736
3999195.095222 -6410483.588183
4007822.155524 -6374943.831630
4014277.980995 -6348289.014216
4014811.177995 -6346067.779431
4018532.469597 -6330519.135940
4024336.946091 -6306085.553310
4030655.029348 -6279430.735895
4037987.997710 -6248333.448912
4040601.106423 -6237227.274989
4046830.980606 -6210572.457574
4047857.113730 -6206129.988005
4048366.419781 -6203908.753221
4055938.999975 -6170590.231453
4057955.395388 -6161705.292315
4062966.924543 -6139492.944469
4063466.247020 -6137271.709685
4065946.488634 -6126165.535762
4074299.696122 -6088404.544425
4080170.357756 -6061749.727010
4087460.776670 -6028431.205242
4093259.296237 -6001776.387828
4094699.485522 -5995112.683474
4098503.969994 -5977342.805198
4100387.039434 -5968457.866060
4101323.147124 -5964015.396490
4103187.269846 -5955130.457352
4108727.452305 -5928475.639938
4110099.591658 -5921811.935584
4114627.571182 -5899599.587739
4117774.470896 -5884050.944247
4120916.855447 -5868502.300755
4126715.145535 -5839626.248556
4132905.968005 -5808528.961573
4133345.642685 -5806307.726788
4140340.261914 -5770767.970235
4145962.735043 -5741891.918036
4148541.082318 -5728564.509329
4152807.737868 -5706352.161484
4154925.887686 -5695245.987561
4159147.096037 -5673033.639716
4159566.215738 -5670812.404931
4159984.141318 -5668591.170147
4161232.564673 -5661927.465793
4162879.423933 -5653042.526655
4166952.798295 -5630830.178809
4167358.976558 -5628608.944025
4168170.754557 -5624166.474456
4170979.779662 -5608617.830964
4177373.029310 -5573078.074411
4184103.256187 -5535317.083074
4186475.249412 -5521989.674367
4192401.010772 -5488671.152599
4192794.096987 -5486449.917814
4193576.917087 -5482007.448245
4198636.337029 -5453131.396046
4202506.083781 -5430919.048201
4203273.444700 -5426476.578632
4204422.028211 -5419812.874278
4207452.347915 -5402042.996002
4210842.068703 -5382051.882941
4211969.561055 -5375388.178587
4216450.672669 -5348733.361173
4217570.151663 -5342069.656819
4223147.614036 -5308751.135051
4223883.355669 -5304308.665482
4225705.708128 -5293202.491559
4231508.132760 -5257662.735007
4234378.385582 -5239892.856730
4238634.722782 -5213238.039316
4239339.046063 -5208795.569747
4244258.713723 -5177698.282763
4249857.041978 -5142158.526211
4255427.311365 -5106618.769658
4256805.941087 -5097733.830520
4260225.349548 -5075521.482674
4263271.938170 -5055530.369614
4268977.005624 -5017769.378276
4269311.629978 -5015548.143492
4270314.053888 -5008884.439138
4273981.649860 -4984450.856508
4278599.126958 -4953353.569525
4282203.566568 -4928919.986895
4286426.434599 -4900043.934696
4289347.836481 -4880052.821635
4293515.800891 -4851176.769436
4294467.875002 -4844513.065082
4296356.789308 -4831185.656375
4301058.401502 -4797867.134607
4305106.369793 -4768991.082408
4307904.704802 -4748999.969347
4309768.894431 -4735672.560640
4312556.988057 -4715681.447579
4313174.294891 -4711238.978010
4316867.269369 -4684584.160595
4319307.615161 -4666814.282319
4323244.053220 -4637938.230120
4328042.592761 -4602398.473567
4328940.988551 -4595734.769214
4329238.023303 -4593513.534429
4333680.340402 -4560195.012661
4337820.350928 -4529097.725677
4338995.324307 -4520212.786539
4341033.227032 -4504664.143048
4343933.671878 -4482451.795202
4346228.135439 -4464681.916926
4347366.792038 -4455796.977788
4351349.097285 -4424699.690804
4351911.610896 -4420257.221235
4353868.555219 -4404708.577743
4355262.152041 -4393602.403821
4356924.369307 -4380274.995113
4357475.507208 -4375832.525544
4359661.695302 -4358062.647268
4359934.137189 -4355841.412483
4360478.605659 -4351398.942914
4362902.645290 -4331407.829853
4363170.747688 -4329186.595069
4366886.880305 -4298089.308085
4369529.019527 -4275876.960240
4370578.556608 -4266992.021102
4372918.167715 -4247000.908041
4375759.974064 -4222567.325411
4377799.517695 -4204797.447135
4379570.192407 -4189248.803643
4380074.116835 -4184806.334074
4383835.750789 -4151487.812306
4385074.865994 -4140381.638383
4385566.206727 -4135939.168814
4387759.708833 -4115948.055753
4390675.057054 -4089293.238339
4394515.774299 -4053753.481786
4394989.333944 -4049311.012217
4396171.320259 -4038204.838294
4397585.118978 -4024877.429587
4398755.662539 -4013771.255664
4402495.317159 -3978231.499112
4404583.506312 -3958240.386051
4408032.649649 -3924921.864283
4410999.894825 -3896045.812084
4414648.884838 -3860506.055531
4416225.668246 -3844957.412039
4418678.903185 -3820523.829409
4421990.883308 -3787205.307641
4422644.988824 -3780541.603287
4426329.757620 -3742780.611950
4427612.732803 -3729453.203243
4430990.432069 -3693913.446690
4431619.412929 -3687249.742337
4435174.439217 -3649488.751000
4436208.346632 -3638382.577077
4437230.621906 -3627276.403154
4438653.070713 -3611727.759662
4440679.801299 -3589515.411817
4441682.517400 -3578409.237894
4442676.394360 -3567303.063972
4445454.310570 -3536205.776988
4447625.333033 -3511772.194358
4449188.803799 -3494002.316082
4451711.240181 -3465126.263883
4454037.545884 -3438471.446468
4454618.074302 -3431807.742115
4456336.148797 -3411816.629054
4459001.417334 -3380719.342070
4460140.553437 -3367391.933363
4461846.138418 -3347400.820302
4462035.474661 -3345179.585518
4464114.364911 -3320746.002888
4465048.953021 -3309639.828965
4465418.660161 -3305197.359396
4468160.626294 -3271878.837628
4470683.976962 -3240781.550644
4472636.741467 -3216347.968014
4473166.269660 -3209684.263661
4473340.755543 -3207463.028876
4474038.025949 -3198578.089738
4476998.565293 -3160817.098401
4478550.795098 -3140825.985340
4479237.993824 -3131941.046202
4480428.886706 -3116392.402710
4480765.142195 -3111949.933141
4482776.689338 -3085295.115726
4484433.070948 -3063082.767881
4487043.625908 -3027543.011328
4488834.756449 -3003109.428698
4491272.265547 -2969790.906930
4493675.263652 -2936472.385162
4495094.969398 -2916481.272101
4497757.222034 -2878720.280764
4499786.708761 -2849844.228565
4501967.751552 -2818746.941582
4503831.360233 -2792092.124167
4506310.969609 -2756552.367614
4507997.848306 -2732118.784984
4509367.821013 -2712127.671924
4510567.491778 -2694357.793647
4510862.905830 -2689915.324078
4512336.766069 -2667702.976233
4514244.444960 -2638826.924034
4516274.219613 -2607729.637050
4516559.083574 -2603287.167481
4517829.523121 -2583296.054420
4518949.915462 -2565526.176144
4519921.388280 -2549977.532652
4520605.817020 -2538871.358729
4522656.736947 -2505552.836961
4523610.521729 -2490004.193470
4525238.019425 -2463349.376055
4526186.290973 -2447800.732563
4526723.127730 -2438915.793425
4528835.339112 -2403376.036873
4529883.933662 -2385606.158596
4531585.867220 -2356730.106397
4533020.807636 -2332296.523767
4534179.403484 -2312305.410706
4534433.445452 -2307862.941137
4534940.907738 -2298978.001999
4536186.293943 -2276765.654154
4537651.075667 -2250110.836739
4537772.369638 -2247889.601955
4539087.973439 -2223456.019325
4539919.796344 -2207907.375833
4541198.271821 -2183473.793203
4542921.002831 -2150155.271435
4544384.290006 -2121279.219236
4544605.760031 -2116836.749667
4546126.310140 -2085739.462683
4547309.368522 -2061305.880053
4548479.121010 -2036872.297423
4549853.702238 -2007996.245224
4550061.255826 -2003553.775655
4551408.396497 -1974677.723456
4551612.640217 -1970235.253887
4553139.960071 -1936916.732119
4553541.241220 -1928031.792981
4553639.913493 -1925810.558196
4554425.700493 -1908040.679920
4555593.615999 -1881385.862506
4555975.159329 -1872500.923367
4556540.322486 -1859173.514660
4556908.175473 -1850288.575522
4557901.816338 -1825854.992892
4558433.138331 -1812527.584185
4558521.544040 -1810306.349400
4559642.003274 -1781430.297201
4560497.992985 -1759217.949356
4561259.095921 -1739226.836295
4561761.195814 -1725899.427588
4562168.583782 -1714793.253665
4562330.070656 -1710350.784096
4563215.019818 -1685917.201466
4563293.417512 -1683695.966681
4563751.514585 -1670368.557974
4564056.328047 -1661483.618836
4565166.531257 -1628165.097068
4565831.340705 -1608173.984007
4566635.868074 -1583740.401377
4567134.590318 -1568191.757885
4568181.472898 -1534873.236117
4568725.872432 -1517103.357841
4568792.182702 -1514882.123056
4569586.167632 -1488227.305642
4570614.708351 -1452687.549089
4571610.877941 -1417147.792537
4571919.293595 -1406041.618614
4572876.223437 -1370501.862061
4573400.235969 -1350510.749000
4573960.894607 -1328298.401155
4574125.643825 -1321634.696801
4574718.668964 -1297201.114171
4574978.185718 -1286094.940249
4575334.488020 -1270546.296757
4575990.606598 -1241670.244558
4576491.017676 -1219457.896713
4577287.094547 -1183918.140160
4577619.357927 -1168369.496668
4578421.423779 -1130608.505331
4578466.890014 -1128387.270546
4579101.418591 -1097289.983563
4579367.365200 -1083962.574856
4579451.736213 -1079520.105287
4579977.925816 -1050644.053088
4580632.149155 -1012883.061750
4581247.703153 -975122.070413
4581533.965769 -957352.192137
4581668.009600 -948467.252999
4582088.895709 -919591.200800
4582603.127802 -881830.209462
4583046.233341 -848511.687694
4583415.524799 -819635.635495
4583803.309931 -788538.348512
4584210.298744 -755219.826744
4584633.059304 -717458.835407
4584754.571542 -706352.661484
4584896.143405 -693025.252777
4585214.025514 -659706.731008
4585490.935017 -628609.444025
4585746.094120 -597512.157041
4585881.733656 -579742.278765
4585995.477674 -564193.635273
4586161.798594 -539760.052643
4586323.462843 -515326.470013
4586510.851941 -486450.417814
4586716.488440 -453131.896046
4586869.147887 -426477.078632
4586957.381168 -408707.200355
4587053.572037 -386494.852510
4587193.942638 -350955.095957
4587201.165141 -348733.861173
4587217.758522 -342070.156819
4587288.217057 -306530.400267
4587291.916085 -304309.165482
4587313.863472 -288760.521990
4587348.210974 -255442.000222
4587349.408720 -250999.530653
4587340.672200 -233229.652377
4587326.933298 -211017.304531
4587277.895201 -175477.547979
4587233.330460 -151043.965349
4587187.390167 -133274.087072
4587080.182856 -95513.095735
4586965.787121 -57752.104398
4586958.353178 -55530.869614
4586900.394969 -39982.226122
4586806.843617 -19991.113061
4586795.884967 -17769.878276
4586622.251640 11106.173923
4586404.034677 46645.930475
4586334.431055 57752.104398
4586245.827236 71079.513105
4586138.504892 86628.156597
4585978.921907 106619.269658
4585744.113576 133274.087072
4585544.202068 155486.434918
4585210.419666 188804.956686
4584980.829509 211017.304531
4584766.562588 231008.417592
4584741.482111 233229.652377
4584432.026782 259884.469791
4584150.080909 282096.817637
4583708.038080 315415.339405
4583234.258585 350955.095957
4582902.299702 375388.678587
4582551.626145 399822.261217
4582279.564251 417592.139494
4582177.115171 424255.843847
4581967.957534 437583.252554
4581389.749305 473123.009107
4580756.074228 510884.000444
4580519.623101 524211.409151
4580359.142333 533096.348290
4579853.771312 559751.165704
4579196.394405 593069.687472
4578641.374535 619724.504887
4578454.082150 628609.444025
4577686.617229 664149.200578
4576882.523321 699688.957130
4576115.795208 733007.478898
4575907.321732 741892.418036
4575802.511518 746334.887605
4575012.133029 779653.409374
4574534.033324 799644.522434
4573715.672509 832963.044203
4572929.744212 864060.331186
4572756.584690 870724.035540
4571932.382348 901821.322523
4571687.670124 910706.261661
4571194.782402 928476.139938
4570320.101367 959573.426921
4569938.302589 972900.835629
4569217.651264 997334.418259
4568611.075845 1017325.531319
4567926.948915 1039537.879165
4567856.357346 1041759.113949
4567359.162483 1057307.757441
4566571.454787 1081741.340071
4565409.391874 1117281.096624
4564667.068572 1139493.444469
4564515.392399 1143935.914038
4564284.808847 1150599.618392
4563898.309063 1161705.792315
4563739.609055 1166148.261884
4562358.235120 1203909.253221
4561530.966134 1226121.601066
4560858.554799 1243891.479342
4559756.310304 1272767.531542
4558724.696658 1299422.348956
4557863.542891 1321634.696801
4556909.778014 1346068.279431
4555591.457279 1379386.801199
4555322.465011 1386050.505553
4554046.410523 1417147.792537
4552494.393003 1454908.783874
4552122.081592 1463793.723012
4551749.175304 1472678.662150
4550512.066529 1501554.714349
4549647.553209 1521545.827410
4548963.653478 1537094.470902
4548070.886874 1557085.583963
4547474.810464 1570412.992670
4546576.650365 1590404.105731
4546274.114346 1597067.810084
4544853.873031 1628165.097068
4543418.905434 1659262.384052
4543315.203938 1661483.618836
4542252.547984 1683695.966681
4541393.957465 1701465.844958
4540957.998944 1710350.784096
4540848.554379 1712572.018880
4540183.688445 1725899.427588
4539180.916776 1745890.540649
4538395.657703 1761439.184140
4537937.790177 1770324.123279
4537820.876009 1772545.358063
4536767.269448 1792536.471124
4536289.790614 1801421.410262
4535076.080106 1823633.758107
4534213.515657 1839182.401599
4533839.202773 1845846.105953
4533339.499178 1854731.045091
4531184.105236 1892492.036428
4530545.501345 1903598.210351
4528877.036815 1932474.262550
4528619.726886 1936916.732119
4527584.251325 1954686.610395
4526542.532653 1972456.488672
4525108.451419 1996890.071302
4524844.894692 2001332.540871
4524179.735408 2012438.714793
4523910.216728 2016881.184362
4521736.439991 2052420.940915
4519964.100820 2081296.993114
4518031.118886 2112394.280098
4515948.204525 2145712.801866
4515390.227226 2154597.741004
4513708.687292 2181252.558418
4512720.011662 2196801.201910
4511280.552558 2219013.549756
4509240.702917 2250110.836739
4507164.934251 2281208.123723
4507015.861057 2283429.358507
4505048.568840 2312305.410706
4504592.153897 2318969.115060
4501969.994186 2356730.106397
4500577.407518 2376721.219458
4499492.009545 2392269.862950
4497134.402441 2425588.384718
4496976.085515 2427809.619502
4494892.421047 2456685.671701
4493757.797529 2472234.315193
4493594.390490 2474455.549978
4492434.343722 2490004.193470
4490929.421379 2509995.306530
4488572.138872 2541092.593514
4487893.964787 2549977.532652
4485501.653535 2581074.819636
4484815.459399 2589959.758774
4484470.016290 2594402.228343
4483431.673264 2607729.637050
4483257.103221 2609950.871835
4481499.606419 2632163.219680
4480258.715005 2647711.863172
4479538.778287 2656596.802310
4478093.459359 2674366.680586
4476087.384208 2698800.263216
4473310.717341 2732118.784984
4471432.053058 2754331.132830
4469333.139518 2778764.715460
4469141.460081 2780985.950244
4466832.950381 2807640.767659
4466062.052958 2816525.706797
4463736.795536 2843180.524211
4461188.175361 2872056.576410
4458618.989341 2900932.628609
4456423.717925 2925366.211239
4455623.315257 2934251.150378
4452611.181099 2967569.672146
4450590.672131 2989782.019991
4450183.367434 2994224.489560
4449360.899955 3003109.428698
4448108.887461 3016436.837406
4446644.422128 3031985.480897
4443050.999488 3069746.472235
4442623.159022 3074188.941804
4441328.691095 3087516.350511
4440016.619930 3100843.759218
4438907.539516 3111949.933141
4438682.750931 3114171.167925
4434826.413901 3151932.159263
4433907.019285 3160817.098401
4430205.279078 3196356.854953
4426947.699723 3227454.141937
4424829.577620 3247445.254998
4424356.974272 3251887.724567
4422458.906429 3269657.602843
4418877.001995 3302976.124611
4418637.053538 3305197.359396
4417910.252166 3311861.063749
4415719.373098 3331852.176810
4414256.455208 3345179.585518
4411559.446786 3369613.168147
4411063.996859 3374055.637717
4408067.708651 3400710.455131
4405052.473098 3427365.272546
4403786.216273 3438471.446468
4403532.169685 3440692.681253
4400989.713477 3462905.029098
4397167.064483 3496223.550866
4393293.381104 3529542.072634
4391994.101400 3540648.246557
4388333.488366 3571745.533541
4385708.631234 3593957.881386
4381993.928632 3625055.168370
4380664.182980 3636161.342292
4376662.660849 3669479.864060
4374785.224410 3685028.507552
4374248.402617 3689470.977121
4372630.519820 3702798.385828
4368838.102182 3733895.672812
4368293.841287 3738338.142381
4364451.965874 3769435.429365
4364174.194112 3771656.664149
4362771.618453 3782762.838072
4360522.412279 3800532.716348
4360237.855030 3802753.951133
4356535.831016 3831630.003332
4354249.096035 3849399.881608
4349672.194244 3884939.638161
4349098.793258 3889382.107730
4344772.447285 3922700.629498
4341011.715840 3951576.681697
4339260.377126 3964904.090404
4338967.179809 3967125.325189
4335406.726683 3993780.142603
4333312.795798 4009328.786095
4332404.722097 4015992.490449
4330267.059798 4031541.133940
4328115.198119 4047089.777432
4327804.158038 4049311.012217
4323446.404466 4080408.299200
4321560.939165 4093735.707908
4319971.252652 4104841.881830
4317401.679922 4122611.760107
4312888.541696 4153709.047090
4307348.262422 4191470.038427
4306038.981659 4200354.977566
4301419.832726 4231452.264549
4301089.415495 4233673.499334
4300757.560779 4235894.734118
4296396.436554 4264770.786317
4291342.534241 4298089.308085
4287958.655708 4320301.655931
4283200.696429 4351398.942914
4281838.338654 4360283.882052
4279088.010188 4378053.760329
4277710.866597 4386938.699467
4272174.503718 4422478.456020
4268007.289163 4449133.273434
4263457.015197 4478009.325633
4260300.037892 4498000.438694
4257491.822152 4515770.316970
4256788.256038 4520212.786539
4255026.816465 4531318.960462
4249727.323159 4564637.482230
4244374.413109 4597956.003998
4242581.146851 4609062.177921
4240065.178983 4624610.821413
4236795.477098 4644601.934474
4234973.775648 4655708.108396
4229843.774396 4686805.395380
4226161.123965 4709017.743225
4221716.633243 4735672.560640
4215756.718236 4771212.317192
4213507.355179 4784539.725900
4212381.068280 4791203.430253
4207479.565352 4820079.482452
4201377.748869 4855619.239005
4200994.478266 4857840.473789
4195997.739801 4886716.525988
4194069.059154 4897822.699911
4193295.936362 4902265.169480
4189019.460250 4926698.752110
4186680.181589 4940026.160817
4181593.662626 4968902.213016
4181198.471170 4971123.447801
4180802.152323 4973344.682585
4174784.956054 5006663.204354
4173168.900373 5015548.143492
4169099.876889 5037760.491337
4166231.192844 5053309.134829
4161710.392130 5077742.717459
4157966.457151 5097733.830520
4155050.351784 5113282.474012
4154630.783359 5115503.708796
4151687.511556 5131052.352288
4148731.611127 5146600.995780
4141475.706046 5184361.987117
4139329.385088 5195468.161040
4135887.901615 5213238.039316
4129393.470824 5246556.561084
4123288.489230 5277653.848067
4116261.246619 5313193.604620
4110037.053107 5344290.891604
4106024.291646 5364282.004665
4102871.737691 5379830.648156
4096091.958647 5413149.169924
4092015.312458 5433140.282985
4091557.108934 5435361.517770
4084674.152838 5468680.039538
4081436.551174 5484228.683030
4074900.337211 5515325.970013
4067397.939614 5550865.726566
4066456.064483 5555308.196135
4059790.979199 5586405.483119
4052084.843825 5621945.239671
4045268.067600 5653042.526655
4042824.628922 5664148.700577
4042330.568548 5666369.935362
4037867.763774 5686361.048423
4031345.616231 5715237.100622
4025818.785683 5739670.683252
4020239.008938 5764104.265882
4014098.051606 5790759.083296
4006901.881960 5821856.370280
4004824.490169 5830741.309418
3998052.981172 5859617.361617
3991769.905879 5886272.179032
3990189.799388 5892935.883385
3984331.173863 5917369.466015
3975249.943245 5955130.457352
3970973.239889 5972900.335629
3968286.320578 5984006.509551
3962851.926405 6006218.857397
3960665.104437 6015103.796535
3957372.545201 6028431.205242
3948585.793742 6063970.961795
3940816.012298 6095068.248778
3935817.388267 6115059.361839
3930758.015200 6135050.474900
3923945.401394 6161705.292314
3919962.313114 6177253.935806
3913055.751846 6203908.753221
3903211.505431 6241669.744558
3897367.319117 6263882.092403
3891514.158340 6286094.440249
3887385.335472 6301643.083741
3883243.774365 6317191.727232
3877885.944383 6337182.840293
3874300.226129 6350510.249000
3867706.024596 6374943.831630
3864075.540598 6388271.240338
3859803.539246 6403819.883829
3858578.193720 6408262.353398
3853051.192898 6428253.466459
3845635.547259 6454908.283874
3842531.109627 6466014.457797
3833742.319908 6497111.744780
3823027.977932 6534872.736117
3818581.106308 6550421.379609
3816011.581518 6559306.318747
3809567.232517 6581518.666593
3806970.869473 6590403.605731
3803032.281406 6603731.014438
3798392.537340 6619279.657930
3788991.771903 6650376.944913
3785626.141107 6661483.118836
3776782.045533 6690359.171035
3767234.181531 6721456.458019
3755525.373158 6759217.449356
3747917.760168 6783651.031986
3744425.216861 6794757.205908
3735253.442095 6823633.258107
3731009.696268 6836960.666815
3725337.155643 6854730.545091
3715267.445374 6885827.832075
3707315.348873 6910261.414705
3704389.136324 6919146.353843
3694033.121477 6950243.640826
3682105.932141 6985783.397379
3670147.914971 7021323.153932
3661912.601170 7045756.736561
3658889.337294 7054641.675700
3649055.209442 7083517.727899
3644492.673733 7096845.136606
3636098.850343 7121278.719236
3626170.227873 7150154.771435
3622344.859821 7161260.945358
3616975.295337 7176809.588849
3613102.738105 7187915.762772
3609966.197012 7196800.701910
3596493.070117 7234561.693247
3587673.243515 7258995.275877
3580418.004426 7278986.388938
3568249.353117 7312304.910706
3562487.568717 7327853.554198
3552528.617918 7354508.371613
3540824.132615 7385605.658596
3530670.430523 7412260.476011
3528976.575314 7416702.945580
3516117.785070 7450021.467348
3507423.519055 7472233.815193
3493340.146161 7507773.571746
3489761.534259 7516658.510884
3487033.046425 7523322.215238
3476870.717544 7547755.797868
3474052.152777 7554419.502221
3461690.983070 7583295.554420
3458806.607612 7589959.258774
3449152.978168 7612171.606619
3448181.707388 7614392.841404
3441319.959846 7629941.484896
3434343.975105 7645490.128387
3425337.472204 7665481.241448
3420281.282635 7676587.415371
3415193.085230 7687693.589294
3401808.801441 7716569.641493
3396639.023558 7727675.815415
3380945.827084 7760994.337183
3368364.198429 7787649.154598
3350520.994550 7825410.145935
3338773.057637 7849843.728565
3325829.958553 7876498.545980
3320389.118202 7887604.719902
3309298.869317 7909817.067748
3301491.807580 7925365.711239
3285627.158944 7956462.998223
3275262.739429 7976454.111284
3257928.476910 8009772.633052
3252109.857876 8020878.806975
3241574.842342 8040869.920036
3229827.922114 8063082.267881
3228637.842301 8065303.502665
3211756.159887 8096400.789649
3204442.117317 8109728.198356
3190852.007429 8134161.780986
3169588.763534 8171922.772323
3165831.775095 8178586.476677
3156899.686545 8194135.120169
3136380.222185 8229674.876721
3135096.132875 8231896.111506
3124784.290835 8249665.989782
3102787.899780 8287426.981119
3093695.844888 8302975.624611
3080453.901108 8325187.972457
3063104.342799 8354064.024656
3056369.890744 8365170.198578
3046854.020320 8380718.842070
3038565.748322 8394046.250777
3023184.557872 8418479.833407
3006267.213761 8445134.650822
2991954.194603 8467346.998667
2968925.706564 8502886.755220
2944077.586378 8540647.746557
2933729.228950 8556196.390049
2911070.326317 8589514.911817
2892540.009827 8616169.729231
2873927.029833 8642824.546646
2866113.570763 8653930.720569
2864512.603728 8656151.955353
2838540.087132 8691691.711906
2825493.274007 8709461.590182
2802482.643812 8740558.877166
2785942.993613 8762771.225011
2757467.376153 8800532.216348
2733365.747008 8831629.503332
2717457.236110 8851620.616393
2706816.019650 8864948.025100
2685060.235176 8891602.842514
2655290.187422 8927142.599067
2651482.387522 8931585.068636
2641824.887041 8942691.242559
2628155.922759 8958239.886051
2618136.020642 8969346.059973
2607905.432069 8980452.233896
2597576.229892 8991558.407819
2572048.965337 9018213.225233
2556857.394587 9033761.868725
2552409.324761 9038204.338294
2513476.352915 9075965.329631
2482590.887532 9104841.381830
2451292.964885 9133717.434029
2441376.215275 9142602.373167
2415582.125538 9164814.721013
2386161.033943 9189248.303643
2349967.571406 9218124.355842
2318945.993533 9242557.938472
2276312.929744 9275876.460240
2249978.259591 9295867.573301
2226379.876074 9313637.451577
2183818.277171 9344734.738561
2136232.155093 9378053.260329
2106292.686564 9398044.373390
2102818.507949 9400265.608174
2063736.430447 9424699.190804
2009920.180024 9458017.712572
1998793.482145 9464681.416926
1972743.259193 9480230.060418
1921776.646431 9509106.112617
1880972.583443 9531318.460462
1850729.233402 9546867.103954
1832291.368045 9555752.043092
1769206.307852 9584628.095291
1727251.021716 9602397.973567
1716559.246699 9606840.443136
1682854.071397 9620167.851844
1664511.145408 9626831.556197
1585930.970901 9653486.373612
1487121.399810 9686804.895380
1423685.436365 9706796.008441
1329663.015518 9735672.060640
1305783.863730 9742335.764993
1279446.874864 9748999.469347
1160972.183487 9775654.286761
1014956.526339 9806751.573745
832841.528191 9840070.095513
819040.405609 9842291.330298
651959.647425 9864503.678143
511814.592262 9880052.321635
45377.524473 9917813.312972
-350403.802608 9946689.365171
-512041.510682 9955574.304309
-572110.629004 9957795.539094
-2083461.527658 9995556.530431
-2487568.198118 9999999.000000
-2596652.135775 9997709.622940
-2688282.465253 9995420.245879
-3243615.072641 9977105.229396
-3719044.489340 9951922.081731
-3787422.540241 9947343.327610
-4245549.981632 9913002.671703
-4380291.068503 9901555.786401
-4808200.294341 9862636.376374
-5054497.499370 9839742.605769
-5191532.491085 9823716.966346
-5284638.472633 9812270.081044
-5466642.824306 9784797.556319
-5505900.516053 9777929.425137
-5672005.195847 9745878.146291
-5764058.048758 9727563.129808
-5924023.383588 9690933.096841
-5961400.040489 9681775.588599
-6047780.163860 9658881.817994
-6071872.868297 9652013.686813
-6175545.794671 9622251.785027
-6244433.689323 9601647.391483
-6357084.326599 9565017.358516
-6446950.096344 9535255.456731
-6507336.084955 9514651.063187
-6558890.384266 9496336.046703
-6655965.482520 9459706.013736
-6751017.299837 9423075.980769
-6784399.534252 9409339.718407
-6871296.694109 9372709.685440
-6912392.928330 9354394.668956
-6958418.461403 9333790.275412
-6998785.860725 9315475.258929
-7074169.836049 9278845.225962
-7087795.954340 9271977.094780
-7164095.517907 9233057.684753
-7199305.530774 9214742.668269
-7220975.803992 9203295.782967
-7272786.668592 9175823.258242
-7314842.504574 9152929.487637
-7360763.507258 9127746.339972
-7384667.385990 9114010.077610
-7422765.578822 9091116.307005
-7426537.325302 9088826.929945
-7437382.622394 9081958.798764
-7464895.423621 9063643.782280
-7498872.541235 9040750.011676
-7545874.658062 9008698.732830
-7601947.692611 8969779.322802
-7617746.419484 8958332.437500
-7623910.259412 8953753.683379
-7633031.131888 8946885.552198
-7644903.443204 8937728.043956
-7687618.703779 8903387.388049
-7704077.912603 8889651.125687
-7714611.944061 8880493.617445
-7756649.093053 8843863.584478
-7800088.225074 8804944.174451
-7812467.629722 8793497.289148
-7839522.083504 8768314.141483
-7846852.044763 8761446.010302
-7873437.027907 8736262.862637
-7906837.403046 8704211.583791
-7930441.723135 8681317.813187
-7946520.760393 8665292.173764
-7953190.781404 8658424.042582
-7990098.229699 8619504.632555
-8006969.332174 8601189.616071
-8015293.530929 8592032.107830
-8033744.334830 8571427.714286
-8066005.165196 8534797.681319
-8081931.197125 8516482.664835
-8087745.341831 8509614.533654
-8104944.504094 8489010.140110
-8112522.454382 8479852.631868
-8144452.335294 8440933.221841
-8161183.926182 8420328.828297
-8172151.590216 8406592.565934
-8173958.333630 8404303.188874
-8190032.386718 8383698.795330
-8198846.653571 8372251.910027
-8214559.391114 8351647.516483
-8219705.886895 8344779.385302
-8221376.382330 8342490.008242
-8227936.579035 8333332.500000
-8247351.288241 8305859.975275
-8266592.467930 8278387.450549
-8285691.251089 8250914.925824
-8290348.523263 8244046.794643
-8293417.767814 8239468.040522
-8308589.748493 8216574.269918
-8322091.001972 8195969.876374
-8335535.508373 8175365.482830
-8355989.817508 8143314.203983
-8370520.091315 8120420.433379
-8379214.453605 8106684.171016
-8397848.537708 8076922.269231
-8416160.166447 8047160.367445
-8418936.586150 8042581.613324
-8420304.955213 8040292.236264
-8431209.340372 8021977.219780
-8435261.677902 8015109.088599
-8444668.689985 7999083.449176
-8447322.367836 7994504.695055
-8465734.576011 7962453.416209
-8485387.707899 7928112.760302
-8493093.973251 7914376.497940
-8512288.529712 7880035.842033
-8514816.654637 7875457.087912
-8536279.560799 7836537.677885
-8548692.905413 7813643.907280
-8563482.292269 7786171.382555
-8574482.329332 7765566.989011
-8580507.592759 7754120.103709
-8588893.763180 7738094.464286
-8594869.930946 7726647.578983
-8613686.240168 7690017.546016
-8628783.213899 7660255.644231
-8632259.210892 7653387.513049
-8644946.804119 7628204.365385
-8659924.261962 7598442.463599
-8669058.362023 7580127.447115
-8687306.048451 7543497.414148
-8697444.943141 7522893.020604
-8713025.622116 7490841.741758
-8724117.988068 7467947.971154
-8741691.687857 7431317.938187
-8757883.737102 7396977.282280
-8776136.370253 7358057.872253
-8792070.482755 7323717.216346
-8802504.032470 7300823.445742
-8807698.973939 7289376.560440
-8821135.439906 7259614.658654
-8833321.757404 7232142.133929
-8839365.079584 7218405.871566
-8855220.340037 7181775.838599
-8863092.163799 7163460.822115
-8870932.398516 7145145.805632
-8878702.342237 7126830.789148
-8880639.030054 7122252.035027
-8891154.472726 7097068.887363
-8906344.650683 7060438.854396
-8916625.983506 7035255.706731
-8929572.735522 7003204.427885
-8937768.853689 6982600.034341
-8953147.535640 6943680.624313
-8961159.396114 6923076.230769
-8965602.071579 6911629.345467
-8972670.481063 6893314.328983
-8977907.937211 6879578.066621
-8989971.488684 6847526.787775
-9002861.096038 6813186.131868
-9014858.294301 6781134.853022
-9029412.962432 6742215.442994
-9037858.057243 6719321.672390
-9052123.807032 6680402.262363
-9065501.894503 6643772.229396
-9077040.417143 6611720.950549
-9090121.670778 6575090.917582
-9101516.931517 6543039.638736
-9111138.433604 6515567.114011
-9123101.991777 6481226.458104
-9130198.890254 6460622.064560
-9134860.779862 6446885.802198
-9141787.548685 6426281.408654
-9148666.880068 6405677.015110
-9157046.193806 6380493.867445
-9158561.914265 6375915.113324
-9160823.900683 6369046.982143
-9169033.825431 6343863.834478
-9171265.336614 6336995.703297
-9180870.213093 6307233.801511
-9185968.874378 6291208.162088
-9191742.745727 6272893.145604
-9195327.535040 6261446.260302
-9206657.621849 6224816.227335
-9209478.518819 6215658.719093
-9214366.771699 6199633.079670
-9222042.034891 6174449.932005
-9223430.718687 6169871.177885
-9230969.793411 6144688.030220
-9235748.007392 6128662.390797
-9246616.832636 6092032.357830
-9251994.677377 6073717.341346
-9252664.753953 6071427.964286
-9257317.901495 6055402.324863
-9262576.789104 6037087.308379
-9271750.649024 6005036.029533
-9273045.729539 6000457.275412
-9279470.287479 5977563.504808
-9287095.478625 5950090.980082
-9289603.677393 5940933.471841
-9299628.660472 5904303.438874
-9308954.282691 5869962.782967
-9318272.668442 5835622.127060
-9320132.013114 5828753.995879
-9329956.836667 5792123.962912
-9331793.310074 5785255.831731
-9342151.961362 5746336.421703
-9342755.233564 5744047.044643
-9346926.718445 5728021.405220
-9355824.766416 5693680.749313
-9363495.382969 5663918.847527
-9366416.616280 5652471.962225
-9372219.372512 5629578.191621
-9382031.976326 5590658.781593
-9386628.801685 5572343.765110
-9394612.859621 5540292.486264
-9395741.505310 5535713.732143
-9400812.799525 5515109.338599
-9401931.346346 5510530.584478
-9403045.720170 5505951.830357
-9412489.645302 5467032.420330
-9414151.253920 5460164.289148
-9419080.716869 5439559.895604
-9421260.227098 5430402.387363
-9421799.479903 5428113.010302
-9422336.741810 5425823.633242
-9430850.805494 5389193.600275
-9439271.331413 5352563.567308
-9447084.812642 5318222.911401
-9454886.840438 5283882.255494
-9456959.769771 5274724.747253
-9464670.912697 5240384.091346
-9472303.595657 5206043.435440
-9473318.321649 5201464.681319
-9476854.364765 5185439.041896
-9485429.396408 5146519.631868
-9489441.276128 5128204.615385
-9493921.951853 5107600.221841
-9499874.535359 5080127.697115
-9504316.357421 5059523.303571
-9506780.460488 5048076.418269
-9510683.249540 5029761.401786
-9518421.391885 4993131.368819
-9521291.942761 4979395.106456
-9524624.059559 4963369.467033
-9531707.961573 4929028.811126
-9536406.834569 4906135.040522
-9538731.075704 4894688.155220
-9544265.376617 4867215.630494
-9547936.430324 4848900.614011
-9554790.109978 4814559.958104
-9562027.747735 4777929.925137
-9567883.125183 4748168.023352
-9571011.306143 4732142.383929
-9578130.825064 4695512.350962
-9579904.355123 4686354.842720
-9583857.909484 4665750.449176
-9585165.451940 4658882.317994
-9588647.258254 4640567.301511
-9594277.002761 4610805.399725
-9601565.828556 4571885.989698
-9607084.283206 4542124.087912
-9612955.675425 4510072.809066
-9614630.827467 4500915.300824
-9621312.368746 4464285.267857
-9627096.584623 4432233.989011
-9630390.101357 4413918.972527
-9632447.083798 4402472.087225
-9634492.379859 4391025.201923
-9634898.825547 4388735.824863
-9638517.965740 4368131.431319
-9641302.936323 4352105.791896
-9646073.771639 4324633.267170
-9649631.561799 4304028.873626
-9650024.624668 4301739.496566
-9651987.139719 4290292.611264
-9656255.706947 4265109.463599
-9657027.945379 4260530.709478
-9658563.633186 4251373.201236
-9658943.195737 4249083.824176
-9661201.135139 4235347.561813
-9663457.461808 4221611.299451
-9669070.129547 4187270.643544
-9673879.096212 4157508.741758
-9677562.449690 4134614.971154
-9678295.437094 4130036.217033
-9682312.453226 4104853.069368
-9687019.171466 4075091.167582
-9690611.258070 4052197.396978
-9690967.127791 4049908.019918
-9692379.389660 4040750.511676
-9693077.430279 4036171.757555
-9695513.536583 4020146.118132
-9699308.695046 3994962.970467
-9701371.317924 3981226.708104
-9704107.599850 3962911.691621
-9706158.327501 3949175.429258
-9710915.735360 3917124.150412
-9712606.215647 3905677.265110
-9714286.917658 3894230.379808
-9715954.249236 3882783.494505
-9716945.955017 3875915.363324
-9718914.969724 3862179.100962
-9720872.526228 3848442.838599
-9722810.155925 3834706.576236
-9724098.132744 3825549.067994
-9728268.754892 3795787.166209
-9729863.457598 3784340.280907
-9730181.696590 3782050.903846
-9735575.888539 3743131.493819
-9736839.524164 3733973.985577
-9738719.687832 3720237.723214
-9739032.586766 3717948.346154
-9741213.205225 3701922.706731
-9742147.066304 3695054.575549
-9746476.196149 3663003.296703
-9750145.875630 3635530.771978
-9752272.262684 3619505.132555
-9754695.201459 3601190.116071
-9759487.215486 3564560.083104
-9761278.861174 3550823.820742
-9766313.593281 3511904.410714
-9767777.825069 3500457.525412
-9768068.695000 3498168.148352
-9769804.728689 3484431.885989
-9773274.176831 3456959.361264
-9776444.912536 3431776.213599
-9779862.251395 3404303.688874
-9780428.788579 3399724.934753
-9781553.272555 3390567.426511
-9782953.528291 3379120.541209
-9784901.942027 3363094.901786
-9785726.797917 3356226.770604
-9787633.768632 3340201.131181
-9789262.021572 3326464.868819
-9793326.370972 3292124.212912
-9793595.656098 3289834.835852
-9796804.602316 3262362.311126
-9800784.707537 3228021.655220
-9804476.364455 3195970.376374
-9807885.621124 3166208.474588
-9809977.062286 3147893.458104
-9813075.025091 3120420.933379
-9815132.205873 3102105.916896
-9816404.789397 3090659.031593
-9818434.471477 3072344.015110
-9820438.460978 3054028.998626
-9822428.077373 3035713.982143
-9823416.521067 3026556.473901
-9824644.147470 3015109.588599
-9826587.828803 2996794.572115
-9828284.420405 2980768.932692
-9830460.449764 2960164.539148
-9831901.730807 2946428.276786
-9835501.999847 2912087.620879
-9838840.388150 2880036.342033
-9840017.131043 2868589.456731
-9843034.027057 2838827.554945
-9845117.459669 2818223.161401
-9845575.083239 2813644.407280
-9847156.776389 2797618.767857
-9850314.850116 2765567.489011
-9852985.469730 2738094.964286
-9854311.746684 2724358.701923
-9857585.284684 2690018.046016
-9859981.770840 2664834.898352
-9861281.115233 2651098.635989
-9861495.628910 2648809.258929
-9863198.411271 2630494.242445
-9865719.415172 2603021.717720
-9866136.646516 2598442.963599
-9869468.636031 2561812.930632
-9871943.507467 2534340.405907
-9872969.238704 2522893.520604
-9876428.927126 2483974.110577
-9878252.371398 2463369.717033
-9881656.729543 2424450.307005
-9883057.262570 2408424.667582
-9886246.957224 2371794.634615
-9886841.789565 2364926.503434
-9888024.996864 2351190.241071
-9891334.873421 2312270.831044
-9894215.330168 2277930.175137
-9895553.338495 2261904.535714
-9896124.115859 2255036.404533
-9898569.952447 2225274.502747
-9900432.024854 2202380.732143
-9901723.210001 2186355.092720
-9901906.616400 2184065.715659
-9904986.017962 2145146.305632
-9906067.653249 2131410.043269
-9906779.734235 2122252.535027
-9907312.757881 2115384.403846
-9908190.782107 2103937.518544
-9910978.450480 2067307.485577
-9911499.078710 2060439.354396
-9911669.712928 2058149.977335
-9912843.895640 2042124.337912
-9913174.631719 2037545.583791
-9915632.352079 2003204.927885
-9918409.169870 1964285.517857
-9919378.117717 1950549.255494
-9921624.895664 1918497.976648
-9921783.036300 1916208.599588
-9922885.345419 1900182.960165
-9924130.463570 1881867.943681
-9925994.148686 1854395.418956
-9927228.629856 1836080.402472
-9928770.071310 1813186.631868
-9930456.534219 1788003.484203
-9931374.434539 1774267.221841
-9932275.474873 1760530.959478
-9934208.455552 1730769.057692
-9936404.327566 1696428.401786
-9936983.344007 1687270.893544
-9937412.706665 1680402.762363
-9939840.217114 1641483.352335
-9941677.494709 1611721.450549
-9941817.686027 1609432.073489
-9942096.445723 1604853.319368
-9942235.015089 1602563.942308
-9942779.590172 1593406.434066
-9943984.579249 1572802.040522
-9944509.852446 1563644.532280
-9945943.781874 1538461.384615
-9946970.016822 1520146.368132
-9947351.505926 1513278.236951
-9948494.539231 1492673.843407
-9948744.728092 1488095.089286
-9950743.696909 1451465.056319
-9952843.319192 1412545.646291
-9952965.084372 1410256.269231
-9954535.701606 1380494.367445
-9955247.351176 1366758.105082
-9956411.413250 1343864.334478
-9957211.982589 1327838.695055
-9957666.945323 1318681.186813
-9958227.049001 1307234.301511
-9959436.970139 1282051.153846
-9959974.489534 1270604.268544
-9961134.847752 1245421.120879
-9962691.613545 1211080.464972
-9964008.692065 1181318.563187
-9965015.663739 1158424.792582
-9966116.555135 1133241.644918
-9966415.412795 1126373.513736
-9966908.125718 1114926.628434
-9968068.524881 1087454.103709
-9969009.483575 1064560.333104
-9969661.733318 1048534.693681
-9970951.265497 1016483.414835
-9971769.267332 995879.021291
-9972584.525567 975274.627747
-9973649.611902 947802.103022
-9974789.620719 918040.201236
-9975051.332459 911172.070055
-9976094.534887 883699.545330
-9976782.718532 865384.528846
-9977955.219561 833333.250000
-9978454.088473 819596.987637
-9978781.829916 810439.479396
-9980141.369763 771520.069368
-9981077.538521 744047.544643
-9982362.872743 705128.134615
-9982656.899422 695970.626374
-9983585.219233 666208.724588
-9983933.290808 654761.839286
-9984832.448824 624999.937500
-9985769.424675 592948.658654
-9986673.022951 560897.379808
-9987744.955493 521977.969780
-9988801.725076 483058.559753
-9989283.583984 464743.543269
-9989462.500629 457875.412088
-9989520.656883 455586.035027
-9989689.794130 448717.903846
-9990285.560301 423534.756181
-9990599.888390 409798.493819
-9991163.169810 384615.346154
-9991977.767910 347985.313187
-9992558.649423 320512.788462
-9992651.047370 315934.034341
-9993180.736411 288461.509615
-9993438.530198 274725.247253
-9993822.577852 254120.853709
-9994331.117880 226648.328983
-9994413.819851 222069.574863
-9994613.974187 210622.689560
-9995036.577844 185439.541896
-9995073.970938 183150.164835
-9995512.145365 155677.640110
-9996053.276110 121336.984203
-9996529.655297 89285.705357
-9996656.992763 80128.197115
-9996688.534909 77838.820055
-9997107.631823 45787.541209
-9997327.266111 27472.524725
-9997489.365957 13736.262363
-9997767.299323 -11446.885302
-9998117.877981 -45787.541209
-9998332.659547 -68681.311813
-9998579.699705 -98443.213599
-9998853.481175 -135073.246566
-9999046.597394 -162545.771291
-9999218.820610 -187728.918956
-9999371.847708 -212912.066621
-9999497.689718 -238095.214286
-9999651.747826 -270146.493132
-9999795.262228 -306776.526099
-9999810.876798 -311355.280220
-9999871.516495 -334249.050824
-9999902.670888 -347985.313187
-9999957.062696 -380036.592033
-9999993.009062 -402930.362637
-9999997.003031 -407509.116758
-9999997.801819 -412087.870879
-9999999.000000 -437271.018544
-9999998.745840 -453296.657967
-9999973.910599 -480769.182692
-9999931.428094 -503662.953297
-9999847.187649 -540292.986264
-9999794.608361 -558608.002747
-9999779.139077 -563186.756868
-9999763.379219 -567765.510989
-9999746.166426 -572344.265110
-9999683.193558 -586080.527473
-9999626.356013 -597527.412775
-9999503.959578 -620421.183379
-9999417.264508 -636446.822802
-9999378.801123 -643314.953984
-9999166.684709 -679944.986951
-9999119.932912 -686813.118132
-9998977.059419 -707417.511676
-9998806.673443 -730311.282280
-9998560.579348 -760073.184066
-9998341.137448 -785256.331731
-9997964.866619 -824175.741758
-9997807.892227 -840201.381181
-9997590.331519 -860805.774725
-9997491.888829 -869963.282967
-9997411.057710 -876831.414148
-9997021.591173 -908882.692995
-9996737.563829 -931776.463599
-9996615.193245 -940933.971841
-9996246.328834 -968406.496566
-9996084.599670 -979853.381868
-9995609.244184 -1011904.660714
-9995260.928539 -1034798.431319
-9994940.860251 -1055402.824863
-9994512.346420 -1082875.349588
-9994476.344221 -1085164.726648
-9994329.407648 -1094322.234890
-9994213.053092 -1101190.366071
-9993889.873234 -1119505.382555
-9993316.094421 -1151556.661401
-9993144.525582 -1160714.169643
-9992742.629716 -1181318.563187
-9992287.258175 -1204212.333791
-9992047.801229 -1215659.219093
-9991706.376010 -1231684.858517
-9991105.159878 -1259157.383242
-9990593.823461 -1282051.153846
-9989869.690052 -1314102.432692
-9989713.190298 -1320970.563874
-9989605.903571 -1325549.317995
-9988994.685810 -1350732.465659
-9988320.800792 -1378204.990385
-9988262.718630 -1380494.367445
-9988087.582977 -1387362.498626
-9987440.527254 -1412545.646291
-9986778.787443 -1437728.793956
-9986214.639155 -1458333.187500
-9985497.298087 -1483516.335165
-9985164.527892 -1494963.220467
-9984614.187647 -1513278.236951
-9983834.447929 -1538461.384615
-9983248.193817 -1556776.401099
-9982203.347918 -1588827.679945
-9981750.151206 -1602563.942308
-9980578.811113 -1636904.598214
-9979464.467770 -1668955.877060
-9979143.067598 -1678113.385302
-9978647.374543 -1691849.647665
-9978150.774264 -1705585.910028
-9977558.694121 -1721611.549451
-9977216.725468 -1730769.057692
-9976866.865108 -1739926.565934
-9976600.365347 -1746794.697115
-9976327.926729 -1753662.828297
-9974765.958110 -1792582.238324
-9973561.588232 -1822344.140110
-9973282.740209 -1829212.271291
-9972910.331686 -1838369.779533
-9971973.196314 -1861263.550137
-9971690.220282 -1868131.681319
-9971012.783854 -1884157.320742
-9969447.165500 -1920787.353709
-9968851.758154 -1934523.616071
-9968143.101689 -1950549.255495
-9966819.005091 -1980311.157280
-9966102.789013 -1996336.796703
-9965683.628502 -2005494.304945
-9964004.509092 -2042124.337912
-9963897.548670 -2044413.714973
-9963140.126733 -2060439.354396
-9962269.525191 -2078754.370879
-9960728.534930 -2110805.649725
-9959948.215126 -2126831.289148
-9959380.685501 -2138278.174451
-9958233.097696 -2161171.945055
-9956263.534191 -2200091.355082
-9954961.441927 -2225274.502747
-9954721.229635 -2229853.256868
-9952881.694532 -2264193.912775
-9951508.277161 -2289377.060440
-9951381.193798 -2291666.437500
-9950732.207808 -2303113.322802
-9949551.064378 -2323717.716346
-9948224.243430 -2346611.486951
-9946608.898978 -2374084.011676
-9946473.642419 -2376373.388736
-9945374.798599 -2394688.405220
-9944257.813118 -2413003.421703
-9942709.453811 -2438186.569368
-9942427.608832 -2442765.323489
-9940141.588745 -2479395.356456
-9939710.022757 -2486263.487637
-9937392.648687 -2522893.520604
-9935486.362081 -2552655.422390
-9934150.365501 -2573259.815934
-9932353.230919 -2600732.340659
-9930074.618696 -2635072.996566
-9927936.329598 -2667124.275412
-9926557.242160 -2687728.668956
-9925629.886772 -2701464.931319
-9924543.319105 -2717490.570742
-9922817.541012 -2742673.718407
-9921716.983814 -2758699.357830
-9920760.614123 -2772435.620192
-9918998.055393 -2797618.767857
-9917061.167647 -2825091.292582
-9916243.192301 -2836538.177885
-9915913.301464 -2841116.932006
-9914402.873824 -2861721.325549
-9912880.204450 -2882325.719093
-9910674.151429 -2912087.620879
-9908972.074022 -2934981.391484
-9906229.631170 -2971611.424451
-9903806.033982 -3003662.703297
-9902240.288440 -3024267.096841
-9899951.828206 -3054028.998626
-9899063.887418 -3065475.883929
-9898171.624062 -3076922.769231
-9896361.080716 -3099816.539835
-9895627.105889 -3108974.048077
-9893414.695185 -3136446.572802
-9892673.723911 -3145604.081044
-9892117.469791 -3152472.212225
-9890048.884436 -3177655.359890
-9887766.835917 -3205127.884615
-9886616.249678 -3218864.146978
-9885838.524901 -3228021.655220
-9885251.483837 -3234889.786401
-9884257.851156 -3246336.671703
-9883454.300714 -3255494.179945
-9880222.755795 -3292124.212912
-9877762.092591 -3319596.737637
-9874226.521436 -3358516.147665
-9874015.794179 -3360805.524725
-9873160.333505 -3369963.032967
-9870990.102852 -3392856.803571
-9868791.839053 -3415750.574176
-9867010.671998 -3434065.590659
-9865893.669391 -3445512.475962
-9863411.282516 -3470695.623626
-9860452.843128 -3500457.525412
-9858156.125083 -3523351.296017
-9855167.904387 -3553113.197802
-9852614.088717 -3578296.345467
-9849795.710564 -3605768.870192
-9847201.549671 -3630952.017857
-9846963.774940 -3633241.394918
-9845041.284351 -3651556.411401
-9842606.760800 -3674450.182006
-9839165.250370 -3706501.460852
-9836424.045868 -3731684.608517
-9834671.255044 -3747710.247940
-9832401.436878 -3768314.641484
-9828839.615385 -3800365.920330
-9825745.312951 -3827838.445055
-9822629.011061 -3855310.969780
-9818958.940672 -3887362.248626
-9814751.427582 -3923992.281593
-9814225.077133 -3928571.035714
-9811323.356752 -3953754.183379
-9808401.201140 -3978937.331044
-9807060.503078 -3990384.216346
-9805984.613400 -3999541.724588
-9805443.746191 -4004120.478709
-9804088.439664 -4015567.364011
-9799994.193077 -4049908.019918
-9797535.752162 -4070512.413462
-9793708.564727 -4102563.692308
-9792058.219161 -4116299.954670
-9788992.912416 -4141483.102335
-9784771.275514 -4175823.758242
-9782218.950694 -4196428.151786
-9778218.429666 -4228479.430632
-9773353.288657 -4267398.840659
-9773065.584051 -4269688.217720
-9772774.166021 -4271977.594780
-9768346.710251 -4306318.250687
-9764208.218683 -4338369.529533
-9760316.160164 -4368131.431319
-9756985.858442 -4393314.578984
-9756375.831883 -4397893.333104
-9752067.478781 -4429944.611951
-9751138.091570 -4436812.743132
-9750205.953076 -4443680.874313
-9747094.231827 -4466574.644918
-9746464.502708 -4471153.399038
-9741382.018555 -4507783.432006
-9739780.869725 -4519230.317308
-9738176.196468 -4530677.202610
-9734279.626260 -4558149.727335
-9730011.872322 -4587911.629121
-9728692.963496 -4597069.137363
-9727035.905085 -4608516.022665
-9725700.585273 -4617673.530907
-9723338.197797 -4633699.170330
-9721308.886243 -4647435.432692
-9717220.763197 -4674907.957418
-9713448.841735 -4700091.105082
-9708958.793651 -4729853.006868
-9705479.896474 -4752746.777473
-9704779.588461 -4757325.531593
-9698762.342228 -4796244.941621
-9696623.283881 -4809981.203984
-9694115.134560 -4826006.843407
-9693755.538887 -4828296.220467
-9691944.613340 -4839743.105769
-9686095.397810 -4876373.138736
-9684258.330355 -4887820.024038
-9680213.887015 -4913003.171703
-9677259.812757 -4931318.188187
-9674647.113382 -4947343.827610
-9671249.298620 -4967948.221154
-9667834.455024 -4988552.614698
-9666688.019022 -4995420.745879
-9666302.037482 -4997710.122940
-9660840.187541 -5029761.401786
-9660448.383276 -5032050.778846
-9654175.045369 -5068680.811813
-9649449.880071 -5096153.336538
-9646683.695616 -5112178.975962
-9645494.804466 -5119047.107143
-9641917.952305 -5139651.500687
-9635905.354465 -5173992.156593
-9633483.124368 -5187728.418956
-9627815.130018 -5219779.697802
-9622925.609187 -5247252.222528
-9618801.376454 -5270145.993132
-9618385.413021 -5272435.370192
-9612536.981625 -5304486.649038
-9607513.315306 -5331959.173764
-9602478.900320 -5359431.698489
-9596993.773495 -5389193.600275
-9596149.306280 -5393772.354396
-9588894.181757 -5432691.764423
-9581581.928100 -5471611.174451
-9574645.592344 -5508241.207418
-9567699.350887 -5544871.240385
-9561990.699980 -5574633.142170
-9556694.763576 -5602105.666896
-9555810.845409 -5606684.421017
-9551824.678022 -5627288.814560
-9551376.354345 -5629578.191621
-9550024.629767 -5636446.322802
-9542758.428181 -5673076.355769
-9535892.454896 -5707417.011676
-9534503.407136 -5714285.142857
-9531717.320955 -5728021.405220
-9530321.272855 -5734889.536401
-9527521.140463 -5748625.798764
-9526580.351232 -5753204.552885
-9525636.170848 -5757783.307006
-9520860.537169 -5780677.077610
-9513634.791264 -5815017.733517
-9509758.723782 -5833332.750000
-9505382.356108 -5853937.143544
-9497019.573680 -5892856.553571
-9495541.647641 -5899724.684753
-9491554.482378 -5918039.701236
-9488542.287236 -5931775.963599
-9479901.374858 -5970695.373626
-9471703.170565 -6007325.406593
-9466526.539009 -6030219.177198
-9464451.329873 -6039376.685440
-9457627.235108 -6069138.587225
-9452895.910866 -6089742.980769
-9449191.540293 -6105768.620192
-9448658.035489 -6108057.997253
-9445986.570469 -6119504.882555
-9438467.683841 -6151556.161401
-9435770.421790 -6163003.046703
-9435228.566760 -6165292.423764
-9426520.225495 -6201922.456731
-9418843.615728 -6233973.735577
-9415541.378703 -6247709.997940
-9411639.612969 -6263735.637363
-9404300.664047 -6293497.539148
-9396391.248948 -6325548.817995
-9395259.635239 -6330127.572115
-9391272.109323 -6346153.211538
-9386133.702358 -6366757.605082
-9379805.909454 -6391940.752747
-9377496.189044 -6401098.260989
-9374013.217330 -6414834.523352
-9370501.080107 -6428570.785714
-9363998.189537 -6453753.933379
-9359856.832316 -6469779.572802
-9355661.351275 -6485805.212225
-9355058.310500 -6488094.589286
-9350830.539989 -6504120.228709
-9343543.837492 -6531592.753434
-9338629.527478 -6549907.769918
-9331218.038430 -6577380.294643
-9329359.414471 -6584248.425824
-9328733.096953 -6586537.802885
-9323038.767624 -6607142.196429
-9313503.544482 -6641482.852335
-9303292.686255 -6678112.885302
-9299430.356956 -6691849.147665
-9289713.417123 -6726189.803571
-9284485.745644 -6744504.820055
-9277899.054685 -6767398.590659
-9270630.585013 -6792581.738324
-9267970.581213 -6801739.246566
-9261250.973335 -6824633.017170
-9255870.968888 -6842948.033654
-9253830.595456 -6849816.164835
-9245589.465065 -6877288.689560
-9236647.074209 -6907050.591346
-9226882.548253 -6939101.870192
-9224081.249956 -6948259.378434
-9215656.673498 -6975731.903159
-9207825.383706 -7000915.050824
-9197021.840102 -7035255.706731
-9194119.239854 -7044413.214973
-9187566.555264 -7065017.608517
-9185373.177337 -7071885.739698
-9176503.405363 -7099358.264423
-9164607.037129 -7135988.297390
-9163099.687554 -7140567.051511
-9161585.905219 -7145145.805632
-9156223.826628 -7161171.445055
-9154683.882052 -7165750.199176
-9150780.416386 -7177197.084478
-9142856.983724 -7200090.855082
-9138094.592366 -7213827.117445
-9135692.392774 -7220695.248626
-9127599.741888 -7243589.019231
-9116947.494228 -7273350.921017
-9113649.296372 -7282508.429258
-9099568.929123 -7321427.839286
-9088664.764805 -7351189.741071
-9077730.915337 -7380951.642857
-9068411.670288 -7406134.790522
-9064121.052205 -7417581.675824
-9062385.717890 -7422160.429945
-9057121.403088 -7435896.692308
-9046483.969007 -7463369.217033
-9033036.140694 -7497709.872940
-9019382.460922 -7532050.528846
-9015713.506170 -7541208.037088
-9014791.850947 -7543497.414148
-8999063.210905 -7582416.824176
-8988726.699543 -7607599.971841
-8984000.664601 -7619046.857143
-8979242.057796 -7630493.742445
-8966672.359243 -7660255.644231
-8959883.818071 -7676281.283654
-8958897.358397 -7678570.660714
-8952894.015016 -7692306.923077
-8944748.844419 -7710621.939560
-8929317.694645 -7744962.595467
-8919019.559723 -7767856.366071
-8905448.820147 -7797618.267857
-8898087.418089 -7813643.907280
-8895963.999658 -7818222.661401
-8894882.783368 -7820512.038462
-8893788.607820 -7822801.415522
-8888221.011675 -7834248.300824
-8887095.094135 -7836537.677885
-8875773.008797 -7859431.448489
-8858559.552350 -7893772.104396
-8841050.277084 -7928112.760302
-8823460.583776 -7962453.416209
-8819901.853662 -7969321.547390
-8810334.412393 -7987636.563874
-8798276.816515 -8010530.334478
-8790999.597931 -8024266.596841
-8778697.143765 -8047160.367445
-8777459.525620 -8049449.744506
-8758850.681797 -8083790.400412
-8746233.123019 -8106684.171017
-8724465.898596 -8145603.581044
-8721866.695094 -8150182.335165
-8700995.050391 -8186812.368132
-8682663.628598 -8218863.646978
-8677319.025575 -8228021.155220
-8659882.379438 -8257783.057006
-8643704.262336 -8285255.581731
-8630029.466372 -8308149.352335
-8618916.472145 -8326464.368819
-8609023.406737 -8342490.008242
-8596235.406176 -8363094.401786
-8580371.577719 -8388277.549451
-8555414.138397 -8427196.959478
-8533270.625627 -8461537.615385
-8522687.826135 -8477563.254808
-8498429.885155 -8514193.287775
-8483050.575421 -8537087.058379
-8478335.276267 -8543955.189560
-8452699.475721 -8580585.222527
-8439608.941111 -8598900.239011
-8428014.073000 -8614925.878434
-8407859.145176 -8642398.403159
-8385469.106837 -8672160.304945
-8378524.748596 -8681317.813187
-8352357.884414 -8715658.469093
-8341806.430758 -8729394.731456
-8315212.750079 -8763735.387363
-8290064.301698 -8795786.666209
-8282746.395816 -8804944.174451
-8258266.381754 -8834706.076236
-8231720.585524 -8866757.355082
-8225890.991341 -8873625.486264
-8213935.642119 -8887361.748626
-8193937.576597 -8910255.519231
-8171697.132308 -8935438.666896
-8153055.627138 -8956043.060440
-8140533.895851 -8969779.322802
-8123284.187530 -8988094.339286
-8114591.553342 -8997251.847527
-8103485.993389 -9008698.732830
-8065112.023493 -9047618.142857
-8039554.277893 -9072801.290522
-8015464.535553 -9095695.061126
-8002988.197779 -9107141.946429
-7995468.760958 -9114010.077610
-7977227.514671 -9130035.717033
-7974553.093494 -9132325.094093
-7930928.879412 -9168955.127060
-7919996.220520 -9178112.635302
-7884290.900251 -9207874.537088
-7867565.656557 -9221610.799451
-7821944.838360 -9258240.832418
-7771949.596974 -9297160.242445
-7760155.146379 -9306317.750687
-7723523.189582 -9333790.275412
-7672321.183407 -9370420.308379
-7646125.370472 -9388735.324863
-7599053.249408 -9420786.603709
-7570897.690486 -9439101.620192
-7534099.930251 -9461995.390797
-7500765.142900 -9482599.784341
-7447157.154262 -9514651.063187
-7431249.191779 -9523808.571429
-7376475.102358 -9553570.473214
-7354763.388331 -9565017.358517
-7319756.891722 -9583332.375000
-7301180.379184 -9592489.883242
-7277671.601151 -9603936.768544
-7248116.951063 -9617673.030907
-7177630.281060 -9649724.309753
-7167332.985720 -9654303.063874
-7079006.965570 -9693222.473901
-7068066.570882 -9697801.228022
-7034602.625354 -9711537.490385
-7010901.426598 -9720694.998626
-6938671.626655 -9748167.523352
-6849708.025828 -9780218.802198
-6828779.654218 -9787086.933379
-6782699.988430 -9800823.195742
-6759346.103317 -9807691.326923
-6734996.655344 -9814559.458104
-6718041.036829 -9819138.212225
-6700830.056286 -9823716.966346
-6627573.726345 -9842031.982830
-6487981.753954 -9876372.638736
-6333280.383108 -9910713.294643
-6236863.563159 -9929028.311126
-6037149.270725 -9963368.967033
-5991344.696489 -9970237.098214
-5940822.807376 -9977105.229396
-5833461.396473 -9990841.491758
-5812638.846752 -9993130.868819
-5783271.845518 -9995420.245879
-5742366.533804 -9997709.622940
-5638241.004260 -9999999.000000
0.000000 -9999999.000000
