2000
9999889.795240 46947.662958
9999559.183389 93894.291146
9999216.330502 125190.957409
9998775.525406 156486.397303
9997930.667076 203426.587085
9997245.002446 234717.619847
9996865.444837 250362.293151
9996461.404917 266006.353318
9995579.882165 297292.480994
9994074.007397 344216.116227
9992347.853723 391132.164610
9990401.459190 438039.592067
9988981.527787 469305.910401
9988234.866697 484937.364715
9986668.162885 516196.672233
9984134.682309 563076.056598
9982323.436149 594322.148428
9979423.222602 641180.274338
9978407.602348 656796.560140
9977367.544987 672411.237449
9976303.053066 688024.268023
9975214.129192 703635.613627
9971800.792821 750459.158315
9970614.168402 766063.381758
9968167.668466 797266.162169
9965623.520474 828461.132570
9964314.836207 844055.593518
9960242.380962 890826.421077
9955950.392493 937577.613975
9951438.965398 984308.141769
9946708.199115 1031016.974474
9945082.552862 1046581.586292
9940059.497361 1093259.890843
9938336.453615 1108814.021710
9936589.070897 1124365.437092
9933021.305719 1155459.969070
9927487.224577 1202080.448994
9923676.267605 1233146.112905
9919768.098412 1264199.696931
9917777.571160 1279721.863920
9911660.277455 1326269.408646
9909572.625551 1341778.811481
9903164.079402 1388287.152009
9900979.384647 1403783.182971
9898770.442406 1419275.776071
9891998.185166 1465732.548819
9889692.307675 1481211.011138
9885007.898869 1512157.015427
9877799.737586 1558548.152655
9872873.333332 1589456.556179
9865302.402500 1635789.872580
9857514.031010 1682087.134614
9852201.067561 1712931.441815
9849508.390527 1728347.321847
9846791.592061 1743758.969158
9841285.657502 1774569.414659
9832846.013172 1820752.394272
9829984.627897 1836137.853026
9824189.643555 1866895.242769
9818298.421562 1897634.344427
9812311.019630 1928354.856880
9803149.707903 1974400.112551
9793772.325424 2020401.850564
9790598.551128 2035725.917370
9787400.799669 2051044.998686
9780933.396647 2081668.054795
9774370.179712 2112270.718908
9764345.844121 2158135.824362
9757543.375739 2188686.197374
9750645.322572 2219215.130042
9740119.169423 2264967.674258
9736562.733114 2280207.478310
9725750.390341 2325893.235895
9722098.627557 2341110.479250
9714723.682771 2371527.728578
9703482.853442 2417109.950533
9699688.370405 2432292.235119
9695870.132845 2447468.563025
9692028.150112 2462638.897083
9680359.825256 2508113.564728
9676422.956502 2523259.552024
9664470.203814 2568660.288863
9660438.603301 2583781.335919
9652304.437003 2614004.409984
9648201.891138 2629106.362977
9635752.523419 2674373.442027
9627334.938277 2704518.808631
9614531.756714 2749687.091133
9601516.661717 2794794.767915
9592722.343505 2824832.391564
9588289.940153 2839840.844758
9583834.055092 2854842.343186
9570325.619066 2899804.742572
9561202.788097 2929744.228579
9547342.954631 2974599.554001
9537986.139646 3004466.741358
9523775.757304 3049212.246563
9518992.300237 3064112.528616
9514185.531171 3079005.306661
9499625.469980 3123638.252121
9494725.571204 3138500.649598
9479886.407739 3183041.579427
9469877.530761 3212696.616924
9464838.298553 3227512.351989
9459775.886969 3242320.182881
9454690.308407 3257120.073335
9449581.575320 3271911.987106
9434116.574313 3316239.506168
9418443.636395 3360493.932154
9413173.175128 3375228.995941
9397223.526148 3419384.447470
9381066.753415 3463464.532511
9364703.213040 3507468.279496
9353679.493131 3536761.221764
9348133.265691 3551394.718541
9342564.144684 3566019.517958
9325719.556937 3609841.373989
9320058.998615 3624431.026015
9314375.615480 3639011.801815
9308669.421452 3653583.665679
9297188.656670 3682700.514879
9291414.114032 3697245.428907
9273954.014998 3740825.701325
9268088.539125 3755334.183656
9250355.984023 3798804.307786
9232419.542268 3842190.702653
9226395.488405 3856634.062436
9214279.609197 3885492.411979
9195936.584631 3928708.481352
9183595.272448 3957471.146057
9164914.662703 4000542.366401
9152348.673138 4029207.585283
9146032.049514 4043525.410982
9133331.621929 4072131.319576
9120541.724331 4100697.337617
9107662.482009 4129223.185274
9101189.395969 4143470.957868
9081636.468729 4186153.252074
9068489.952721 4214556.913531
9061883.373575 4228743.279477
9048603.653896 4257084.908092
9028517.915231 4299519.072448
9021778.425437 4313642.781029
9015016.841319 4327755.925504
8994599.688886 4370031.628797
8973984.286914 4412211.012432
8960130.771172 4440276.631415
8939185.965193 4482293.417404
8918044.131044 4524211.409379
8910953.149373 4538161.959393
8889549.336615 4579946.789198
8875171.246517 4607747.317833
8853441.141098 4649363.393102
8838845.964258 4677050.568479
8831515.897407 4690876.991976
8809395.998698 4732287.199455
8801979.526601 4746067.468262
8779600.847009 4787338.401158
8772098.260273 4801071.975311
8749461.676681 4842202.016469
8734263.453054 4869562.807136
8711305.737971 4910514.467914
8703610.473284 4924141.014364
8680396.864083 4964948.165088
8656991.930672 5005645.883628
8649147.858751 5019187.316435
8633396.188916 5046233.272967
8625488.629579 5059737.730457
8601639.286425 5100176.623042
8577600.354953 5140503.102879
8561469.335273 5167324.532210
8537115.602752 5207461.683512
8512573.704076 5247484.057401
8496108.168493 5274101.439039
8487844.180171 5287390.771746
8479559.405130 5300667.155639
8471253.863659 5313930.558206
8462927.576099 5327180.946964
8454580.562841 5340418.289463
8437824.441047 5366853.706042
8420985.662421 5393236.548984
8412535.328312 5406408.174556
8387060.795289 5445843.480686
8369975.039110 5472067.054110
8361401.403461 5485158.755242
8335557.718386 5524353.131676
8326902.300975 5537390.908182
8300813.778345 5576422.743770
8283319.751021 5602375.737341
8256926.620106 5641202.246878
8230351.498668 5679904.418947
8212533.934286 5705636.369258
8203594.972447 5718481.400516
8185656.798930 5744129.417947
8158599.243905 5782495.860556
8149540.068600 5795256.393835
8140460.935082 5808002.734538
8113104.007843 5846156.289214
8094766.674226 5871520.458096
8076350.044365 5896827.109631
8048576.813977 5934678.699771
8020626.185293 5972399.483942
7992498.774372 6009988.630743
7983083.792831 6022488.950313
7954721.637306 6059901.292346
7926184.152144 6097180.068384
7907062.067137 6121957.976534
7878233.765576 6159012.318135
7858918.389726 6183639.845885
7849231.820243 6195930.909241
7820056.870368 6232712.936131
7800511.107546 6257158.017907
7790709.558994 6269357.588094
7761190.532966 6305864.057447
7741416.106391 6330124.538089
7711612.336970 6366398.916521
7701639.943221 6378459.232839
7681638.596273 6402532.973461
7671609.692057 6414546.338810
7661562.000079 6426543.994943
7641410.351312 6450492.062073
7631306.443873 6462442.414421
7611042.586608 6486295.610350
7580507.067279 6521956.194496
7549804.466358 6557473.028519
7539533.253665 6569279.893327
7529243.576666 6581070.669977
7518935.460559 6592845.329594
7508608.930589 6604603.843341
7477519.110623 6639782.221599
7446264.479018 6674814.252736
7414845.724654 6709699.164611
7383263.540031 6744436.188329
7351518.621251 6779024.558253
7330265.279577 6802000.509485
7308940.130707 6824909.828396
7298250.693828 6836339.430575
7287543.383543 6847752.290568
7266075.247686 6870527.672237
7244535.933438 6893235.750294
7212093.964334 6927171.186684
7179493.033812 6960953.941626
7157671.122932 6983390.587383
7124806.855228 7016917.220239
7091785.549999 7050289.193560
7058607.935065 7083505.771794
7047514.120889 7094543.305659
7025274.741692 7116566.222818
7002966.542982 7138519.426175
6991786.704575 7149469.817947
6958144.561823 7182215.831954
6946896.396606 7193096.027082
6913049.933710 7225630.810803
6901733.882430 7236440.382959
6890400.928812 7247232.233082
6856300.931688 7279501.187178
6833483.598518 7300924.729703
6799132.154926 7332925.878519
6764630.851989 7364765.402667
6729980.450148 7396442.600374
6706797.726544 7417470.205887
6695181.713130 7427956.773445
6683549.303226 7438425.149946
6671900.525318 7448875.309754
6636856.269052 7480116.233318
6625142.304809 7490493.270876
6589903.177239 7521514.216872
6578124.485659 7531817.725567
6554518.801930 7552369.381534
6518989.958787 7583058.084786
6483317.430899 7613579.650217
6471394.794131 7623716.247244
6447502.004522 7643933.405105
6411544.469063 7674118.680424
6375445.617060 7704134.810861
6339206.244166 7733981.134832
6302827.149131 7763656.994495
6266309.133785 7793161.735768
6254105.729852 7802958.510708
6229653.003021 7822494.708337
6192859.564773 7851655.265675
6180564.712663 7861337.025760
6168254.724358 7870999.533442
6155929.630005 7880642.765056
6143589.459789 7890266.696986
6118864.012687 7909456.567568
6094078.625263 7928568.957202
6069233.540314 7947603.678665
6031854.512588 7976009.725356
6006861.249896 7994849.462279
5981809.144059 8013610.881747
5956698.440488 8032293.799973
5944121.191399 8041605.763898
5931529.385166 8050898.033941
5906302.224650 8069423.401402
5868353.077376 8097063.181133
5830274.586013 8124524.493882
5817553.157409 8133638.500740
5779303.513308 8160860.916660
5740926.487855 8187903.459436
5702422.926918 8214765.533024
5689560.434210 8223679.350843
5663793.679150 8241446.545360
5650889.479901 8250299.878546
5612093.974609 8276738.561786
5586161.531577 8294263.037975
5547160.342859 8320397.354130
5521091.572375 8337718.383914
5494968.717340 8354957.737502
5455683.586180 8380663.255822
5429426.640481 8397697.681843
5416278.206560 8406184.056345
5389941.577576 8423095.024415
5376753.447011 8431519.576568
5337110.178698 8456669.258073
5323869.571594 8465011.091821
5297349.275396 8481632.546536
5270777.086424 8498170.915275
5244153.264979 8514626.036028
5217478.071868 8530997.747601
5190751.768402 8547285.889616
5163974.616390 8563490.302516
5150567.054131 8571561.060910
5123714.121284 8587639.582758
5096810.996592 8603633.980186
5056362.776477 8627467.500528
5042855.226331 8635369.775885
5015803.109312 8651110.863272
4975132.889072 8674563.547296
4947958.433108 8690092.481915
4907105.950959 8713226.221444
4879810.819798 8728542.052541
4838778.576920 8751355.431220
4825077.417612 8758917.051442
4811364.441696 8766457.221089
4783903.174401 8781473.134842
4742623.489410 8803835.666214
4715045.569859 8818636.247978
4673592.171580 8840675.099434
4632035.762880 8862519.093993
4590377.259703 8884167.750195
4562548.658433 8898491.430542
4548617.580240 8905620.590882
4520722.039323 8919813.464596
4506757.644915 8926877.143212
4464798.376362 8947936.938671
4422740.699401 8968799.513082
4380585.541025 8989464.406613
4338333.830374 9009931.163790
4324228.631661 9016709.307787
4295986.498714 9030199.333507
4267702.282333 9043600.899496
4253544.479422 9050268.469033
4225197.657526 9063537.099545
4196809.445641 9076716.943751
4168380.121858 9089807.872540
4154150.130019 9096319.953545
4111399.252973 9115722.471788
4082848.266054 9128545.888387
4054257.283600 9141279.881853
4039946.881556 9147613.305896
3996956.452782 9166479.101300
3968247.165737 9178944.080428
3925110.436464 9197472.917142
3881887.194021 9215799.032797
3838578.391087 9233922.023467
3824123.274934 9239917.812303
3809658.793508 9245890.972592
3795184.982232 9251841.489706
3751707.923887 9269557.036550
3737197.147905 9275416.835792
3693610.047873 9292859.883494
3649941.537159 9310098.107717
3635367.441964 9315798.600330
3606192.578258 9327131.128515
3591591.881197 9332763.136334
3562364.135441 9343958.570463
3518457.174726 9360580.062668
3474472.663865 9376995.238777
3430411.572319 9393203.736984
3400995.445974 9403894.404791
3356808.878884 9419757.648191
3342063.533432 9424999.275252
3297778.533365 9440585.614509
3253420.847120 9455963.874271
3223809.157822 9466100.280155
3179332.501362 9481130.989802
3149642.405637 9491035.386965
3105049.502031 9505717.626247
3090169.943749 9510565.162952
3075282.817646 9515389.408295
3030576.397079 9529722.278297
3015659.364457 9534453.240620
2970864.100732 9548505.982351
2940964.152424 9557757.574565
2896060.303474 9571459.382907
2851092.622598 9584950.227172
2821079.195890 9593826.774052
2806062.100926 9598229.810009
2760969.730975 9611297.838723
2730874.281600 9619892.185368
2685681.040464 9632606.986112
2640428.604361 9645109.475028
2610227.920027 9653326.380348
2564879.042739 9665474.406159
2519473.633076 9677409.395713
2504326.106710 9681340.338571
2458846.877524 9692990.871392
2413313.453012 9704427.761466
2382928.223713 9711933.539756
2337306.704460 9723013.800735
2306863.675915 9730281.598224
2261156.855083 9741004.551724
2245910.123236 9744531.169756
2215400.196201 9751512.804210
2184868.567131 9758398.912955
2154315.535113 9765189.428535
2108446.511329 9775195.819464
2062531.015377 9784986.755771
2047215.697799 9788202.484966
2016570.059277 9794562.021654
2001239.813384 9797705.813573
1985904.666457 9800825.610924
1939870.195093 9810040.959455
1924515.819708 9813064.702716
1878424.565203 9821991.710078
1832291.908431 9830702.231392
1801514.304749 9836388.880569
1755314.904214 9844738.167521
1709076.814868 9852870.467071
1662801.055842 9860785.599976
1631930.125876 9865941.620761
1585593.851031 9873494.423940
1539222.628189 9880829.605902
1523757.964318 9883226.278204
1477341.734154 9890271.047880
1430892.941973 9897097.826566
1399909.496048 9901527.831748
1368912.336625 9905860.841675
1322391.548949 9912178.397873
1291361.434528 9916268.736042
1244792.638868 9922222.094179
1198196.406793 9927956.757095
1151573.765328 9933472.598392
1120477.839906 9937028.198122
1089370.938296 9940486.454837
1042690.672137 9945491.247909
995987.424083 9950276.832886
964839.665979 9953345.388308
949262.223518 9954843.104289
902516.100310 9959189.961472
871340.903267 9961965.921960
824562.198825 9965946.878258
793366.235460 9968478.821587
746557.813794 9972093.633268
715342.994069 9974381.404420
684121.166852 9976571.466644
637275.956041 9979673.309074
606037.948326 9981619.007215
590416.699062 9982555.190004
559169.901006 9984354.211556
512289.529049 9986869.351224
481029.610980 9988423.825277
465397.865744 9989164.370785
418495.944626 9991239.219653
387222.808922 9992500.112397
355945.879987 9993663.118723
340306.088803 9994207.910881
309024.044512 9995224.066519
293381.868014 9995695.427509
262095.397853 9996564.710060
215160.974362 9997685.019799
183868.660200 9998309.472896
136926.907551 9999062.507155
121278.934906 9999264.543953
74333.388190 9999723.723554
43035.382962 9999907.397362
27386.203096 9999962.499724
11736.956160 9999993.112191
-3912.319519 9999999.234688
-35210.803808 9999938.009773
-66508.943173 9999778.825578
-82157.787697 9999662.499201
-113454.834809 9999356.379311
-129102.960750 9999166.586547
-176045.288251 9998450.282743
-191691.919575 9998162.541586
-222983.735546 9997513.603576
-254273.367171 9996766.730036
-301203.048469 9995462.806874
-332485.878289 9994471.128616
-379403.920336 9992800.041291
-426313.599959 9990908.703141
-457581.563324 9989525.469856
-473213.883224 9988797.155850
-520103.736405 9986465.445961
-566982.126005 9983913.624866
-598227.506826 9982090.154375
-629467.027418 9980168.899442
-676314.650967 9977103.712646
-707538.182271 9974938.081042
-738754.782539 9972674.735059
-769964.145973 9970313.696866
-801165.966847 9967854.989594
-847953.887263 9963983.852108
-879135.514676 9961281.079602
-910308.530087 9958480.726499
-925891.712860 9957043.965759
-941472.628125 9955582.820232
-988201.387329 9951053.111007
-1003772.851045 9949494.462710
-1034908.365633 9946304.071098
-1050472.340254 9944672.335596
-1097148.676053 9939631.018435
-1143800.829651 9934370.622344
-1174888.323022 9930742.038157
-1221497.888207 9925116.770553
-1252556.037845 9921245.051507
-1299120.160962 9915255.256794
-1345655.650234 9909046.920415
-1361160.939616 9906928.933654
-1392161.479974 9902620.179209
-1423148.382733 9898214.418809
-1454121.344347 9893711.695613
-1485080.061404 9889112.053730
-1531490.765081 9882030.967189
-1577867.713243 9874732.071277
-1593319.018041 9872250.731558
-1608766.420803 9869745.214710
-1639649.368905 9864661.674231
-1685943.580337 9856855.190370
-1716785.806576 9851530.160048
-1747611.215201 9846108.624249
-1793817.134607 9837795.489213
-1809210.371913 9834976.249598
-1855363.348571 9826374.043602
-1901475.431254 9817555.254967
-1932193.598893 9811555.834647
-1962892.838786 9805460.300437
-2008905.551306 9796136.916455
-2024233.332603 9792981.130135
-2039556.156554 9789801.360817
-2054873.985636 9786597.616289
-2070186.782333 9783369.904397
-2100797.128586 9776842.610195
-2116094.603177 9773543.043871
-2146673.967968 9766872.113182
-2161955.783280 9763500.765153
-2192503.492612 9756686.345009
-2223029.724204 9749776.348476
-2238284.692391 9746285.530181
-2268778.146751 9739232.296276
-2299249.376186 9732083.656962
-2329698.082200 9724839.682267
-2344913.895704 9721181.966291
-2390526.731088 9710066.011514
-2405719.350388 9706313.121220
-2420906.078085 9702536.460178
-2436086.876987 9698736.037638
-2466430.539705 9691063.945347
-2481593.329211 9687192.294386
-2496750.041299 9683296.919504
-2527045.084757 9675435.036194
-2542183.341935 9671468.547020
-2587560.610430 9659427.006161
-2632880.846626 9647172.562335
-2663062.159476 9638884.786881
-2708285.122690 9626276.107312
-2723346.227795 9622026.050867
-2738400.663428 9617752.430092
-2783523.584900 9604790.286743
-2828585.154862 9591616.444672
-2843591.872810 9587178.169873
-2858591.626806 9582716.416088
-2888570.096018 9573722.515322
-2933484.652391 9560055.846813
-2963391.830582 9550827.653059
-2993269.979421 9541505.899506
-3008198.076357 9536809.966304
-3052938.018582 9522582.079179
-3097610.671146 9508144.305279
-3112486.431851 9503285.127341
-3157067.833484 9488568.000219
-3186750.170288 9478640.374662
-3201579.650337 9473641.736025
-3231215.052145 9463574.868240
-3260818.801007 9453415.295384
-3305164.440741 9438002.332044
-3349437.231504 9422381.346147
-3393636.197482 9406552.681995
-3408352.612208 9401230.370056
-3452451.630021 9385125.345054
-3496474.552512 9368813.462954
-3525780.413095 9357824.131636
-3569674.354652 9341168.288910
-3584288.232004 9335570.570132
-3613489.617188 9324306.557942
-3657225.234973 9307239.310380
-3671785.908737 9301504.622393
-3715413.834310 9284163.938655
-3729938.325545 9278338.218002
-3758959.868625 9266618.623104
-3787944.588977 9254808.252516
-3802423.051886 9248869.062457
-3816892.202667 9242907.221931
-3860243.427999 9224885.943826
-3903509.569891 9206661.340452
-3946689.674716 9188233.813497
-3961063.759091 9182046.280455
-4004127.667687 9163348.821302
-4032787.968158 9150771.617950
-4061408.763485 9138104.773742
-4075704.259088 9131737.775060
-4104265.271127 9118936.702501
-4132786.077829 9106046.300942
-4147031.316855 9099567.641214
-4175491.291821 9086543.483191
-4218104.474010 9066840.389371
-4260624.685161 9046937.453757
-4303050.988087 9026835.115029
-4317172.058883 9020090.100104
-4345382.447673 9006533.816261
-4359471.696580 8999722.580542
-4387618.130893 8986034.004913
-4429757.106832 8965336.132821
-4443781.781046 8958392.907349
-4485790.369542 8937431.664663
-4499771.306682 8930400.785383
-4527700.086947 8916273.432475
-4541647.861676 8909176.993445
-4569510.009533 8894918.677131
-4583424.314427 8887756.834765
-4625099.744143 8866140.781464
-4666673.232257 8844329.309978
-4708143.862450 8822322.901055
-4735733.354479 8807543.902546
-4749510.720671 8800122.039735
-4790772.895153 8777727.215348
-4804503.533004 8770219.256173
-4845624.714859 8747566.582927
-4859308.086350 8739972.821579
-4886639.094532 8724721.104986
-4927545.768028 8701683.325885
-4954756.601582 8686218.223087
-4995481.762358 8662861.072530
-5036096.817960 8639312.984268
-5076600.873193 8615574.477323
-5103541.468846 8599643.276076
-5116993.035310 8591646.074914
-5143858.540799 8575588.569437
-5184062.237212 8551344.848660
-5224151.671958 8526912.648103
-5264125.961428 8502292.506273
-5303984.224550 8477484.965821
-5317244.376708 8469174.235920
-5343725.582810 8452490.573531
-5383349.160271 8427309.880301
-5409699.013414 8410419.524867
-5422854.083591 8401943.441138
-5435995.873206 8393446.781060
-5462239.482045 8376391.815143
-5488429.582847 8359254.794186
-5501504.487540 8350655.565498
-5514565.919056 8342035.886065
-5527613.845407 8333395.776997
-5553669.054831 8316054.354645
-5566676.274095 8307353.083831
-5605616.007938 8281127.288694
-5644432.188668 8254718.969628
-5683123.960738 8228128.708697
-5721690.471347 8201357.091976
-5734517.992001 8192393.020322
-5760130.870450 8174404.709537
-5785687.322721 8156336.322376
-5798444.310784 8147272.155435
-5823915.654557 8129083.985826
-5836629.947886 8119960.027699
-5862015.621746 8101652.476526
-5874686.940108 8092468.928314
-5887343.871368 8083265.561657
-5925228.032755 8055536.776643
-5937827.105999 8046254.362078
-5962981.596476 8027630.439930
-5988077.673652 8008927.879205
-6025611.726859 7980726.991768
-6038093.605315 7971287.575634
-6075450.394894 7942852.289901
-6100280.578256 7923798.133884
-6112673.275762 7914241.936142
-6149761.427492 7885457.144956
-6162094.063552 7875823.560234
-6199001.305344 7846807.173388
-6223530.276691 7827366.791911
-6247998.282405 7807849.733637
-6284585.456263 7778430.795664
-6308900.000573 7758722.883489
-6321034.111873 7748840.413670
-6333152.742970 7738938.966952
-6357343.445875 7719079.239857
-6369415.458440 7709121.008117
-6381471.872315 7699143.896749
-6405537.785929 7679133.132915
-6429540.950967 7659047.144380
-6453481.132296 7638886.127905
-6477358.095396 7618650.280989
-6489272.796993 7608504.358033
-6501171.606369 7598339.801861
-6524921.431939 7577954.889482
-6560426.251406 7547238.395590
-6572229.096883 7536962.564461
-6584015.846980 7526668.275320
-6619279.236531 7495674.912163
-6654396.730865 7464516.337195
-6677726.958490 7443652.508537
-6689367.555960 7433193.237181
-6724190.941026 7401706.302511
-6747324.240775 7380624.336047
-6770391.443813 7359470.069070
-6781900.188426 7348865.887621
-6793392.324173 7338243.708808
-6827768.796991 7306269.448552
-6839194.216246 7295575.540865
-6873369.867228 7263386.721653
-6884728.122299 7252621.504120
-6907394.022595 7231037.810482
-6941265.932421 7198529.520354
-6952522.607554 7187658.129839
-6974984.850139 7165862.567782
-6986190.362580 7154938.449616
-7019704.135319 7122061.067738
-7041960.739845 7100055.558831
-7053063.187095 7089026.708854
-7064148.361403 7077980.497860
-7086266.782645 7055836.101072
-7119314.190128 7022489.975945
-7130295.158168 7011340.168428
-7141258.664125 7000173.190148
-7163133.182433 6977787.830734
-7184937.530769 6955334.116989
-7217512.017526 6921525.863339
-7249927.423447 6887565.052669
-7282183.034065 6853452.433509
-7314278.138437 6819188.757733
-7346212.029155 6784774.780544
-7377984.002366 6750211.260459
-7388538.557295 6738656.986920
-7420093.551784 6703895.261918
-7441039.398714 6680638.642135
-7472321.432049 6645631.077342
-7503438.768307 6610477.036514
-7534390.721630 6575177.294478
-7565176.609809 6539732.629274
-7575401.551784 6527885.670662
-7585607.941611 6516022.725265
-7605964.964883 6492248.990371
-7636360.735272 6456469.214733
-7656531.116368 6432536.922870
-7666588.193002 6420547.132366
-7686645.995293 6396520.409023
-7696646.671828 6384483.535027
-7706628.499286 6372431.025440
-7726535.509235 6348279.217594
-7756254.046443 6311934.978043
-7775971.469736 6287628.145958
-7795612.719701 6263259.720340
-7805404.719530 6251052.484530
-7815177.603932 6238829.939900
-7824931.348975 6226592.116385
-7854077.509313 6189787.272411
-7883050.558305 6152845.999633
-7911849.857358 6115769.112272
-7940474.771708 6078557.427537
-7968924.670434 6041211.765610
-7978368.969157 6028733.581110
-7997198.926474 6003732.949624
-8006584.538956 5991210.563864
-8015950.543322 5978673.505637
-8025296.916637 5966121.805647
-8034623.636010 5953555.494633
-8053218.021615 5928379.162667
-8080961.626000 5890505.852566
-8090169.943749 5877852.522925
-8099358.448683 5865184.798431
-8117675.930142 5839806.289013
-8135913.890940 5814370.572918
-8163121.340293 5776110.281465
-8190148.866681 5737722.679043
-8216995.874390 5699208.611751
-8243661.771688 5660568.928475
-8252510.055662 5647661.266507
-8278933.558837 5608855.420526
-8305174.586435 5569925.950032
-8322566.943728 5543904.713031
-8331232.560078 5530873.713067
-8357106.905424 5491699.570380
-8365690.782231 5478614.581816
-8382797.052178 5452404.385407
-8391319.403423 5439279.241750
-8408302.434104 5412989.024249
-8425203.097149 5386645.781170
-8433622.489039 5373454.355661
-8458756.658906 5333801.251023
-8483704.389723 5294030.584327
-8491978.773938 5280747.721961
-8516677.064711 5240821.669874
-8524868.140472 5227487.272826
-8541187.639814 5200780.105089
-8549316.023428 5187407.399806
-8565509.959010 5160623.910159
-8581619.986953 5133789.867098
-8589643.486212 5120353.970164
-8613587.689494 5079971.172694
-8629445.050935 5052987.048557
-8645217.878431 5025953.425417
-8653072.543632 5012418.134458
-8660906.017470 4998870.568094
-8684279.099223 4958154.548498
-8707460.771198 4917329.246456
-8722808.627921 4890052.110219
-8738071.036111 4862727.071087
-8745670.150250 4849046.671566
-8768338.909683 4807934.355307
-8783344.078562 4780467.215408
-8798263.205902 4752953.246107
-8820480.249558 4711595.076739
-8842502.881433 4670133.059330
-8849800.472087 4656289.467403
-8871563.133928 4614690.407896
-8893130.258072 4572989.636218
-8900275.764347 4559066.935085
-8921581.432858 4517231.977315
-8942690.461222 4475297.455452
-8949683.025658 4461297.315832
-8963602.384174 4433264.293772
-8984316.740796 4391133.418727
-9004833.074523 4348905.758920
-9018400.394134 4320700.675941
-9025150.933157 4306582.245091
-9038585.686977 4278313.777550
-9045269.868872 4264163.810089
-9058571.760786 4235832.581050
-9071784.915034 4207459.857844
-9084909.202179 4179045.918409
-9091437.980377 4164823.579571
-9110890.661773 4122095.504622
-9123747.579707 4093559.588156
-9130142.530464 4079276.574763
-9149193.162122 4036367.733765
-9161781.577337 4007712.356091
-9168042.136852 3993369.927380
-9174280.243844 3979017.718912
-9186689.039206 3950284.103320
-9205133.458187 3907111.211237
-9217317.045804 3878281.381892
-9229410.340688 3849413.560946
-9247380.725238 3806041.213978
-9253325.579279 3791565.075778
-9259247.771938 3777079.652040
-9276878.236868 3733568.022460
-9282709.639520 3719045.811544
-9288518.308829 3704514.492690
-9300067.390570 3675424.673539
-9305807.774718 3660866.244483
-9317220.159280 3631722.525676
-9328541.272459 3602543.230556
-9334167.567588 3587940.331190
-9345351.566032 3558708.207659
-9356444.017518 3529441.223063
-9361955.879159 3514794.747446
-9367444.813384 3500139.664101
-9383773.917409 3456123.126708
-9389171.008101 3441433.971564
-9399896.194123 3412030.413070
-9415811.288176 3367862.495034
-9421070.218175 3353123.311813
-9426306.075985 3338375.916797
-9436708.523806 3308856.635867
-9452138.835398 3264517.029571
-9467360.812852 3220105.470211
-9472388.450740 3205285.796664
-9482374.120659 3175622.936661
-9487332.128237 3160779.822849
-9502066.695901 3116204.182438
-9511773.408315 3086448.870283
-9521386.943504 3056663.323310
-9530907.207295 3026847.833298
-9540334.106426 2997002.692319
-9554299.194631 2952180.024909
-9558907.442244 2937224.627197
-9568053.696986 2907292.288640
-9581597.310329 2862340.472882
-9594929.736145 2817325.568415
-9608050.680575 2772248.567409
-9612377.282735 2757209.272861
-9625215.802927 2712051.022213
-9633656.973152 2681912.251293
-9637842.174199 2666832.995378
-9650256.118254 2621556.189005
-9658413.930525 2591339.488883
-9662457.361476 2576221.601037
-9670473.223499 2545966.934896
-9674445.634940 2530830.230693
-9682319.370037 2500538.265374
-9686220.674411 2485383.078442
-9697782.220358 2439881.145981
-9701588.581821 2424701.835088
-9712865.074150 2379128.422630
-9723927.485685 2333502.571916
-9727567.340409 2318282.475846
-9734775.572601 2287825.288584
-9745409.095796 2242097.579404
-9748905.882056 2226843.978104
-9752378.793258 2211584.923266
-9762654.191759 2165775.411284
-9769384.927772 2135209.154398
-9772714.412068 2119918.163551
-9776019.963000 2104621.981027
-9782559.232448 2074014.190803
-9792188.435908 2028064.504808
-9801601.810214 1982070.118340
-9804691.603616 1966728.897936
-9813816.883791 1920676.487966
-9822725.858098 1874581.744457
-9825647.414153 1859207.598075
-9834267.676010 1813057.990407
-9839894.108434 1782269.321623
-9848153.006059 1736053.676952
-9856194.841015 1689799.768005
-9858827.185745 1674373.471366
-9861435.386220 1658943.074189
-9866579.328917 1628070.129385
-9871626.618713 1597181.236025
-9879016.221324 1550818.654393
-9883821.664631 1519891.213795
-9886188.081012 1504421.891241
-9888530.286133 1488948.884360
-9893142.039704 1457991.969199
-9895411.576860 1442508.136732
-9899877.944126 1411529.911626
-9902074.763296 1396035.594851
-9904247.332299 1380537.859188
-9910619.485390 1334024.518442
-9912695.001109 1318513.486843
-9914746.240651 1302999.226206
-9916773.198993 1287481.774526
-9918775.871170 1271961.169805
-9920754.252279 1256437.450052
-9922708.337473 1240910.653286
-9928424.770015 1194312.181194
-9933922.370623 1147687.385324
-9939201.018125 1101037.293332
-9942598.418191 1069923.686339
-9947511.887685 1023233.719324
-9950665.733483 992094.481632
-9953722.102672 960945.525395
-9955213.724145 945367.498172
-9958123.822581 914204.536272
-9960936.371350 883032.618835
-9963651.342898 851852.051219
-9966268.710631 820663.138871
-9968788.448908 789466.187316
-9972384.947362 742656.355003
-9974660.506104 711440.642618
-9977890.628148 664604.102247
-9978918.467270 648988.615911
-9981855.344719 602132.773658
-9983691.039261 570888.108628
-9984572.212573 555263.659826
-9986261.200485 524010.720970
-9987069.010949 508382.307454
-9988611.255004 477121.783617
-9989345.684817 461489.749853
-9991402.183996 414587.020577
-9992650.841594 383313.393965
-9993801.611297 352036.012418
-9994340.284628 336396.009291
-9995344.201652 305113.569842
-9996666.485105 258184.402272
-9997425.600092 226895.065242
-9997768.432512 211249.544072
-9998380.643008 179956.987998
-9998894.909480 148662.669068
-9999482.653387 101718.555918
-9999629.591163 86069.968887
-9999923.468874 39123.096380
-9999996.938751 7824.638439
-9999923.468874 -39123.096379
-9999849.999176 -54772.200793
-9999482.653387 -101718.555917
-9998894.909480 -148662.669067
-9998380.643008 -179956.987997
-9997425.600092 -226895.065241
-9997058.283990 -242540.030746
-9996666.485105 -258184.402271
-9996250.204398 -273828.141502
-9995344.201652 -305113.569841
-9994854.481833 -320755.182330
-9993238.463159 -367675.153409
-9992650.841594 -383313.393964
-9992038.748040 -398950.695785
-9991402.183996 -414587.020576
-9990055.650736 -445856.585899
-9989345.684817 -461489.749852
-9987852.363095 -492752.648910
-9987069.010950 -508382.307454
-9984572.212573 -555263.659825
-9983691.039261 -570888.108627
-9982785.415904 -586511.159325
-9980900.827983 -617752.913368
-9979921.868034 -633371.540202
-9977890.628148 -664604.102246
-9974660.506104 -711440.642617
-9973534.939320 -727049.389081
-9970011.699250 -773864.792334
-9966268.710631 -820663.138871
-9963651.342898 -851852.051219
-9962306.055961 -867443.397210
-9959542.292418 -898619.677912
-9958123.822581 -914204.536271
-9955213.724145 -945367.498172
-9950665.733483 -992094.481632
-9949100.993252 -1007665.334363
-9945898.420675 -1038799.598385
-9940911.890798 -1085481.819006
-9939201.018125 -1101037.293331
-9935706.253758 -1132140.114575
-9933922.370623 -1147687.385323
-9930281.624294 -1178773.456697
-9926543.601038 -1209847.980820
-9924638.121968 -1225380.817531
-9922708.337473 -1240910.653285
-9918775.871170 -1271961.169804
-9916773.198993 -1287481.774525
-9912695.001109 -1318513.486842
-9906395.645813 -1365036.742588
-9902074.763296 -1396035.594851
-9899877.944126 -1411529.911625
-9895411.576860 -1442508.136731
-9890848.274255 -1473472.231045
-9883821.664631 -1519891.213795
-9881431.042783 -1535356.814137
-9876577.206168 -1566276.696695
-9871626.618713 -1597181.236025
-9869115.058540 -1612627.657366
-9861435.386221 -1658943.074188
-9853538.358477 -1705221.926326
-9845424.149367 -1751463.193749
-9839894.108434 -1782269.321623
-9834267.676010 -1813057.990407
-9828544.907212 -1843828.898495
-9819780.246200 -1889951.299990
-9810799.147884 -1936032.045160
-9807757.385342 -1951382.861015
-9798488.012701 -1997406.484657
-9792188.435909 -2028064.504807
-9789002.672056 -2043386.083559
-9779301.572472 -2089320.644286
-9769384.927772 -2135209.154398
-9759252.956527 -2181050.602466
-9752378.793258 -2211584.923265
-9741888.443043 -2257345.689809
-9731183.372333 -2303056.702306
-9727567.340409 -2318282.475846
-9723927.485685 -2333502.571915
-9716576.343554 -2363925.582560
-9705371.184107 -2409516.586103
-9701588.581821 -2424701.835087
-9697782.220358 -2439881.145980
-9690098.257244 -2470221.804809
-9678394.353676 -2515687.328490
-9670473.223500 -2545966.934895
-9662457.361477 -2576221.601037
-9654346.846131 -2606451.030540
-9642003.772183 -2651747.208391
-9629448.179293 -2696984.939208
-9620959.854421 -2727110.463406
-9616680.344197 -2742163.225910
-9603700.548311 -2787281.072724
-9590509.077722 -2832337.485209
-9581597.310329 -2862340.472881
-9577106.223183 -2877331.470280
-9568053.696987 -2907292.288640
-9554299.194631 -2952180.024908
-9549667.548553 -2967128.192734
-9545012.515351 -2982069.094068
-9530907.207295 -3026847.833297
-9526158.740175 -3041759.302936
-9511773.408315 -3086448.870283
-9506931.693340 -3101330.323937
-9502066.695902 -3116204.182437
-9492266.901350 -3145928.968291
-9487332.128237 -3160779.822849
-9477392.890761 -3190458.273376
-9472388.450740 -3205285.796663
-9462309.989410 -3234917.257723
-9457235.992783 -3249721.122928
-9441875.088342 -3294084.822245
-9436708.523807 -3308856.635866
-9426306.075985 -3338375.916796
-9415811.288176 -3367862.495034
-9399896.194123 -3412030.413070
-9389171.008101 -3441433.971564
-9378353.845867 -3470803.817809
-9372910.806748 -3485476.008918
-9356444.017518 -3529441.223062
-9339771.003354 -3573328.644962
-9334167.567589 -3587940.331189
-9317220.159281 -3631722.525675
-9305807.774718 -3660866.244482
-9294304.230569 -3689974.101485
-9282709.639520 -3719045.811544
-9265147.288713 -3762584.978238
-9253325.579279 -3791565.075777
-9247380.725238 -3806041.213978
-9235423.091301 -3834965.491979
-9217317.045804 -3878281.381891
-9199007.841866 -3921511.790789
-9192859.697186 -3935902.766564
-9174280.243844 -3979017.718911
-9155498.580632 -4022044.969919
-9149193.162122 -4036367.733765
-9136515.121514 -4064983.571227
-9117330.284905 -4107832.576427
-9110890.661773 -4122095.504621
-9091437.980378 -4164823.579571
-9084909.202179 -4179045.918408
-9071784.915034 -4207459.857843
-9065189.438229 -4221651.388856
-9058571.760787 -4235832.581050
-9038585.686977 -4278313.777549
-9025150.933158 -4306582.245090
-9011627.769061 -4334808.525400
-9004833.074524 -4348905.758920
-8984316.740796 -4391133.418726
-8970529.144165 -4419231.479984
-8963602.384174 -4433264.293771
-8942690.461222 -4475297.455451
-8921581.432859 -4517231.977314
-8914501.369159 -4531188.071495
-8907399.473858 -4545133.068802
-8893130.258073 -4572989.636217
-8871563.133929 -4614690.407895
-8864330.616127 -4628568.107741
-8857076.389591 -4642434.472230
-8849800.472087 -4656289.467403
-8842502.881434 -4670133.059329
-8835183.635502 -4683965.214105
-8813096.145555 -4725392.716929
-8790814.406578 -4766716.067598
-8768338.909683 -4807934.355307
-8760804.105568 -4821650.280128
-8745670.150251 -4849046.671565
-8730450.522447 -4876395.561796
-8722808.627922 -4890052.110219
-8715145.371250 -4903696.682910
-8699754.846587 -4930949.767468
-8692027.616287 -4944558.212591
-8684279.099224 -4958154.548497
-8668718.280761 -4985310.759501
-8645217.878431 -5025953.425416
-8629445.050936 -5052987.048557
-8621526.927269 -5066485.314533
-8597645.949445 -5106905.533490
-8573575.471320 -5147213.191387
-8549316.023428 -5187407.399805
-8533038.338843 -5214140.073668
-8508465.131619 -5254143.232157
-8491978.773938 -5280747.721960
-8483704.389724 -5294030.584326
-8467093.311868 -5320557.381339
-8458756.658907 -5333801.251022
-8433622.489040 -5373454.355660
-8408302.434104 -5412989.024249
-8391319.403424 -5439279.241749
-8365690.782232 -5478614.581816
-8348502.562073 -5504771.109779
-8339877.773251 -5517829.168001
-8331232.560078 -5530873.713067
-8313880.945423 -5556922.135978
-8305174.586435 -5569925.950031
-8296447.888085 -5582916.123343
-8287700.871745 -5595892.624101
-8261338.129250 -5634739.773424
-8252510.055662 -5647661.266506
-8234793.298997 -5673462.727717
-8216995.874390 -5699208.611750
-8208066.966060 -5712060.633490
-8199117.956185 -5724898.666401
-8181159.719513 -5750532.640009
-8172150.536696 -5763328.517929
-8154072.152418 -5788877.899314
-8135913.890940 -5814370.572917
-8117675.930143 -5839806.289012
-8099358.448683 -5865184.798430
-8080961.626001 -5890505.852565
-8053218.021615 -5928379.162666
-8043930.678600 -5940974.603369
-8025296.916637 -5966121.805647
-8015950.543323 -5978673.505637
-8006584.538956 -5991210.563863
-7997198.926475 -6003732.949623
-7987793.728864 -6016240.632249
-7978368.969157 -6028733.581109
-7968924.670435 -6041211.765609
-7949977.548510 -6066123.719328
-7940474.771708 -6078557.427537
-7911849.857359 -6115769.112272
-7892669.661631 -6140502.065171
-7873412.149400 -6165174.865783
-7863754.458519 -6177488.633427
-7854077.509314 -6189787.272411
-7834665.930772 -6214339.043953
-7815177.603933 -6238829.939900
-7805404.719530 -6251052.484529
-7795612.719702 -6263259.720339
-7775971.469737 -6287628.145958
-7756254.046443 -6311934.978042
-7726535.509235 -6348279.217593
-7716591.453222 -6360362.909776
-7686645.995293 -6396520.409023
-7676626.494172 -6408541.617949
-7656531.116368 -6432536.922870
-7636360.735273 -6456469.214732
-7605964.964883 -6492248.990371
-7585607.941611 -6516022.725265
-7565176.609810 -6539732.629274
-7534390.721631 -6575177.294477
-7524091.821924 -6586960.016218
-7513774.495728 -6598726.606502
-7493084.664975 -6622211.277475
-7472321.432050 -6645631.077342
-7441039.398714 -6680638.642135
-7420093.551785 -6703895.261918
-7409593.357786 -6715498.959292
-7399075.017703 -6727086.210418
-7388538.557295 -6738656.986920
-7377984.002366 -6750211.260459
-7367411.378765 -6761749.002740
-7335585.355065 -6796262.759676
-7314278.138437 -6819188.757732
-7303597.648081 -6830626.720510
-7282183.034066 -6853452.433509
-7249927.423447 -6887565.052669
-7239140.007964 -6898902.227536
-7228334.863836 -6910222.507000
-7195813.324423 -6944081.695952
-7184937.530769 -6955334.116988
-7174044.141213 -6966569.504420
-7163133.182433 -6977787.830733
-7130295.158168 -7011340.168427
-7119314.190128 -7022489.975944
-7108315.786897 -7033622.585393
-7075216.235622 -7066916.952900
-7053063.187096 -7089026.708853
-7019704.135319 -7122061.067738
-6986190.362580 -7154938.449616
-6952522.607555 -7187658.129839
-6929992.258138 -7209383.281679
-6896069.516680 -7241838.524927
-6873369.867229 -7263386.721652
-6861994.779285 -7274134.151160
-6839194.216247 -7295575.540864
-6827768.796991 -7306269.448551
-6804867.822913 -7327603.558646
-6781900.188426 -7348865.887620
-6747324.240776 -7380624.336046
-6724190.941026 -7401706.302510
-6689367.555960 -7433193.237180
-6677726.958491 -7443652.508537
-6642707.157846 -7474920.843401
-6619279.236531 -7495674.912163
-6584015.846981 -7526668.275320
-6572229.096884 -7536962.564460
-6560426.251406 -7547238.395590
-6524921.431940 -7577954.889481
-6489272.796993 -7608504.358033
-6477358.095396 -7618650.280989
-6465427.530758 -7628777.545880
-6441518.929268 -7648976.002308
-6417547.226731 -7669099.529454
-6393512.657974 -7689147.930188
-6369415.458440 -7709121.008116
-6345255.864184 -7729018.567582
-6333152.742971 -7738938.966952
-6296750.438785 -7768586.352205
-6284585.456263 -7778430.795663
-6260209.348225 -7798062.510418
-6247998.282406 -7807849.733637
-6235771.915247 -7817617.835441
-6223530.276692 -7827366.791910
-6211273.396718 -7837096.579169
-6186714.032626 -7856498.550787
-6149761.427492 -7885457.144955
-6137413.730675 -7895071.418203
-6125051.003340 -7904666.356431
-6100280.578257 -7923798.133884
-6087872.941172 -7933334.926255
-6063012.969847 -7952350.201511
-6038093.605316 -7971287.575633
-6000603.730406 -7999547.166599
-5962981.596476 -8027630.439930
-5937827.106000 -8046254.362078
-5899986.384532 -8074042.399092
-5862015.621747 -8101652.476526
-5836629.947887 -8119960.027699
-5798444.310785 -8147272.155435
-5760130.870450 -8174404.709536
-5734517.992002 -8192393.020321
-5708848.938280 -8210301.078517
-5695993.424250 -8219224.958042
-5670240.579265 -8237012.308674
-5657343.311380 -8245875.736220
-5631507.242750 -8263541.987239
-5605616.007939 -8281127.288693
-5579669.860576 -8298631.468319
-5566676.274095 -8307353.083830
-5553669.054831 -8316054.354645
-5514565.919056 -8342035.886064
-5488429.582848 -8359254.794186
-5475341.236998 -8367833.551071
-5435995.873207 -8393446.781060
-5396530.694891 -8418875.011490
-5356946.571901 -8444117.681901
-5343725.582810 -8452490.573530
-5330491.506943 -8460842.765021
-5290711.082942 -8485774.934373
-5264125.961428 -8502292.506272
-5224151.671959 -8526912.648103
-5197438.121556 -8543221.697498
-5157272.414030 -8567528.304446
-5116993.035311 -8591646.074914
-5103541.468847 -8599643.276076
-5076600.873194 -8615574.477322
-5036096.817960 -8639312.984267
-4995481.762358 -8662861.072529
-4954756.601583 -8686218.223086
-4941157.235249 -8693961.420236
-4927545.768028 -8701683.325885
-4913922.233254 -8709383.921124
-4886639.094533 -8724721.104986
-4872979.557402 -8732357.656048
-4859308.086350 -8739972.821579
-4818222.404633 -8762689.818743
-4790772.895154 -8777727.215348
-4763276.455318 -8792678.625437
-4721944.390483 -8814944.195693
-4708143.862451 -8822322.901054
-4666673.232257 -8844329.309978
-4652826.786340 -8851621.484017
-4611219.215767 -8873367.869312
-4597327.394522 -8880573.226295
-4583424.314428 -8887756.834765
-4569510.009533 -8894918.677131
-4541647.861676 -8909176.993445
-4499771.306683 -8930400.785382
-4457795.572445 -8951427.742784
-4415721.584150 -8972257.402197
-4373550.269146 -8992889.304514
-4345382.447674 -9006533.816261
-4303050.988088 -9026835.115029
-4274777.266605 -9040258.808293
-4246461.669453 -9053593.943284
-4232288.254166 -9060228.260571
-4218104.474011 -9066840.389371
-4175491.291822 -9086543.483191
-4161266.399807 -9093066.696656
-4118530.717617 -9112502.659975
-4104265.271127 -9118936.702501
-4089989.773298 -9125348.412763
-4047103.321498 -9144449.393218
-4004127.667687 -9163348.821302
-3975428.142826 -9175836.260594
-3961063.759091 -9182046.280455
-3946689.674716 -9188233.813497
-3903509.569891 -9206661.340452
-3874674.976144 -9218833.647986
-3860243.427999 -9224885.943825
-3831352.005884 -9236922.745537
-3816892.202667 -9242907.221931
-3802423.051887 -9248869.062457
-3758959.868626 -9266618.623104
-3715413.834311 -9284163.938654
-3671785.908738 -9301504.622393
-3642655.604670 -9312951.204949
-3613489.617189 -9324306.557941
-3584288.232005 -9335570.570132
-3540420.409377 -9352295.083287
-3496474.552513 -9368813.462954
-3452451.630021 -9385125.345053
-3437760.364488 -9390516.688466
-3423060.679884 -9395885.034516
-3378911.471746 -9411851.957298
-3349437.231505 -9422381.346146
-3305164.440742 -9438002.332043
-3290390.606926 -9443163.116978
-3246020.901327 -9458506.663747
-3216401.289723 -9468619.896451
-3171912.885892 -9483615.800121
-3142215.049423 -9493496.962826
-3112486.431851 -9503285.127341
-3082727.324398 -9512980.197783
-3052938.018582 -9522582.079179
-3008198.076358 -9536809.966304
-2978334.551971 -9546178.465571
-2933484.652392 -9560055.846813
-2888570.096019 -9573722.515322
-2873584.380115 -9578231.194242
-2828585.154863 -9591616.444671
-2783523.584901 -9604790.286742
-2738400.663429 -9617752.430092
-2693217.385000 -9630502.589021
-2678143.051623 -9634705.485641
-2647974.745495 -9643040.482504
-2602673.742106 -9655365.834196
-2572441.141823 -9663464.522202
-2527045.084757 -9675435.036194
-2511900.638849 -9679377.830240
-2466430.539706 -9691063.945347
-2420906.078086 -9702536.460178
-2390526.731089 -9710066.011514
-2360123.966518 -9717500.443152
-2344913.895705 -9721181.966290
-2329698.082200 -9724839.682267
-2284016.558246 -9735669.897940
-2268778.146752 -9739232.296276
-2253534.179023 -9742770.843245
-2223029.724205 -9749776.348476
-2207769.311821 -9753243.289582
-2192503.492612 -9756686.345009
-2161955.783281 -9763500.765153
-2116094.603177 -9773543.043871
-2070186.782334 -9783369.904396
-2054873.985637 -9786597.616289
-2039556.156555 -9789801.360817
-1993572.850204 -9799268.712048
-1947545.603609 -9808520.078068
-1901475.431255 -9817555.254967
-1886109.343559 -9820518.904016
-1855363.348572 -9826374.043602
-1839983.516578 -9829265.519800
-1809210.371914 -9834976.249598
-1763017.518538 -9843361.683354
-1716785.806577 -9851530.160048
-1685943.580338 -9856855.190370
-1639649.368906 -9864661.674231
-1624209.883699 -9867215.526870
-1593319.018042 -9872250.731558
-1562412.544249 -9877189.227790
-1531490.765081 -9882030.967188
-1516024.230635 -9884415.538216
-1500553.983447 -9886775.902323
-1485080.061405 -9889112.053729
-1454121.344348 -9893711.695613
-1438636.625150 -9895975.174826
-1407656.655029 -9900429.422078
-1376662.895519 -9904786.684836
-1345655.650235 -9909046.920415
-1314635.222923 -9913210.087083
-1299120.160963 -9915255.256794
-1283601.917459 -9917276.144058
-1252556.037846 -9921245.051507
-1221497.888208 -9925116.770553
-1174888.323023 -9930742.038157
-1159345.995956 -9932568.492674
-1112702.131621 -9937901.889548
-1081592.533572 -9941335.805178
-1050472.340255 -9944672.335596
-1034908.365634 -9946304.071098
-1019341.856523 -9947911.448115
-972627.503510 -9952587.389188
-925891.712861 -9957043.965759
-894723.117970 -9959893.098933
-847953.887264 -9963983.852108
-832359.939509 -9965298.637326
-816763.953305 -9966589.017542
-769964.145974 -9970313.696866
-754360.387970 -9971506.426065
-707538.182272 -9974938.081042
-691927.263885 -9976033.112490
-645084.494494 -9979171.608654
-629467.027419 -9980168.899442
-613848.018779 -9981141.748810
-598227.506827 -9982090.154375
-551357.333657 -9984788.685326
-520103.736406 -9986465.445961
-473213.883225 -9988797.155850
-457581.563325 -9989525.469856
-410678.033071 -9991563.619031
-379403.920337 -9992800.041291
-363765.451082 -9993381.544632
-348126.090966 -9993938.574195
-301203.048470 -9995462.806874
-285560.507938 -9995921.928282
-238628.843560 -9997152.408312
-191691.919576 -9998162.541586
-176045.288252 -9998450.282743
-144750.770519 -9998952.305839
-97806.431018 -9999521.683663
-50859.935769 -9999870.662510
-35210.803809 -9999938.009773
-19561.585617 -9999980.867200
-3912.319520 -9999999.234688
11736.956160 -9999993.112191
58684.457434 -9999827.805240
89982.136902 -9999595.152557
105630.665248 -9999442.092565
121278.934905 -9999264.543953
152574.544861 -9998835.982666
183868.660199 -9998309.472896
230806.360207 -9997336.066377
277738.973024 -9996142.309054
309024.044511 -9995224.066519
324665.464209 -9994728.227238
340306.088802 -9994207.910881
355945.879986 -9993663.118723
402859.870075 -9991881.901078
449764.980748 -9989880.452843
481029.610979 -9988423.825277
512289.529048 -9986869.351225
543544.428736 -9985217.045913
590416.699061 -9982555.190004
606037.948325 -9981619.007215
637275.956041 -9979673.309074
652892.637991 -9978663.798488
684121.166851 -9976571.466645
715342.994068 -9974381.404420
730951.298980 -9973249.731082
746557.813793 -9972093.633268
793366.235459 -9968478.821587
824562.198824 -9965946.878259
840157.170578 -9964644.295143
871340.903266 -9961965.921960
886929.587833 -9960590.138452
933682.456315 -9956316.440872
964839.665978 -9953345.388308
1011557.663445 -9948706.000959
1042690.672136 -9945491.247909
1058253.365219 -9943847.334659
1073813.466641 -9942179.068940
1120477.839905 -9937028.198122
1136027.193681 -9935262.563980
1167117.516771 -9931658.305744
1213731.469256 -9926069.510160
1244792.638867 -9922222.094179
1260318.669944 -9920261.934555
1291361.434527 -9916268.736043
1306878.092009 -9914235.706933
1337901.767352 -9910096.813902
1353408.709236 -9907990.960117
1368912.336624 -9905860.841675
1399909.496047 -9901527.831748
1446379.427520 -9894846.464279
1477341.734153 -9890271.047880
1523757.964317 -9883226.278204
1554683.522505 -9878408.735462
1570140.609404 -9875963.672812
1601043.209540 -9871000.994893
1616488.647097 -9868483.391778
1631930.125875 -9865941.620761
1662801.055841 -9860785.599976
1709076.814867 -9852870.467071
1724493.747181 -9850183.821429
1770719.053451 -9841979.172592
1786118.866201 -9839196.074670
1832291.908430 -9830702.231392
1847673.998192 -9827822.790242
1878424.565202 -9821991.710078
1893792.967142 -9819040.085345
1909156.731186 -9816064.413795
1955219.819737 -9806993.191417
1985904.666456 -9800825.610924
2016570.059276 -9794562.021654
2047215.697798 -9788202.484966
2062531.015376 -9784986.755771
2093146.459629 -9778483.415057
2139031.086520 -9768548.818064
2154315.535112 -9765189.428535
2184868.567130 -9758398.912955
2200137.075731 -9754967.803534
2215400.196200 -9751512.804210
2261156.855082 -9741004.551724
2291633.668740 -9733879.757234
2322088.033581 -9726659.609768
2367726.836773 -9715650.756713
2398123.774862 -9708192.538286
2443675.041519 -9696826.918712
2489172.447251 -9685247.571841
2504326.106709 -9681340.338572
2519473.633075 -9677409.395713
2564879.042738 -9665474.406159
2610227.920026 -9653326.380348
2655519.265405 -9640965.586033
2700752.080611 -9628392.295657
2715816.506620 -9624154.025283
2760969.730974 -9611297.838723
2776007.331666 -9606965.353041
2791038.133920 -9602609.339914
2821079.195889 -9593826.774052
2836089.382032 -9589400.242827
2851092.622597 -9584950.227172
2866088.880840 -9580476.737988
2911035.394464 -9566915.539095
2955917.746096 -9553143.476276
2985803.179723 -9543845.104147
3000734.946487 -9539160.853080
3045486.007823 -9524967.977697
3060388.160177 -9520190.350463
3105049.502030 -9505717.626247
3149642.405636 -9491035.386965
3194165.888125 -9476143.956227
3223809.157821 -9466100.280155
3238618.968157 -9461043.662255
3268214.758458 -9450860.928646
3312548.324530 -9435413.271164
3342063.533431 -9424999.275253
3371546.003515 -9414492.952155
3400995.445973 -9403894.404792
3430411.572318 -9393203.736985
3459794.094390 -9382421.053461
3474472.663864 -9376995.238778
3489142.724359 -9371546.459846
3533101.492805 -9355062.471279
3547737.158324 -9349521.969355
3576982.388330 -9338372.288230
3606192.578257 -9327131.128515
3635367.441963 -9315798.600330
3664506.693650 -9304374.814688
3693610.047872 -9292859.883495
3722677.219531 -9281253.919551
3751707.923886 -9269557.036550
3766209.511940 -9263674.536175
3809658.793507 -9245890.972592
3824123.274933 -9239917.812303
3867460.385996 -9221862.618948
3910712.254550 -9203604.166962
3925110.436463 -9197472.917142
3953877.927282 -9185142.858777
3968247.165736 -9178944.080428
3982606.685958 -9172722.822857
4025626.585686 -9153924.327446
4054257.283599 -9141279.881854
4097128.776444 -9122145.350148
4125659.660689 -9109277.269036
4139909.964670 -9102809.757675
4154150.130018 -9096319.953546
4196809.445640 -9076716.943752
4225197.657525 -9063537.099546
4267702.282332 -9043600.899497
4295986.498713 -9030199.333507
4338333.830373 -9009931.163791
4366512.319560 -8996308.696523
4394648.034441 -8982598.101517
4436770.802144 -8961867.263536
4478795.779194 -8940938.897469
4520722.039322 -8919813.464596
4548617.580239 -8905620.590882
4562548.658432 -8898491.430543
4576468.562949 -8891340.477810
4590377.259702 -8884167.750196
4618160.893687 -8869757.040642
4632035.762879 -8862519.093994
4673592.171579 -8840675.099434
4715045.569858 -8818636.247979
4742623.489409 -8803835.666214
4770154.950273 -8788948.842176
4783903.174400 -8781473.134843
4825077.417611 -8758917.051443
4852467.886064 -8743772.378940
4893464.377422 -8720894.815723
4934353.012165 -8697825.035682
4961551.736506 -8682338.646124
4975132.889071 -8674563.547297
4988701.857542 -8666767.204475
5015803.109311 -8651110.863272
5029335.326238 -8643250.903234
5069857.943596 -8619544.096515
5096810.996591 -8603633.980187
5110268.816458 -8595647.306837
5150567.054130 -8571561.060910
5190751.768401 -8547285.889617
5217478.071867 -8530997.747602
5244153.264978 -8514626.036029
5270777.086423 -8498170.915276
5297349.275395 -8481632.546537
5337110.178697 -8456669.258074
5376753.447010 -8431519.576569
5416278.206559 -8406184.056345
5455683.586179 -8380663.255823
5494968.717339 -8354957.737503
5508036.889444 -8346348.280807
5547160.342858 -8320397.354131
5586161.531576 -8294263.037976
5612093.974608 -8276738.561787
5650889.479900 -8250299.878547
5689560.434209 -8223679.350843
5702422.926917 -8214765.533025
5715271.454399 -8205831.597257
5728105.985189 -8196877.565418
5740926.487854 -8187903.459436
5766525.283259 -8169895.113007
5779303.513307 -8160860.916661
5804817.481623 -8142732.588330
5817553.157408 -8133638.500741
5830274.586012 -8124524.493883
5868353.077375 -8097063.181133
5906302.224649 -8069423.401403
5944121.191398 -8041605.763899
5981809.144058 -8013610.881748
6019365.251950 -7985439.371983
6056788.687300 -7957091.855533
6081663.529780 -7938096.038128
6106478.796353 -7919022.459224
6131234.243929 -7899871.305665
6155929.630004 -7880642.765057
6180564.712662 -7861337.025761
6205139.250578 -7841954.276897
6217403.740005 -7832234.083183
6241887.009622 -7812736.176213
6254105.729851 -7802958.510709
6290669.873253 -7773510.953600
6302827.149130 -7763656.994496
6314968.989391 -7753784.022207
6339206.244165 -7733981.134832
6363381.400146 -7714102.485467
6387494.220514 -7694148.268840
6423546.055255 -7664075.683082
6459456.308926 -7633834.173800
6483317.430898 -7613579.650218
6518989.958786 -7583058.084786
6542691.867591 -7562617.478477
6554518.801930 -7552369.381535
6566329.684260 -7542102.788852
6578124.485658 -7531817.725568
6613412.115600 -7500851.964226
6648553.979642 -7469720.876966
6671900.525317 -7448875.309755
6706797.726543 -7417470.205888
6718397.315018 -7406965.472956
6741547.103563 -7385901.613916
6764630.851988 -7364765.402668
6799132.154925 -7332925.878519
6833483.598517 -7300924.729704
6844900.646678 -7290221.885313
6867684.425624 -7268762.661556
6890400.928811 -7247232.233083
6901733.882429 -7236440.382960
6924349.054939 -7214803.543088
6946896.396605 -7193096.027083
6958144.561822 -7182215.831955
6980589.743290 -7160402.700677
7014129.231132 -7127551.552179
7036403.047360 -7105563.464997
7069684.462718 -7072450.890434
7091785.549998 -7050289.193561
7124806.855228 -7016917.220240
7157671.122931 -6983390.587384
7179493.033811 -6960953.941627
7201244.614460 -6938449.106444
7212093.964333 -6927171.186685
7233739.650327 -6904564.480928
7244535.933437 -6893235.750295
7266075.247685 -6870527.672238
7298250.693827 -6836339.430576
7319611.668001 -6813463.512023
7340900.939341 -6790520.848858
7362118.299299 -6767511.665828
7372699.947531 -6755982.199775
7383263.540030 -6744436.188330
7414845.724653 -6709699.164612
7435809.762634 -6686458.941317
7456700.959507 -6663153.217545
7467119.178547 -6651475.864300
7477519.110622 -6639782.221600
7508608.930588 -6604603.843342
7539533.253664 -6569279.893328
7570291.398250 -6533811.150131
7600882.686407 -6498198.395516
7621183.847374 -6474376.940256
7651495.544946 -6438525.912480
7681638.596272 -6402532.973462
7691648.688165 -6390503.928319
7711612.336970 -6366398.916522
7731500.442908 -6342231.539555
7741416.106390 -6330124.538090
7761190.532965 -6305864.057448
7771049.247629 -6293710.637686
7780888.931005 -6281541.804634
7790709.558994 -6269357.588095
7800511.107545 -6257158.017908
7820056.870367 -6232712.936132
7849231.820242 -6195930.909242
7878233.765575 -6159012.318136
7897471.966336 -6134324.456771
7907062.067136 -6121957.976535
7916632.803551 -6109576.503633
7926184.152143 -6097180.068385
7945228.592340 -6072342.432329
7973649.260727 -6034974.520817
7992498.774371 -6009988.630745
8011269.993587 -5984943.866892
8020626.185292 -5972399.483944
8029962.734494 -5959840.474597
8057854.298671 -5922075.995915
8076350.044365 -5896827.109632
8085568.260068 -5884180.989040
8113104.007843 -5846156.289215
8122242.882395 -5833452.713392
8131361.865585 -5820734.851452
8140460.935081 -5808002.734539
8149540.068599 -5795256.393836
8167638.438811 -5769721.165954
8194635.920014 -5731312.427221
8203594.972446 -5718481.400517
8221452.783640 -5692777.364906
8239230.057575 -5667017.562912
8248088.438619 -5654116.828358
8265744.580390 -5628273.850103
8274542.297877 -5615331.669692
8292076.918325 -5589406.084780
8318226.490991 -5550415.123626
8335557.718385 -5524353.131677
8352807.290750 -5498237.023228
8361401.403460 -5485158.755243
8378528.176701 -5458961.951895
8404064.391914 -5419566.559843
8412535.328311 -5406408.174557
8429415.373547 -5380051.715384
8437824.441047 -5366853.706044
8446212.844326 -5353642.553286
8454580.562840 -5340418.289464
8479559.405129 -5300667.155640
8496108.168492 -5274101.439040
8504351.349856 -5260799.190066
8520775.211012 -5234156.073657
8545254.447535 -5194095.342490
8553372.365003 -5180716.281134
8569545.338515 -5153920.128517
8577600.354953 -5140503.102880
8585634.364858 -5127073.488157
8593647.348557 -5113631.317238
8609610.158889 -5086709.438522
8625488.629578 -5059737.730458
8641282.605078 -5032716.457261
8664814.801630 -4992092.192002
8688156.017415 -4951357.896280
8695893.893465 -4937755.501601
8703610.473283 -4924141.014366
8726632.246623 -4883225.330886
8749461.676680 -4842202.016470
8757028.656655 -4828503.816559
8764574.190679 -4814793.791647
8779600.847008 -4787338.401159
8794541.498467 -4759836.113958
8816790.896595 -4718495.341284
8824164.202184 -4704691.927523
8846154.384787 -4663212.690893
8867949.589727 -4621630.672616
8889549.336615 -4579946.789199
8910953.149372 -4538161.959394
8918044.131043 -4524211.409380
8932160.556239 -4496277.104180
8953171.089783 -4454293.146738
8960130.771172 -4440276.631417
8980878.087339 -4398161.977504
9001427.456403 -4355950.383914
9021778.425436 -4313642.781030
9035235.294197 -4285384.834352
9055254.601888 -4242919.289237
9068489.952721 -4214556.913532
9088176.373394 -4171936.026125
9101189.395969 -4143470.957869
9114113.263395 -4114965.300219
9126947.849071 -4086419.332416
9139693.027269 -4057833.334095
9152348.673138 -4029207.585284
9164914.662703 -4000542.366402
9177390.872867 -3971837.958252
9183595.272447 -3957471.146058
9202073.467009 -3914312.699283
9214279.609196 -3885492.411980
9220348.839111 -3871067.977329
9226395.488404 -3856634.062437
9244399.804746 -3813275.789923
9262200.365715 -3769833.469180
9279796.778970 -3726308.057719
9297188.656669 -3682700.514880
9314375.615480 -3639011.801816
9320058.998614 -3624431.026016
9331357.276584 -3595242.881467
9336972.143750 -3580635.584199
9353679.493131 -3536761.221765
9359202.813423 -3522119.063464
9370180.678511 -3492808.905746
9381066.753415 -3463464.532513
9397223.526148 -3419384.447472
9413173.175128 -3375228.995943
9423691.031906 -3345750.638524
9434116.574313 -3316239.506170
9449581.575320 -3271911.987108
9464838.298553 -3227512.351990
9474893.571250 -3197873.013970
9489802.419857 -3153355.360892
9499625.469979 -3123638.252123
9514185.531171 -3079005.306663
9518992.300237 -3064112.528617
9528535.890656 -3034304.496995
9533272.688637 -3019389.316417
9542676.232139 -2989536.808367
9547342.954630 -2974599.554002
9556606.243952 -2944703.227501
9570325.619066 -2899804.742573
9579354.699234 -2869836.850111
9583834.055092 -2854842.343188
9592722.343504 -2824832.391565
9601516.661717 -2794794.767916
9614531.756713 -2749687.091135
9618823.043870 -2734637.681801
9623090.774541 -2719581.575343
9635752.523419 -2674373.442029
9648201.891137 -2629106.362979
9660438.603301 -2583781.335921
9672462.390201 -2538399.359863
9680359.825255 -2508113.564730
9688162.431615 -2477803.200144
9699688.370405 -2432292.235121
9703482.853441 -2417109.950535
9714723.682770 -2371527.728580
9718423.055366 -2356321.989230
9729378.334775 -2310670.296431
9740119.169423 -2264967.674259
9750645.322572 -2219215.130043
9760956.562214 -2173413.672213
9764345.844121 -2158135.824363
9774370.179712 -2112270.718909
9780933.396647 -2081668.054797
9784179.078879 -2066359.056998
9793772.325424 -2020401.850565
9796922.114784 -2005072.835797
9800047.911496 -1989738.910609
9806227.496409 -1959056.479193
9815316.739445 -1912996.943118
9824189.643554 -1866895.242770
9832846.013172 -1820752.394273
9841285.657502 -1774569.414660
9844050.678815 -1759166.346008
9849508.390527 -1728347.321848
9857514.031010 -1682087.134616
9860134.304415 -1666658.782985
9867850.214522 -1620349.389407
9870373.860193 -1604904.937999
9872873.333332 -1589456.556181
9875348.627817 -1574004.281786
9882629.379026 -1527624.481612
9889692.307675 -1481211.011140
9891998.185166 -1465732.548821
9896537.258090 -1434764.893367
9903164.079402 -1388287.152010
9905324.521322 -1372787.721134
9911660.277455 -1326269.408648
9917777.571160 -1279721.863921
9921734.332166 -1248674.433921
9927487.224577 -1202080.448995
9933021.305719 -1155459.969072
9938336.453615 -1108814.021711
9941758.197914 -1077703.082586
9945082.552862 -1046581.586293
9946708.199115 -1031016.974476
9948309.485893 -1015449.837699
9951438.965398 -984308.141770
9954470.960720 -953156.803570
9957405.442156 -921996.128256
9961624.263156 -875238.275956
9964314.836207 -844055.593519
9968167.668466 -797266.162171
9971800.792821 -750459.158317
9975214.129192 -703635.613629
9978407.602347 -656796.560142
9981381.141900 -609943.030233
9983241.283701 -578699.811132
9985003.629784 -547450.923095
9986668.162885 -516196.672234
9988981.527787 -469305.910402
9989703.725874 -453673.306758
9991074.726026 -422404.804621
9992947.711466 -375494.388636
9994074.007397 -344216.116229
9994600.442826 -328575.696398
9995102.401492 -312934.471885
9996032.883677 -281649.762038
9996461.404917 -266006.353320
9997245.002446 -234717.619849
9997930.667076 -203426.587087
9998236.772418 -187780.304260
9998518.392091 -172133.561560
9999216.330502 -125190.957411
9999400.001204 -109542.758414
9999559.183389 -93894.291147
9999889.795240 -46947.662960
9999951.020057 -31298.505849
10000000.000000 -0.000002
