2000
9999848.455604 55053.291994
9999749.488248 70782.570485
9999208.266296 125833.410659
9998503.146058 173016.872802
9997909.373449 204470.438695
9997399.109504 228059.302149
9996211.619746 275233.088963
9995992.062987 283094.819274
9994544.883999 330261.353673
9992575.224798 385279.608533
9992269.119833 393138.444859
9990302.701841 440286.185999
9987727.384006 495279.418884
9984849.349348 550257.640405
9984413.494934 558110.349466
9983523.258800 573814.727071
9980212.925127 628768.613341
9979715.324877 636617.651667
9977134.735609 675856.839508
9974399.862592 715085.576079
9972684.900078 738617.549050
9970914.420140 762145.410176
9968467.436866 793509.269093
9963947.840579 848376.938758
9959833.531228 895385.967177
9954753.201023 950204.560465
9950158.483761 997169.066931
9945342.198728 1044111.368672
9939443.305835 1098847.928555
9937702.567564 1114480.900973
9935937.241429 1130111.115943
9930493.779827 1176984.829473
9928630.146525 1192603.627995
9925788.637874 1216026.281067
9924829.188344 1223832.334184
9919939.867636 1262851.148189
9913870.202529 1309647.894441
9912837.125206 1317444.544998
9907579.777710 1356415.477764
9903263.585849 1387577.150715
9898849.383432 1418725.091102
9893193.869711 1457640.235557
9887385.370281 1496532.839452
9883826.874750 1519857.332113
9876544.835538 1566480.804734
9872821.332397 1589779.525143
9871567.949987 1597543.804967
9865209.462686 1636350.285645
9862623.347350 1651865.826365
9860012.829911 1667377.280039
9853379.819652 1706137.781562
9850683.946116 1721634.628410
9849326.869217 1729381.456855
9842450.117117 1768099.457629
9836839.125518 1799054.201152
9835421.163995 1806790.116985
9832566.990729 1822258.591096
9825325.139311 1860909.967416
9816434.371838 1907253.581302
9813422.197201 1922692.065694
9807325.014332 1953554.724918
9799567.050776 1992105.824835
9797997.269638 1999812.367240
9794839.526680 2015221.736331
9791657.549331 2030626.119360
9780329.896980 2084501.644576
9773723.838991 2115259.397601
9767021.052473 2145996.216340
9765330.249764 2153677.114390
9758506.645982 2184387.337521
9746332.989890 2238078.025936
9735663.298671 2284044.687589
9733863.933369 2291700.880714
9728429.716637 2314660.935959
9721099.854340 2345254.276607
9708041.139670 2398736.590472
9696613.749527 2444520.769495
9694688.185154 2452146.201319
9683008.911208 2497866.774963
9669110.591742 2551137.072889
9665085.797349 2566343.026541
9659003.771348 2589140.039680
9648747.586700 2627102.968701
9638342.196394 2665025.272903
9629910.564128 2695333.472299
9621383.626624 2725614.996536
9612761.468270 2755869.545923
9599649.878568 2801200.137247
9595231.831284 2816296.522727
9588560.250310 2838928.024127
9577322.347116 2876612.010583
9572785.707706 2891673.182491
9570508.505428 2899201.087806
9559033.724751 2936813.621779
9556721.024696 2944330.697481
9540366.688183 2996898.973107
9528507.954594 3034392.222380
9518914.869505 3064353.065022
9506791.046136 3101761.435880
9504348.634165 3109237.372773
9494520.212287 3139121.841928
9492048.420918 3146588.116507
9477094.429017 3191344.729655
9459381.405636 3243470.891300
9449130.919289 3273213.233221
9436186.316317 3310345.571651
9420460.197886 3354836.756096
9409859.556803 3384456.104197
9393784.014269 3428822.231215
9391084.410640 3436209.189243
9382950.753315 3458357.292251
9372024.631233 3487858.126638
9363769.164571 3509961.115543
9349894.237138 3546755.947953
9333053.492021 3590837.300000
9316004.920682 3634838.692132
9307402.818634 3656809.096969
9290043.221218 3700688.712645
9284210.698751 3715296.986945
9263616.068753 3766353.319955
9248733.682132 3802752.329169
9233708.275561 3839092.533638
9215489.328647 3882622.365565
9206302.876531 3904354.920543
9190878.257247 3940527.485054
9184668.601021 3954979.480277
9175311.512674 3976639.114300
9153279.758539 4027091.960948
9130970.578752 4077422.750951
9111628.128796 4120465.124538
9105135.536172 4134792.239997
9095354.412410 4156263.720298
9088805.530212 4170565.193590
9075640.319510 4199137.148379
9069024.023577 4213407.559182
9065707.460119 4220538.857485
9042334.618593 4270384.601578
9038973.252114 4277494.891589
9025471.896463 4305909.549231
9008469.606845 4341367.911448
9001629.670923 4355532.489555
8991328.012658 4376759.139911
8970574.590977 4419139.227013
8960122.943093 4440292.427832
8956627.973019 4447338.007498
8935541.885894 4489553.564157
8924924.197364 4510623.911535
8921373.923906 4517641.786358
8914256.824240 4531669.148502
8899956.475611 4559690.201344
8885568.045948 4587666.127872
8863820.561252 4629544.800293
8849212.553906 4657406.700707
8834516.967729 4685222.507727
8812309.696539 4726859.191079
8786153.234997 4775302.224064
8767306.961764 4809815.863232
8740694.478425 4858009.884185
8729207.982946 4878619.475883
8713817.074431 4906056.664303
8706089.271051 4919757.067629
8690569.061648 4947121.323025
8678872.452909 4967612.398944
8651392.587869 5015317.167495
8639535.184409 5035715.619190
8631603.524769 5049299.019785
8623650.508815 5062869.927404
8611680.984856 5083202.791062
8591625.276208 5117027.957049
8571436.708961 5150773.994681
8563324.151516 5164250.136861
8555190.406694 5177713.501654
8547035.494621 5191164.055748
8534763.482065 5211315.794040
8514204.578132 5244837.500030
8493514.012812 5278278.101252
8464326.639813 5324957.702606
8455940.231131 5338265.149610
8430655.558218 5378108.111473
8405183.153466 5417831.314899
8400919.540733 5424440.143473
8388097.534765 5444246.481128
8366623.791058 5477189.638757
8345020.668114 5510048.098588
8340684.547379 5516609.582081
8331996.831202 5529722.308113
8305810.078748 5568978.266772
8297040.031946 5582036.071926
8275025.150187 5614620.090778
8248438.411305 5653606.262813
8226142.463587 5685998.607877
8203719.308998 5718303.026176
8194714.506844 5731200.062058
8163038.177488 5776227.809988
8131114.435594 5821080.486927
8098944.248734 5865756.733440
8085081.824822 5884849.351167
8071174.391677 5903909.208240
8066528.591951 5910255.195441
8057222.026719 5922936.198555
8047895.526310 5935602.547139
8043224.807622 5941930.216189
8038549.113797 5948254.209856
8033868.447727 5954574.524231
8000964.805954 5998713.376541
7967818.663905 6042670.414571
7934431.026202 6086444.306033
7929641.708656 6092682.690929
7895979.315458 6136245.647776
7891150.842071 6142453.775788
7881479.255069 6154858.629726
7857215.025974 6185804.073491
7823041.066495 6228966.886405
7803406.566442 6253546.670395
7788629.999409 6271940.906314
7758946.871140 6308624.529232
7739062.092228 6333002.284275
7719100.721415 6357317.362901
7683984.617861 6399717.211914
7678948.995057 6405758.528958
7658759.036884 6429884.136977
7628332.042601 6465953.158493
7597735.182428 6501878.197698
7572108.531713 6531705.166644
7566969.137689 6537658.454620
7561825.063116 6543607.698727
7536034.593475 6573293.132513
7515318.293195 6596968.315216
7510127.588607 6602876.918650
7504932.238629 6608781.437874
7499732.246475 6614681.869235
7494527.615360 6620578.209084
7473662.765732 6644122.580455
7463202.590996 6655870.122362
7447477.714263 6673460.548738
7421177.496986 6702695.320408
7394762.520602 6731826.443388
7368233.193585 6760853.467200
7352260.879658 6778219.527092
7346927.675139 6783999.833157
7320193.551977 6812838.348413
7309468.184197 6824344.280897
7282575.700655 6853035.178972
7250156.104258 6887324.332706
7212129.244450 6927134.455267
7190301.392930 6949788.908941
7157426.256605 6983641.555897
7124391.740410 7017338.692779
7096741.758998 7045300.306310
7074542.738961 7067591.176251
7046695.530725 7095356.375635
7029934.873408 7111962.856739
7007526.469368 7134043.228150
7001913.523422 7139552.297624
6996296.246443 7145056.950928
6985048.713283 7156052.995407
6979418.464059 7161544.379780
6973783.897715 7167031.334379
6951202.530886 7188934.787199
6911519.736710 7227094.501185
6905833.637540 7232528.034555
6883046.560029 7254217.397658
6865911.535727 7270437.317217
6848738.289248 7286616.762626
6808519.276429 7324210.896915
6796990.173846 7334911.354382
6768093.905021 7361583.042581
6744901.513260 7382838.449839
6715817.179256 7409304.934662
6704154.341965 7419859.470308
6692474.917255 7430395.647737
6686628.993647 7435656.843972
6657337.407793 7461893.770270
6645591.922792 7472356.254604
6639713.012527 7477580.565349
6622051.654320 7493225.733121
6598445.848769 7514021.052729
6568846.786283 7539910.602808
6545094.377468 7560538.313509
6521277.193203 7581091.199122
6491414.981554 7606676.773550
6473449.441821 7621971.682195
6449439.348045 7642298.875069
6425365.425498 7662550.433688
6407268.239258 7677689.347075
6395183.626131 7687758.216025
6364902.933352 7712847.116922
6352763.070922 7722849.303510
6322344.714371 7747771.119017
6304046.742088 7762666.724365
6267345.616673 7792328.209282
6242800.615949 7812006.174441
6230504.931490 7821816.176482
6187348.838690 7855998.621968
6156408.166354 7880268.935084
6112931.394770 7914042.567666
6081763.046520 7938019.793751
6044236.929413 7966630.400685
6019144.693172 7985605.622785
5987695.656388 8009213.489880
5949834.633537 8037379.413314
5918182.538030 8060714.326073
5899147.321089 8074655.465349
5854604.286308 8107009.846469
5816283.257972 8134546.641518
5771411.758309 8166443.921075
5739253.510658 8189076.207998
5726365.333623 8198093.684868
5719915.930047 8202594.818299
5674671.263162 8233960.532760
5648739.858314 8251771.810532
5642248.262000 8256211.876518
5609738.010618 8278335.548420
5596709.592569 8287149.192361
5564078.035764 8309093.549355
5524806.637426 8335257.141747
5491986.457456 8356918.376478
5452490.183117 8382741.246335
5406257.803529 8412631.964004
5359861.566326 8442267.704226
5339927.652478 8454890.458563
5333276.403021 8459087.587263
5326621.854666 8463279.483593
5279947.993032 8492476.034165
5246511.460632 8513173.174173
5212993.797580 8533738.668742
5206280.574881 8537835.942182
5172666.239322 8558243.042622
5125471.905145 8586590.577730
5084895.920590 8610681.359612
5064565.410771 8622654.881185
5057782.303199 8626635.391243
5037414.226326 8638544.895549
5017018.106426 8650406.309520
4976142.191884 8673984.602601
4941994.246403 8693485.657003
4900915.881760 8716709.443357
4894058.852817 8720561.217328
4859728.384685 8739739.128091
4811539.597207 8766361.086820
4797744.522692 8773918.594048
4777029.664258 8785214.145756
4770118.796086 8788968.464571
4728591.775091 8811380.131656
4707788.721021 8822512.417573
4700848.539938 8826212.268270
4659146.541896 8848296.644052
4645222.774676 8855614.341966
4631287.514246 8862910.129319
4617340.795084 8870183.988061
4568437.538958 8895469.546496
4561440.021687 8899059.777783
4554439.682936 8902644.504556
4526410.199771 8916928.322209
4484282.067554 8938188.537876
4477250.978699 8941712.569399
4435006.440424 8962740.533642
4385596.393220 8987020.878788
4357302.304817 9000773.112596
4314780.403606 9021234.398277
4272162.421888 9041494.801249
4243697.524574 9054889.912082
4229449.308670 9061553.870358
4215190.628262 9068195.408537
4179498.376621 9084701.058363
4165203.348441 9091263.997164
4158051.967560 9094537.032476
4150898.014715 9097804.442360
4107920.534332 9117290.654773
4072036.050545 9133374.097400
4050475.099657 9142956.385495
4007285.671675 9161968.213522
3956785.292376 9183890.795846
3906164.987350 9205535.024734
3862681.866267 9223865.176812
3826380.186290 9238983.421890
3811842.915198 9244990.729571
3797296.212845 9250975.163296
3753599.878246 9268791.072952
3717122.375634 9283480.017998
3665957.431111 9303803.314413
3658639.046820 9306683.637316
3629342.924430 9318147.344665
3577988.455111 9337986.860940
3548594.254590 9349196.693636
3497070.072084 9368591.191366
3467579.993416 9379546.310417
3430669.169734 9393109.658033
3393705.295101 9406527.753109
3378905.018992 9411854.273874
3341867.833494 9425068.667307
3319620.680186 9432927.357914
3275071.057051 9448487.157808
3223004.392944 9466374.315601
3193208.053250 9476466.763972
3185754.018906 9478975.225784
3148454.381219 9491429.555625
3118579.588820 9501287.352154
3111106.056673 9503737.112533
3096153.223880 9508618.996166
3088673.932482 9511051.116402
3081192.730584 9513477.353576
3028771.212172 9530296.162466
3013776.704952 9535048.503951
3006276.652765 9537415.828569
2953724.480479 9553821.837015
2938693.061189 9558456.104001
2908608.447075 9567653.677972
2886026.079451 9574489.723673
2848353.159181 9585764.668538
2840813.270932 9588001.875245
2803087.565222 9599098.921341
2795537.203856 9601300.523463
2787985.113311 9603496.186700
2757759.552774 9612219.423686
2704799.328208 9627256.130078
2659339.540166 9639912.510501
2613820.534581 9652354.231637
2560641.536000 9666597.898129
2507384.927245 9680548.580872
2499770.598846 9682517.593743
2446427.269390 9696132.920685
2400645.338105 9707569.312688
2347165.592877 9720638.542792
2316573.694017 9727974.420206
2278301.615339 9737008.870775
2262982.886014 9740580.499006
2239994.305614 9745892.750837
2216993.255280 9751150.747786
2186306.011819 9758076.963351
2163276.363050 9763208.252264
2124866.916558 9771639.605865
2117181.065239 9773307.747994
2094115.672808 9778275.898588
2040251.309833 9789656.510457
1986325.109128 9800740.408808
1947769.439808 9808475.631277
1932338.705136 9811527.257702
1893741.035159 9819050.101296
1847385.228459 9827877.075832
1793251.533737 9837898.603704
1785513.673635 9839305.916642
1754551.236806 9844874.298711
1708075.119058 9853044.168563
1661560.966299 9860994.633163
1607247.764584 9869992.635420
1599484.720711 9871253.650282
1576189.672134 9875000.056580
1568422.699632 9876236.643341
1552885.848990 9878691.489261
1506252.397976 9885909.351880
1467365.523207 9891756.083795
1428455.957489 9897449.852235
1412885.912503 9899684.510036
1358363.478810 9907312.887935
1327189.211667 9911537.156084
1288202.942928 9916679.543972
1256999.556282 9920683.046822
1233588.835480 9923621.243527
1194555.771129 9928395.465012
1171127.027176 9931186.308101
1132064.697005 9935714.847045
1100802.199583 9939227.058348
1077348.160134 9941796.665687
1069528.807749 9942640.903170
1038244.831008 9945956.347727
1030422.219212 9946769.829958
975646.361356 9952291.905766
959990.612266 9953814.245020
944332.487968 9955311.956547
928672.027202 9956785.036642
889510.907534 9960359.950593
842499.460428 9964446.530499
826824.757334 9965759.420168
818986.636215 9966406.618722
803308.879071 9967682.521269
771947.440938 9970160.337148
756263.837543 9971362.244349
724891.056119 9973692.042406
669971.612774 9977531.660590
662124.281539 9978055.493722
607181.767153 9981549.494023
567925.749757 9983859.992145
552220.849769 9984740.964746
528660.950109 9986016.102522
481532.452877 9988399.596373
473676.632513 9988775.222609
465820.519157 9989144.670287
450107.432903 9989865.029060
434393.232994 9990560.670910
379385.324628 9992800.747311
355806.889505 9993668.068201
347946.964480 9993944.812230
316505.160774 9994989.969140
277198.537691 9996157.310222
230024.985273 9997354.075262
174982.774065 9998468.934231
143527.593759 9998969.938440
112070.992991 9999371.984906
80613.283078 9999675.069651
41290.060248 9999914.756183
33425.319603 9999944.137244
25560.558283 9999967.332840
-5898.596454 9999998.260328
-45222.421297 9999897.746108
-92410.034511 9999573.010160
-123867.364978 9999232.814366
-178914.556223 9998399.350975
-233956.324768 9997262.847305
-273267.629594 9996265.542822
-328296.220954 9994609.626759
-351876.954200 9993807.212925
-399032.412786 9992035.485002
-406890.820365 9991718.563906
-446178.985813 9990041.256803
-454035.810391 9989687.256510
-501170.690055 9987433.501127
-548294.409769 9984957.347942
-556147.204375 9984523.037535
-595405.920193 9982258.852094
-618956.769076 9980826.244255
-650352.518285 9978829.670956
-673895.123290 9977267.429653
-689588.117195 9976195.077715
-697433.976757 9975649.645415
-713124.396834 9974540.269839
-752342.642812 9971658.866398
-783708.892200 9969242.718095
-822905.760401 9966083.790010
-877759.861818 9961402.392484
-885594.029040 9960708.971541
-940417.590306 9955682.535911
-963904.773728 9953435.968910
-971732.648878 9952674.799224
-995212.648570 9950354.354701
-1042155.896382 9945547.299553
-1057798.540263 9943895.727944
-1104710.613895 9938793.410648
-1151598.088094 9933469.778657
-1175032.274108 9930725.006504
-1221880.891685 9925069.626282
-1229686.377503 9924105.572443
-1245295.062443 9922159.049696
-1253098.251910 9921176.581992
-1268702.300707 9919193.236961
-1292102.476171 9916172.204589
-1323291.498397 9912058.293325
-1362259.323287 9906777.959363
-1401206.082562 9901344.429631
-1424563.776077 9898010.812678
-1455695.008671 9893480.279544
-1510139.814296 9885316.269158
-1517913.945763 9884125.517883
-1541230.687495 9880516.584062
-1580072.793078 9874379.472583
-1618890.464837 9868089.666337
-1642169.089930 9864242.529464
-1688698.784964 9856383.536250
-1696450.106205 9855052.360955
-1711949.595876 9852371.723660
-1719697.754719 9851022.263319
-1750679.704979 9845563.496853
-1804856.242614 9835776.224757
-1835789.808764 9830049.632532
-1858978.077078 9825690.841307
-1882155.996557 9821277.350967
-1889879.647672 9819794.036400
-1928480.272946 9812286.371527
-1974761.606394 9803076.894420
-2028700.845460 9792056.621550
-2036401.469748 9790458.061501
-2067191.323117 9784003.272364
-2074885.601707 9782374.442835
-2082578.596876 9780739.562417
-2105649.834279 9775798.625964
-2121024.154894 9772474.432525
-2128709.349638 9770803.268143
-2136393.227670 9769126.060030
-2151757.014582 9765753.516764
-2159436.913960 9764058.183697
-2213158.543527 9752021.803770
-2228495.331188 9748528.533008
-2236161.659735 9746772.852156
-2282130.418374 9736112.199104
-2320398.941387 9727062.699130
-2358631.582371 9717862.782456
-2381553.697616 9712270.691521
-2427358.026614 9700924.337950
-2480728.023383 9687413.920857
-2503577.956619 9681533.835872
-2534022.832065 9673609.889104
-2579643.028578 9661544.485490
-2594837.045795 9657474.861773
-2610024.642865 9653381.343531
-2625205.782212 9649263.940894
-2632793.918502 9647196.286108
-2685865.011392 9632555.691019
-2708584.939123 9626191.751028
-2746417.915026 9615466.116420
-2761539.246563 9611134.219731
-2791761.374439 9602399.097527
-2806862.096003 9597995.893624
-2852122.442904 9584643.841619
-2867195.161514 9580145.714225
-2904845.840194 9568796.718747
-2934934.068833 9559610.975955
-2949967.309339 9554982.620279
-3002525.929057 9538597.278706
-3025023.286461 9531486.458909
-3032518.669522 9529104.392282
-3047503.803716 9524322.577818
-3077451.414644 9514688.265545
-3092413.817283 9509835.791573
-3122315.631808 9500060.267986
-3167110.321987 9485220.725337
-3174569.274054 9482726.924479
-3226726.698663 9465106.170146
-3241610.926055 9460018.953685
-3293642.319831 9442029.457115
-3330746.574603 9429004.573961
-3375203.642270 9413182.266014
-3419585.551702 9397150.347557
-3463891.314614 9380909.175583
-3478642.810232 9375449.013185
-3515483.814484 9361697.151163
-3566969.763980 9342201.384195
-3611014.589472 9325265.338564
-3662298.522130 9305244.195334
-3669615.773198 9302360.994774
-3691553.889257 9293676.876388
-3720772.721836 9282017.579839
-3764531.835962 9264356.429673
-3793658.067839 9252467.695935
-3822746.754666 9240487.392432
-3851797.608556 9228415.637731
-3859054.376931 9225383.423787
-3902544.702796 9207070.372419
-3924257.338328 9197836.938247
-3945948.127721 9188552.300190
-3989263.685209 9169829.619457
-4010888.212168 9160391.681009
-4039686.160911 9147728.445977
-4061258.401204 9138171.600416
-4089986.198253 9125350.015101
-4097161.833964 9122130.502591
-4125838.989449 9109196.047574
-4140162.272698 9102695.005092
-4154475.312357 9096171.440723
-4175925.587656 9086343.900952
-4190212.863464 9079764.102600
-4197352.615792 9076465.777972
-4204489.771847 9073161.839096
-4225885.618237 9063216.357429
-4254376.797965 9049877.240103
-4304134.878690 9026318.349474
-4311232.561796 9022930.444047
-4360841.429921 8999058.952084
-4374991.181367 8992188.396767
-4396195.501474 8981840.853234
-4445576.870308 8957502.235008
-4494823.498690 8932892.124929
-4529916.340693 8915147.668229
-4571935.238187 8893672.367353
-4585918.959765 8886469.900611
-4613852.328911 8871999.024290
-4620828.547244 8868367.580168
-4634772.404957 8861088.237584
-4655666.679464 8850128.121656
-4704318.994212 8824363.025210
-4725126.424330 8813238.920743
-4773574.599259 8787091.984571
-4801194.405522 8772031.251676
-4814986.507057 8764468.320261
-4828766.695354 8756883.703798
-4876903.045651 8730167.047847
-4883767.634689 8726328.763596
-4911195.739860 8710921.673668
-4918045.182200 8707056.424868
-4952246.678373 8687649.442545
-4993187.341431 8664183.756903
-5000000.000000 8660254.037844
-5020419.402359 8648432.749604
-5054389.575967 8628623.645423
-5067955.790062 8620662.625923
-5115338.573705 8592631.219619
-5128848.097808 8584574.374400
-5169300.397798 8560276.479023
-5216349.200003 8531688.052410
-5236464.656877 8519356.659824
-5276608.005418 8494551.663105
-5283287.164169 8490399.091970
-5296635.673609 8482078.197061
-5343252.038834 8452789.932886
-5369817.340902 8435938.698530
-5389706.456077 8423245.474122
-5416178.583971 8406248.244404
-5429394.563220 8397718.420909
-5442597.109062 8389167.819780
-5482123.819648 8363391.562401
-5501841.451859 8350433.559918
-5528083.964909 8333083.923549
-5554271.767652 8315651.816368
-5599967.996533 8284947.702781
-5626004.011198 8267289.692879
-5645494.496660 8253992.481713
-5684381.074726 8227260.285010
-5690849.888176 8222787.091385
-5703776.950850 8213825.448289
-5716689.901239 8204843.482546
-5755343.759382 8177775.871919
-5793869.458893 8150526.160519
-5838652.985711 8118505.485152
-5870532.953374 8095482.866596
-5902322.140683 8072335.061654
-5915012.286946 8063040.967605
-5946673.556221 8039718.503514
-5959312.343124 8030354.686879
-5978242.867723 8016271.715362
-5984545.652106 8011567.470717
-6022284.485548 7983238.038235
-6059889.216186 7954730.836901
-6103590.793911 7921248.602366
-6128480.150685 7902008.038635
-6159506.525541 7877847.381221
-6184259.069152 7858431.126224
-6221273.050049 7829160.979105
-6245872.124824 7809550.652909
-6288771.619376 7775046.721360
-6300993.665342 7765145.126096
-6337566.142962 7735325.163403
-6373997.497162 7705332.952324
-6416321.297296 7670125.227782
-6434400.611278 7654964.975334
-6470451.678863 7624516.710684
-6476446.203741 7619425.475063
-6512329.097273 7588779.198844
-6542120.767014 7563111.520386
-6577737.191669 7532155.962096
-6601400.150544 7511425.700385
-6607305.691162 7506231.511453
-6624997.776722 7490621.099643
-6636772.017044 7480190.986451
-6677852.354339 7443540.013573
-6712903.026582 7411945.288229
-6741997.766013 7385490.242569
-6759404.595301 7369562.369438
-6794105.269411 7337583.634151
-6811398.921057 7321532.950019
-6817155.049975 7316173.660090
-6857329.684289 7278532.104825
-6874483.831617 7262332.411068
-6908677.221296 7229811.826870
-6925716.273295 7213491.117470
-6954028.968535 7186200.742031
-6987862.217886 7153305.643116
-6993485.984901 7147807.620452
-7015937.760002 7125771.351073
-7038320.099814 7103664.559406
-7066200.043808 7075932.231225
-7077321.449939 7064808.638189
-7116108.294383 7025738.590541
-7121631.692864 7020139.744421
-7160171.948845 6980826.431231
-7198495.188040 6941301.537015
-7220296.298480 6918621.348372
-7258276.167065 6878766.392502
-7285270.023596 6850170.850665
-7301412.288571 6832962.651171
-7322872.065016 6809959.230377
-7360252.158392 6769541.207858
-7370891.260388 6757955.462086
-7402699.038954 6723098.016441
-7413265.035226 6711445.560942
-7418541.156782 6705613.104343
-7423812.689598 6699776.499986
-7450101.408566 6670531.388284
-7455345.340571 6664669.973286
-7471049.454600 6647061.008214
-7491923.561199 6623524.843552
-7507530.494091 6605829.689016
-7523095.632948 6588097.760167
-7543783.988747 6564398.154524
-7559251.271617 6546580.803179
-7590059.505599 6510836.866445
-7625788.782814 6468952.422139
-7641030.639279 6450941.851358
-7676429.402279 6408777.701857
-7681467.400381 6402738.365488
-7706586.058081 6372482.352222
-7716600.174527 6360352.328802
-7726595.198560 6348206.568598
-7731585.543193 6342127.796591
-7766383.876691 6299466.761549
-7791095.773841 6268877.622257
-7815687.191566 6238191.542715
-7845037.324698 6201240.954365
-7864507.069508 6176530.462457
-7869362.351751 6170343.278687
-7903212.866997 6126926.340257
-7932036.980724 6089563.969318
-7936823.844719 6083323.701555
-7941605.799390 6077079.670952
-7960684.465733 6052065.997413
-7989154.684106 6014433.259537
-8003323.120035 5995566.615117
-8022145.047986 5970359.187610
-8045560.789039 5938766.840842
-8059550.537851 5919767.320413
-8078133.729571 5894383.381421
-8105858.558101 5856198.172540
-8115060.087019 5843440.748743
-8147107.172810 5798676.117421
-8156218.170894 5785853.882425
-8160766.103800 5779437.394683
-8174379.604226 5760166.498116
-8192460.137408 5734422.106627
-8201470.010494 5721528.612789
-8210459.591503 5708620.962746
-8219428.858193 5695699.188432
-8241763.004263 5663333.168864
-8272816.618424 5617873.725701
-8299234.469045 5578772.914164
-8312374.128942 5559175.868822
-8334170.693745 5526445.407992
-8364469.295333 5480479.304535
-8377376.856117 5460728.615359
-8390237.780476 5440947.526587
-8411568.823566 5407911.789815
-8432769.792401 5374792.426539
-8436994.348371 5368158.563749
-8441213.685638 5361521.380485
-8462232.000187 5328285.800801
-8478952.449817 5301637.987805
-8503875.733196 5261567.971086
-8508011.218463 5254878.219950
-8528609.654286 5221380.791018
-8532713.525511 5214671.599589
-8561292.700842 5167617.177241
-8569410.557015 5154144.226283
-8597655.953107 5106888.691954
-8617671.743605 5073039.889403
-8645469.902252 5025519.890445
-8673006.026395 4977847.573611
-8676918.319081 4971024.892716
-8692513.794586 4943703.463086
-8719598.779440 4895773.394020
-8727288.840784 4882051.770468
-8731125.775246 4875186.426880
-8734957.309070 4868318.067745
-8746419.483026 4847694.939550
-8761626.629297 4820155.475583
-8772975.092441 4799469.556879
-8788030.394441 4771846.789911
-8802998.723117 4744176.796959
-8806727.198325 4737251.951742
-8825287.817331 4702583.857974
-8832673.868804 4688696.228947
-8851043.347265 4653926.478237
-8861999.354751 4633030.049156
-8883763.306125 4591159.931950
-8894571.128854 4570186.476912
-8905329.435964 4549187.579882
-8919596.717671 4521149.676145
-8923149.750562 4514133.197974
-8947866.314533 4464939.911942
-8968836.116062 4422666.472076
-8993048.433245 4373223.053689
-9010176.108868 4337825.087206
-9016988.181208 4323647.087813
-9020385.852243 4316554.074335
-9033920.719812 4288155.364273
-9054055.341705 4245477.814021
-9060722.101335 4231230.908658
-9073988.350040 4202705.726475
-9080587.806292 4188427.520231
-9087164.795353 4174138.950980
-9090444.859601 4166990.791273
-9100251.306872 4145530.864893
-9116482.779647 4109713.095630
-9132573.277567 4073831.774862
-9138969.947966 4059461.576388
-9145344.006726 4045081.333995
-9161180.124348 4009087.019416
-9183112.635628 3958590.951509
-9201690.428136 3915213.054835
-9217015.417668 3878998.168403
-9229172.799379 3849983.044016
-9241238.841870 3820929.817140
-9253213.425727 3791838.775310
-9262134.272565 3769995.851055
-9279821.231394 3726247.162141
-9297301.549364 3682415.498039
-9303082.334419 3667786.673052
-9317433.563535 3631174.987400
-9328810.818145 3601845.182579
-9334464.830458 3587166.894493
-9351288.239731 3543078.923404
-9356849.787350 3528365.351967
-9376132.802334 3476799.343218
-9392434.938666 3432515.975626
-9411189.732006 3380755.511448
-9413845.716236 3373352.758148
-9419140.214252 3358540.996365
-9429659.282733 3328892.580360
-9432274.472119 3321475.317177
-9437487.346275 3306634.631903
-9452985.816056 3262063.635406
-9455548.438634 3254628.047051
-9463201.207662 3232309.221487
-9465740.425843 3224865.608139
-9468273.788990 3217420.000049
-9473322.943916 3202522.818071
-9483350.924648 3172704.719947
-9490810.323398 3150320.524213
-9500673.993715 3120447.670631
-9505570.575109 3105499.644439
-9508010.047056 3098022.747671
-9515293.169794 3075580.578179
-9522523.321385 3053121.287088
-9529700.461580 3030644.999428
-9536824.550423 3008151.840324
-9541544.450415 2993147.089728
-9557878.113727 2940572.386991
-9567081.602753 2910489.581885
-9576190.408346 2880377.972264
-9582959.822273 2857775.541345
-9594123.609578 2820069.531792
-9607324.302838 2774764.808068
-9616005.930950 2744527.270030
-9626724.126635 2706692.185985
-9641479.470550 2653652.882152
-9643563.532251 2646069.235570
-9653894.339698 2608126.545617
-9664075.861899 2570143.524291
-9672113.488404 2539728.463327
-9685948.954212 2486441.806357
-9693723.154149 2455958.348734
-9697574.282597 2440707.486266
-9703305.984049 2417819.881611
-9705204.548810 2410187.682682
-9718326.348500 2356720.811649
-9720176.855450 2349076.818407
-9729339.181195 2310835.151467
-9736560.723144 2280216.060932
-9748966.511083 2226578.533484
-9755922.891910 2195898.114010
-9764482.583214 2157517.064153
-9767864.188371 2142155.269241
-9769545.928602 2134472.381863
-9771221.625879 2126788.174208
-9781148.849737 2080655.468664
-9784409.534177 2065267.553492
-9795631.234700 2011369.860012
-9803464.982343 1972834.088302
-9812665.359442 1926550.944983
-9815683.604872 1911113.646291
-9818677.564339 1895671.619123
-9823122.951169 1872499.796055
-9827513.653179 1849317.548878
-9833282.815048 1818391.893757
-9843144.643146 1764228.878039
-9852708.136562 1710012.390521
-9856715.377502 1686760.791256
-9864565.221900 1640229.551887
-9867133.031457 1624710.971074
-9873445.733588 1585897.016171
-9877160.074457 1562596.833334
-9880819.429686 1539287.951600
-9885613.001605 1508196.135289
-9890308.737651 1477089.392671
-9894906.591352 1445968.031605
-9901619.743230 1399259.254205
-9908112.408187 1352519.318432
-9914384.441646 1305749.265080
-9916426.065962 1290152.734488
-9923378.503603 1235539.992971
-9924347.161415 1227735.077167
-9930030.174763 1180889.803622
-9935492.068553 1134018.234302
-9939874.648043 1094939.259131
-9943270.045360 1063663.859048
-9945752.015888 1040200.383801
-9947375.904031 1024554.841827
-9948178.618927 1016731.117813
-9948975.180376 1008906.764900
-9953625.299365 961947.711591
-9955126.089562 946289.882075
-9956602.248787 930629.711248
-9959480.659769 899302.500656
-9960184.862524 891469.295237
-9962260.503826 867966.389852
-9966245.397010 820946.214176
-9970613.943310 766066.311403
-9971806.599178 750382.001780
-9975236.521821 703318.088588
-9977399.737981 671933.381020
-9979464.209875 640542.023466
-9980459.410298 624843.948027
-9981429.917070 609144.326599
-9984632.194140 554184.037784
-9986734.260807 514916.307787
-9987921.375335 491351.808907
-9989052.887620 467784.574698
-9990475.067445 436357.567557
-9990815.163918 428500.128849
-9992725.959452 381350.100697
-9994673.983134 326331.075543
-9996102.614253 279163.975702
-9997308.654528 231990.659504
-9998434.335869 176948.668564
-9998700.299718 161221.327416
-9999052.860083 137629.579928
-9999436.351500 106172.747480
-9999516.761612 98308.363024
-9999776.549602 66850.265760
-9999906.444440 43256.241608
-9999962.113829 27526.750285
-9999980.670315 19661.976651
-9999993.041312 11797.190855
-9999993.041312 -11797.190856
-9999980.670315 -19661.976652
-9999869.331572 -51120.949569
-9999659.026185 -82579.416552
-9999256.975872 -121901.314509
-9998941.524783 -145493.587374
-9998700.299718 -161221.327417
-9997661.198537 -216265.020914
-9996931.375179 -247715.724104
-9996102.614253 -279163.975703
-9995879.965966 -287025.619068
-9994673.983134 -326331.075544
-9993313.445332 -365631.485724
-9992725.959452 -381350.100698
-9991798.373598 -404926.241876
-9991149.080572 -420642.425093
-9989776.335885 -452071.630386
-9988304.724442 -483496.361619
-9986326.201043 -522770.510222
-9984632.194140 -554184.037785
-9983296.840111 -577740.601158
-9979964.896641 -632693.181423
-9976330.471619 -687626.585468
-9974117.891292 -719007.851561
-9972974.582802 -734695.835563
-9969396.618150 -781748.725626
-9964941.753445 -836621.688964
-9963613.454621 -852295.093783
-9960184.862524 -891469.295238
-9956602.248787 -930629.711249
-9952099.881909 -977603.161056
-9950549.840968 -993256.191736
-9947375.904031 -1024554.841828
-9945752.015888 -1040200.383802
-9939874.648043 -1094939.259132
-9939010.426616 -1102756.428055
-9938140.057413 -1110572.914869
-9934597.113668 -1141831.944331
-9928160.399672 -1196507.868082
-9922403.707684 -1243344.144532
-9918443.155058 -1274553.011800
-9915408.320392 -1297951.401209
-9912318.287159 -1321342.564988
-9904893.645725 -1375893.116083
-9900516.192199 -1407046.242313
-9896040.755307 -1438185.443297
-9889143.978311 -1484867.460834
-9885613.001605 -1508196.135290
-9882026.992201 -1531516.413695
-9874689.955456 -1578131.263111
-9868407.781658 -1616950.170821
-9863272.164132 -1647987.322847
-9861973.005436 -1655744.074444
-9860667.746615 -1663499.801881
-9852708.136561 -1710012.390522
-9843144.643146 -1764228.878040
-9837545.824617 -1795185.825634
-9828965.064100 -1841587.838988
-9823122.951168 -1872499.796056
-9817183.620815 -1903393.221380
-9808092.471465 -1949697.943577
-9806556.040619 -1957411.204166
-9801910.356825 -1980543.702311
-9798782.917837 -1995959.250363
-9797210.106301 -2003665.174872
-9790858.269291 -2034476.431579
-9781148.849737 -2080655.468665
-9772891.279166 -2119102.651028
-9762782.720379 -2165195.962187
-9752456.766260 -2211241.059274
-9747212.337618 -2234245.207086
-9736560.723144 -2280216.060933
-9732961.992817 -2295528.445999
-9729339.181195 -2310835.151468
-9725692.297243 -2326136.139469
-9723859.830961 -2333784.477588
-9714607.301932 -2372004.420157
-9703305.984049 -2417819.881612
-9691788.595248 -2463581.503628
-9678078.894436 -2516900.656179
-9674107.941412 -2532120.758953
-9668106.635566 -2554939.154525
-9660021.177376 -2585341.535010
-9647713.759287 -2630897.036920
-9635191.508194 -2676393.954638
-9620311.062479 -2729398.296540
-9611677.007499 -2759649.453012
-9600750.679650 -2797424.956491
-9585204.440357 -2850237.856137
-9582959.822272 -2857775.541346
-9569367.684260 -2902964.368268
-9553240.891354 -2955602.894802
-9536824.550423 -3008151.840324
-9520119.159028 -3060609.612136
-9503125.223492 -3112974.620301
-9490810.323398 -3150320.524214
-9480852.724489 -3180162.199724
-9468273.788990 -3217420.000050
-9463201.207661 -3232309.221488
-9452985.816056 -3262063.635407
-9445262.871811 -3284358.275582
-9432274.472119 -3321475.317177
-9419140.214252 -3358540.996366
-9400507.598645 -3410345.567214
-9389732.430400 -3439901.871492
-9370652.342050 -3491543.309831
-9356849.787350 -3528365.351968
-9354071.906521 -3535723.231197
-9334464.830457 -3587166.894494
-9320286.526543 -3623845.893955
-9314574.837226 -3638501.834782
-9294402.529671 -3689726.496157
-9273948.519192 -3740839.326058
-9256192.767371 -3784560.139998
-9241238.841870 -3820929.817141
-9226142.012318 -3857240.408445
-9207837.512367 -3900734.334180
-9198608.347509 -3922448.784769
-9195520.577083 -3929682.088471
-9173747.030575 -3980246.904278
-9161180.124348 -4009087.019416
-9158024.226302 -4016290.859794
-9142159.804788 -4052272.708459
-9122935.909780 -4095368.162454
-9106760.796949 -4131211.418839
-9100251.306871 -4145530.864893
-9087164.795353 -4174138.950981
-9083879.110239 -4181284.528773
-9067366.442926 -4216973.534385
-9064047.075414 -4224103.527932
-9047366.180532 -4259714.215223
-9030545.379595 -4295259.031430
-9010176.108867 -4337825.087206
-8993048.433244 -4373223.053690
-8975781.691521 -4408553.393819
-8961868.349908 -4436768.607773
-8937306.666048 -4486039.406539
-8916038.167563 -4528163.357760
-8901748.839032 -4556190.031901
-8898162.735922 -4563189.665688
-8872906.027943 -4612107.828237
-8854700.827589 -4646963.874821
-8828983.573651 -4695641.495706
-8817879.930330 -4716459.851869
-8810450.226131 -4730324.176298
-8784274.716884 -4778756.919776
-8761626.629297 -4820155.475584
-8734957.309069 -4868318.067745
-8723446.508056 -4888914.094264
-8711887.144064 -4909482.904450
-8684726.800709 -4957370.310664
-8669088.369021 -4984667.175459
-8661236.969904 -4998297.125139
-8645469.902251 -5025519.890446
-8621658.920207 -5066260.698346
-8613679.236540 -5079815.942532
-8593636.830843 -5113648.992605
-8565354.277978 -5160882.297895
-8540905.431692 -5201243.544278
-8520386.088262 -5234789.480672
-8495588.985004 -5274937.705593
-8470602.703984 -5314968.469451
-8453840.359134 -5341589.948907
-8428540.020339 -5381422.964750
-8411568.823565 -5407911.789816
-8385955.991939 -5447544.593784
-8360156.423833 -5487056.093120
-8347186.792968 -5506766.078498
-8329821.680218 -5532998.353132
-8303619.492785 -5572244.011083
-8299234.469045 -5578772.914165
-8277232.402320 -5611365.587625
-8255102.338684 -5643871.488425
-8232844.620349 -5676290.113903
-8201470.010493 -5721528.612790
-8174379.604225 -5760166.498117
-8147107.172810 -5798676.117421
-8124241.537655 -5830668.867106
-8105858.558101 -5856198.172541
-8092018.667761 -5875307.130747
-8078133.729571 -5894383.381421
-8045560.789038 -5938766.840843
-8022145.047985 -5970359.187611
-7998605.254623 -6001859.210338
-7974941.772964 -6033266.421917
-7970194.266204 -6039536.684131
-7960684.465732 -6052065.997414
-7951154.968934 -6064580.336675
-7917646.962427 -6108262.156978
-7903212.866997 -6126926.340257
-7874212.766399 -6164152.278252
-7849912.047257 -6195069.075509
-7840157.749590 -6207408.997444
-7805865.106386 -6250477.577026
-7771335.876159 -6293356.711638
-7756465.469129 -6311675.167990
-7746527.870520 -6323867.958083
-7716600.174526 -6360352.328802
-7691529.139353 -6390647.815244
-7671386.655921 -6414813.074077
-7656229.958519 -6432895.368517
-7630874.122761 -6462952.894969
-7610504.473976 -6486926.980596
-7574676.472525 -6528727.007356
-7538618.891119 -6570329.155717
-7502332.822623 -6611732.164766
-7481495.763257 -6635301.134414
-7471049.454600 -6647061.008214
-7439599.723019 -6682241.836484
-7434341.975973 -6688090.862443
-7407984.328194 -6717273.866177
-7376203.974131 -6752156.317208
-7349594.845660 -6781110.204432
-7328225.693508 -6804197.835528
-7306784.015419 -6827218.126881
-7269087.201897 -6867340.915611
-7242025.951137 -6895872.687562
-7236600.248912 -6901566.259730
-7203952.153029 -6935637.921408
-7171143.641247 -6969555.141944
-7138175.444138 -7003317.166079
-7116108.294382 -7025738.590542
-7088425.345361 -7053667.565405
-7066200.043807 -7075932.231226
-7043904.809529 -7098126.868005
-7027137.623179 -7114726.756868
-6999105.426094 -7142305.176511
-6970964.996712 -7169773.149453
-6948375.018320 -7191667.720688
-6908677.221295 -7229811.826871
-6874483.831616 -7262332.411068
-6845872.372167 -7289309.395547
-6822906.962140 -7310809.844742
-6782555.149899 -7348261.402440
-6765198.514451 -7364243.957126
-6741997.766012 -7385490.242569
-6724553.404370 -7401377.001057
-6718730.293412 -7406663.435339
-6677852.354338 -7443540.013573
-6660271.206493 -7459275.263453
-6636772.017044 -7480190.986451
-6607305.691162 -7506231.511454
-6583659.043531 -7526980.377185
-6542120.767014 -7563111.520387
-6518295.502379 -7583655.038546
-6494405.727518 -7604123.502836
-6488423.231772 -7609228.867986
-6476446.203741 -7619425.475064
-6434400.611277 -7654964.975335
-6410286.916697 -7675169.160717
-6392159.999342 -7690272.462196
-6349725.648201 -7725346.865518
-6343647.857513 -7730338.405262
-6331480.508308 -7740307.136860
-6307098.843993 -7760187.122235
-6288771.619375 -7775046.721360
-6252012.244559 -7804635.987276
-6221273.050048 -7829160.979105
-6178076.661596 -7863292.488738
-6153308.855155 -7882689.270362
-6109818.805797 -7916445.803537
-6097359.006648 -7926046.501507
-6072394.180958 -7945189.041871
-6047369.258036 -7964252.950338
-6041103.666123 -7969006.619093
-6022284.485547 -7983238.038236
-6016003.970010 -7987971.972461
-5978242.867723 -8016271.715363
-5946673.556220 -8039718.503515
-5940348.643340 -8044392.953826
-5921351.873941 -8058386.438051
-5902322.140682 -8072335.061654
-5883259.549499 -8086238.746984
-5851415.834898 -8109311.482925
-5832266.141893 -8123094.955134
-5813083.980962 -8136833.206492
-5781041.851918 -8159629.593699
-5755343.759381 -8177775.871920
-5710235.192077 -8209337.004361
-5703776.950849 -8213825.448289
-5658470.700226 -8245102.142162
-5619500.217419 -8271711.872789
-5599967.996532 -8284947.702781
-5586929.189926 -8293745.970715
-5580404.600912 -8298137.410896
-5534636.054819 -8328733.621668
-5514969.530952 -8341769.061336
-5475544.488219 -8367700.553769
-5462375.668736 -8376303.006315
-5442597.109061 -8389167.819781
-5416178.583970 -8406248.244404
-5376450.372930 -8431712.838292
-5349898.332229 -8448584.960502
-5316633.855702 -8469557.511724
-5276608.005417 -8494551.663106
-5249858.773293 -8511109.378952
-5229762.738073 -8523472.397061
-5189483.438209 -8548056.015525
-5155829.043232 -8568396.984090
-5122094.919892 -8588605.453251
-5101816.393231 -8600666.804950
-5054389.575966 -8628623.645424
-5013616.034675 -8652378.531760
-5006809.565818 -8656318.961986
-4986371.594325 -8668108.116729
-4952246.678372 -8687649.442545
-4931734.936473 -8699309.772411
-4904343.259698 -8714781.534327
-4870035.440003 -8733999.932053
-4863164.821996 -8737827.413843
-4814986.507057 -8764468.320261
-4808091.943312 -8768252.497771
-4780483.990549 -8783334.948418
-4759746.962869 -8794589.748787
-4745907.549913 -8802065.753428
-4711257.719830 -8820660.445644
-4683485.375391 -8835438.004904
-4655666.679464 -8850128.121656
-4634772.404957 -8861088.237584
-4627801.907364 -8864730.650516
-4606873.256677 -8875624.980637
-4599891.334863 -8879245.446965
-4571935.238186 -8893672.367354
-4536926.520509 -8911582.224695
-4522903.358895 -8918707.597298
-4515887.579456 -8922262.009699
-4473734.395473 -8943472.511210
-4452620.387207 -8954003.109639
-4424429.838175 -8967966.358493
-4403258.175469 -8978380.557772
-4353762.505910 -9002485.881252
-4346680.888880 -9005907.241930
-4304134.878689 -9026318.349474
-4282825.873002 -9036448.558009
-4261493.025044 -9046528.461101
-4225885.618237 -9063216.357430
-4175925.587655 -9086343.900952
-4154475.312356 -9096171.440723
-4118673.517552 -9112438.118079
-4089986.198253 -9125350.015101
-4054070.160602 -9141362.870651
-4032490.410718 -9150902.747132
-3982050.568490 -9172964.257533
-3938720.299395 -9191652.865678
-3931490.034773 -9194747.745669
-3880810.341999 -9216252.551305
-3859054.376931 -9225383.423787
-3830013.026213 -9237478.022655
-3800933.770646 -9249481.200109
-3757244.445350 -9267314.291524
-3728071.687561 -9279088.397704
-3676930.754424 -9299472.040238
-3662298.522130 -9305244.195334
-3625678.377636 -9319573.826197
-3581660.246329 -9336579.131559
-3552270.456233 -9347800.522357
-3544917.504201 -9350591.419178
-3500753.904399 -9367215.279945
-3449131.248637 -9386346.127737
-3419585.551702 -9397150.347557
-3404799.993846 -9402517.588492
-3382605.873207 -9410524.826307
-3352984.441382 -9421119.643432
-3323329.825761 -9431621.221678
-3271355.282850 -9449774.315473
-3256487.133052 -9454908.331246
-3226726.698663 -9465106.170146
-3204385.399901 -9472693.081110
-3189481.282684 -9477721.727684
-3144721.730149 -9492666.919256
-3137254.969711 -9495137.242559
-3129786.268724 -9497601.692644
-3107368.568670 -9504959.788365
-3084933.570056 -9512264.970465
-3069967.355674 -9517105.675314
-3040012.176818 -9526716.431426
-3025023.286460 -9531486.458909
-3010026.911590 -9536232.903590
-2964993.251035 -9550330.623665
-2927414.723149 -9561916.284861
-2874728.862894 -9577887.761132
-2867195.161514 -9580145.714225
-2859659.686630 -9582397.741519
-2852122.442903 -9584643.841619
-2821955.872829 -9593568.942360
-2769097.352443 -9608959.353265
-2716154.903821 -9624058.527381
-2701013.299030 -9628319.020393
-2685865.011391 -9632555.691019
-2655548.537510 -9640957.523241
-2625205.782212 -9649263.940894
-2617616.022102 -9651325.627127
-2572043.624163 -9663570.333754
-2518803.510353 -9677583.834627
-2495962.854514 -9683499.854334
-2480728.023382 -9687413.920857
-2434986.853935 -9699012.270389
-2412095.872363 -9704730.470370
-2373914.459344 -9714140.730899
-2343342.869671 -9721560.790077
-2289786.965141 -9734314.339196
-2282130.418374 -9736112.199104
-2251490.162555 -9743243.404940
-2243826.605105 -9745011.142437
-2236161.659735 -9746772.852156
-2213158.543527 -9752021.803771
-2190143.106779 -9757216.466382
-2159436.913959 -9764058.183698
-2105649.834279 -9775798.625964
-2082578.596876 -9780739.562417
-2051798.934712 -9787242.774730
-2036401.469747 -9790458.061501
-1990178.996514 -9799958.548986
-1967051.076716 -9804626.972078
-1951626.371971 -9807708.932479
-1943912.206446 -9809240.813316
-1897602.129802 -9818304.647798
-1889879.647672 -9819794.036400
-1858978.077078 -9825690.841307
-1835789.808764 -9830049.632532
-1820325.277613 -9832925.092956
-1804856.242613 -9835776.224757
-1758422.497312 -9844183.578182
-1727444.849841 -9849666.709628
-1673193.013641 -9859027.596021
-1618890.464836 -9868089.666337
-1603366.366617 -9870623.906036
-1580072.793078 -9874379.472583
-1533459.387170 -9881725.674593
-1525687.138323 -9882928.652781
-1517913.945762 -9884125.517883
-1463475.577803 -9892332.345467
-1455695.008671 -9893480.279544
-1401206.082562 -9901344.429631
-1362259.323287 -9906777.959363
-1307698.605038 -9914127.513724
-1299900.942631 -9915152.925666
-1253098.251910 -9921176.581992
-1221880.891684 -9925069.626282
-1214074.650072 -9926027.540968
-1198459.918779 -9927924.950516
-1182842.222255 -9929797.796393
-1143785.261670 -9934372.414762
-1104710.613895 -9938793.410648
-1089075.937712 -9940518.779314
-1057798.540262 -9943895.727944
-1034333.605083 -9946363.857883
-1003038.090411 -9949568.562967
-956076.302354 -9954190.981897
-924756.551477 -9957149.457576
-916925.171629 -9957873.680140
-901260.715284 -9959303.646495
-893427.648476 -9960009.389400
-877759.861818 -9961402.392484
-854254.121908 -9963445.683859
-807228.506204 -9967365.857576
-791549.254764 -9968623.263886
-736656.706546 -9972829.934211
-720968.947644 -9973976.327250
-673895.123290 -9977267.429653
-626806.292800 -9980336.360630
-603256.577917 -9981787.490284
-595405.920193 -9982258.852094
-540441.276015 -9985385.482152
-516879.888445 -9986632.824978
-493315.623431 -9987824.572732
-469748.612155 -9988960.718782
-446178.985812 -9990041.256803
-422606.875614 -9991066.180778
-375455.728564 -9992949.164080
-359736.769790 -9993527.378081
-351876.954199 -9993807.212925
-296852.423038 -9995592.960847
-273267.629594 -9996265.542822
-233956.324767 -9997262.847305
-226093.610208 -9997443.757252
-178914.556222 -9998399.350975
-147459.575363 -9998912.724573
-116003.135127 -9999327.140995
-60951.789481 -9999814.242243
-37357.692814 -9999930.219896
-5898.596454 -9999998.260328
25560.558283 -9999967.332840
33425.319603 -9999944.137244
72748.718781 -9999735.377695
119935.259326 -9999280.750813
143527.593760 -9998969.938440
198573.039846 -9998028.243001
214299.277669 -9997703.527290
253612.467406 -9996783.518531
261474.654190 -9996580.965771
308644.208256 -9995235.802757
332226.473625 -9994479.754856
371526.074441 -9993096.035564
410819.930077 -9991557.785703
418677.958310 -9991231.594114
465820.519157 -9989144.670287
489387.975389 -9988017.791812
544367.884982 -9985172.187088
567925.749757 -9983859.992145
599331.295395 -9982023.942987
630730.909574 -9980089.103796
669971.612774 -9977531.660590
701356.745067 -9975374.615329
732734.936177 -9973118.845843
740578.363001 -9972539.480406
764105.875560 -9970764.374457
818986.636215 -9966406.618722
842499.460429 -9964446.530499
881677.013599 -9961056.452189
897344.251262 -9959657.288016
920840.932752 -9957512.338761
959990.612266 -9953814.245020
1006950.578973 -9949173.359205
1014775.088355 -9948378.336194
1069528.807749 -9942640.903170
1116434.829436 -9937483.246357
1155504.234487 -9933016.156439
1186746.922264 -9929331.888022
1194555.771129 -9928395.465012
1249196.753763 -9921668.582975
1264801.581284 -9919691.374230
1319393.580496 -9912577.897790
1358363.478810 -9907312.887935
1373945.590368 -9905163.982222
1420671.374375 -9898570.242516
1459585.406091 -9892907.077413
1490700.409476 -9888266.394530
1529573.381011 -9882327.927776
1583955.669683 -9873757.361637
1591720.687477 -9872508.559280
1638289.950434 -9864887.532978
1653804.982372 -9862298.367028
1692574.576452 -9855718.710634
1723571.435545 -9850345.248090
1762293.485901 -9843491.335372
1777774.709104 -9840707.143477
1824191.834132 -9832208.508381
1847385.228459 -9827877.075832
1886017.967939 -9820536.452995
1893741.035159 -9819050.101296
1916903.189471 -9814554.608447
1947769.439808 -9808475.631277
1970906.493943 -9803852.691271
2001738.809749 -9797603.877354
2009443.805178 -9796026.520678
2024850.062448 -9792853.630306
2078732.260017 -9781557.758924
2124866.916558 -9771639.605865
2140234.671433 -9768285.189899
2193979.863060 -9756354.460580
2247658.557617 -9744128.027093
2262982.886014 -9740580.499006
2308922.125181 -9729793.349288
2354809.949818 -9718789.538839
2400645.338105 -9707569.312688
2415911.971902 -9703781.187971
2469297.870029 -9690333.741883
2514997.704701 -9678573.580097
2553038.163056 -9668608.800545
2598634.548419 -9656453.721929
2644173.068003 -9644083.615691
2682076.899679 -9633611.135198
2704799.328209 -9627256.130078
2757759.552774 -9612219.423686
2772875.763367 -9607869.691088
2787985.113311 -9603496.186700
2840813.270932 -9588001.875245
2855891.285581 -9583521.532555
2886026.079451 -9574489.723673
2923654.370985 -9563066.721456
2976257.895099 -9546826.118761
3006276.652765 -9537415.828569
3013776.704952 -9535048.503951
3021274.892967 -9532675.281427
3073709.622815 -9515897.706187
3088673.932482 -9511051.116402
3103630.600152 -9506180.994374
3111106.056673 -9503737.112533
3155918.222173 -9488950.425361
3208110.191850 -9471432.256895
3230448.505409 -9463836.561031
3252768.835228 -9456188.180476
3267639.002776 -9451060.011847
3275071.057051 -9448487.157808
3319620.680187 -9432927.357914
3349279.423153 -9422437.441854
3364096.382796 -9417157.507829
3408497.174504 -9401177.958713
3438055.596824 -9390408.602034
3489700.785689 -9371338.667787
3504437.195366 -9365837.920001
3555946.108562 -9346402.905557
3607347.245017 -9326684.612115
3622013.270178 -9320998.866573
3658639.046820 -9306683.637316
3687898.960415 -9295127.823638
3709819.959374 -9286400.587366
3724422.492666 -9280553.706332
3731720.305957 -9277621.654180
3760888.431443 -9265836.077022
3811842.915199 -9244990.729571
3848168.330639 -9229929.604232
3855426.290840 -9226900.244172
3862681.866267 -9223865.176812
3906164.987350 -9205535.024734
3920640.079570 -9199379.401159
3942334.518375 -9190103.293502
3949561.126876 -9186999.885984
3971226.276500 -9177655.575409
4021692.110013 -9155653.585204
4064851.579748 -9136573.845519
4072036.050545 -9133374.097400
4093574.332619 -9123740.964282
4115089.825975 -9114057.039769
4150898.014715 -9097804.442360
4193783.063886 -9078115.642195
4229449.308670 -9061553.870358
4250817.697320 -9051549.530558
4257935.240723 -9048203.550198
4286379.032869 -9034763.681834
4307684.053308 -9024625.094533
4321874.084996 -9017838.121936
4357302.304817 -9000773.112596
4385596.393220 -8987020.878788
4420902.934999 -8969705.526901
4442054.080407 -8959249.720079
4456141.113116 -8952251.469882
4463180.497128 -8948744.037576
4484282.067554 -8938188.537876
4498335.919657 -8931123.890862
4547436.527037 -8906223.724597
4575432.230422 -8891873.812916
4596399.306712 -8881053.620672
4631287.514246 -8862910.129319
4645222.774676 -8855614.341966
4693905.451144 -8829906.659513
4742445.860598 -8803931.352487
4749368.505333 -8800198.793240
4763204.977357 -8792717.346969
4790842.531833 -8777689.208167
4825322.767011 -8758781.889862
4839093.998001 -8751181.021926
4887198.796653 -8724407.597195
4935155.469786 -8697369.745448
4982962.563889 -8670068.286172
5003405.169766 -8658287.169363
5044206.706778 -8634580.400882
5091666.472258 -8606679.530184
5132223.497358 -8582556.843573
5152459.210077 -8570423.798651
5165933.756907 -8562308.591685
5179395.522183 -8554172.199856
5212993.797580 -8533738.668742
5233114.102093 -8521415.187308
5259895.838254 -8504910.097745
5286625.518311 -8488320.836841
5333276.403021 -8459087.587263
5359861.566326 -8442267.704226
5379765.642100 -8429597.952220
5393018.394518 -8421125.375886
5426091.826513 -8399852.825511
5452490.183117 -8382741.246335
5491986.457456 -8356918.376478
5531360.437542 -8330909.416744
5570611.246605 -8304714.946294
5583667.327142 -8295942.332237
5609738.010618 -8278335.548420
5616247.016800 -8273921.044238
5655227.960599 -8247326.640413
5681145.349223 -8229494.973630
5713462.988416 -8207090.878015
5726365.333623 -8198093.684868
5745692.276144 -8184559.870137
5752127.487631 -8180038.469716
5784250.095851 -8157355.627202
5803480.758389 -8143685.350442
5848226.478641 -8111611.865377
5886438.925329 -8083924.590097
5899147.321088 -8074655.465349
5943511.559325 -8042056.350472
5956154.027477 -8032697.504635
5981394.722389 -8013920.212666
6012862.316549 -7990337.086896
6056760.631068 -7957113.211331
6088004.255355 -7933234.156810
6106705.272017 -7918847.815227
6150208.592424 -7885108.386679
6174984.024536 -7865721.346242
6193525.506901 -7851129.969334
6218193.831516 -7831606.825786
6255080.854471 -7802176.843934
6273472.184668 -7787396.660515
6279594.872207 -7782460.294852
6322344.714371 -7747771.119017
6334523.815413 -7737816.748410
6346687.243576 -7727843.232897
6377027.047739 -7702825.847207
6389135.384086 -7692785.519161
6401227.912435 -7682726.157626
6419336.999522 -7667601.481987
6443426.842059 -7647368.863278
6485430.478638 -7611779.785750
6509344.383913 -7591339.518927
6539146.144903 -7565683.557723
6556978.693513 -7550233.798553
6568846.786283 -7539910.602808
6610256.929094 -7503632.675669
6645591.922792 -7472356.254604
6657337.407793 -7461893.770270
6686628.993647 -7435656.843972
6698316.701232 -7425129.855430
6715817.179256 -7409304.934662
6750705.878262 -7377531.439797
6756506.067614 -7372219.866383
6762302.077729 -7366903.732882
6773881.545908 -7356257.798773
6814277.512387 -7318853.870940
6831526.916197 -7302755.643815
6848738.289248 -7286616.762626
6877339.138062 -7259628.529069
6900143.266765 -7237957.094244
6934221.347049 -7205315.698158
6951202.530886 -7188934.787199
6979418.464059 -7161544.379780
6990674.641904 -7150557.184656
6996296.246443 -7145056.950928
7018739.354270 -7123011.854323
7035526.112158 -7106431.757581
7057847.514358 -7084263.438359
7080099.066497 -7062025.007644
7091198.579948 -7050879.569227
7102280.548356 -7039716.685523
7113344.944302 -7028536.384154
7140928.875099 -7000509.610076
7157426.256605 -6983641.555897
7179360.768291 -6961090.357029
7217575.063104 -6921460.121134
7250156.104258 -6887324.332706
7277183.676711 -6858760.655935
7314833.130382 -6818593.423476
7346927.675139 -6783999.833157
7368233.193585 -6760853.467200
7405342.256146 -6720186.460905
7426446.734210 -6696856.643526
7457965.577462 -6661737.719649
7468434.988164 -6649998.408088
7473662.765731 -6644122.580456
7510127.588607 -6602876.918650
7515318.293195 -6596968.315216
7520504.349182 -6591055.631227
7551522.885051 -6555494.040616
7556676.311175 -6549552.895285
7572108.531713 -6531705.166644
7587498.598712 -6513821.076338
7607952.967827 -6489919.232112
7623244.343794 -6471950.685443
7633415.022902 -6459951.632028
7653699.696213 -6435905.605289
7683984.617861 -6399717.211914
7704079.548683 -6375512.395687
7709091.375752 -6369451.323333
7729090.968480 -6345167.673195
7749014.067989 -6320821.226242
7758946.871139 -6308624.529233
7783694.837684 -6278064.564323
7798485.866836 -6259681.955559
7823041.066495 -6228966.886405
7857215.025974 -6185804.073491
7871788.167712 -6167248.255314
7891150.842071 -6142453.775788
7920048.361888 -6105148.150975
7953539.188376 -6061453.157368
7963063.763301 -6048935.071697
7991519.180784 -6011291.141108
8024492.210434 -5967204.099466
8057222.026719 -5922936.198555
8066528.591951 -5910255.195442
8080451.010982 -5891206.282174
8094328.446558 -5872124.572865
8117357.332905 -5840249.132523
8121948.058578 -5833863.191210
8126533.760420 -5827473.641361
8140260.694605 -5808283.380127
8163038.177488 -5776227.809988
8185689.429327 -5744082.917804
8208214.099850 -5711849.200655
8217188.447202 -5698930.954414
8221667.998151 -5692466.541683
8248438.411305 -5653606.262813
8252882.305648 -5647117.286644
8270606.807373 -5621126.491891
8288249.456608 -5595080.066008
8292647.308986 -5588559.797369
8314559.575314 -5555906.682851
8340684.547379 -5516609.582082
8353677.421464 -5496914.910941
8370928.900793 -5470607.766773
8392376.728741 -5437647.730673
8396650.731611 -5431045.616760
8426423.179092 -5384736.985857
8439104.669505 -5364840.386920
8460136.051981 -5331613.075043
8489360.128502 -5284956.443397
8501806.017875 -5264911.626459
8526555.740250 -5224734.175860
8538859.435472 -5204601.765865
8567383.079916 -5157513.660861
8587598.181486 -5123783.511560
8607680.486731 -5089974.129438
8619665.998368 -5069650.685854
8635572.025356 -5042508.879010
8663201.829471 -4994890.795788
8682776.694024 -4960785.107390
8686675.564408 -4953954.747342
8690569.061648 -4947121.323025
8694457.183335 -4940284.838665
8706089.271051 -4919757.067629
8721523.318085 -4892344.122412
8733042.217386 -4871752.623991
8748325.113237 -4844255.124692
8767306.961764 -4809815.863232
8778631.013438 -4789116.570925
8789906.194925 -4768390.617852
8804863.641502 -4740714.740897
8819733.948159 -4712991.946067
8830829.404016 -4692169.225119
8845546.862211 -4664364.984479
8860176.777852 -4636514.581580
8867458.861935 -4622572.155401
8871091.677651 -4615596.651216
8896367.620244 -4566688.424391
8903539.825908 -4552689.157900
8907117.668921 -4545685.298390
8910690.002434 -4538678.627146
8932008.180548 -4496579.796091
8956627.973019 -4447338.007498
8980976.300133 -4397961.425075
8984432.429008 -4390896.711219
8991328.012658 -4376759.139911
9008469.606845 -4341367.911448
9025471.896463 -4305909.549231
9045690.391936 -4263271.670120
9069024.023577 -4213407.559183
9072334.977390 -4206273.654676
9082234.160492 -4184856.348070
9092082.783265 -4163415.744585
9108384.649480 -4127629.958841
9127760.945397 -4084602.811006
9130970.578751 -4077422.750951
9146933.986498 -4041484.708204
9150109.702419 -4034289.582281
9172181.129870 -3983854.078760
9193974.558791 -3933297.829087
9200150.099167 -3918831.222801
9215489.328647 -3882622.365566
9236724.787350 -3831829.224111
9248733.682131 -3802752.329170
9257680.291277 -3780919.944207
9272476.755322 -3744485.922262
9275418.848961 -3737192.151380
9278355.205289 -3729896.068858
9287129.832262 -3707993.996585
9304523.934727 -3664128.047448
9310275.945447 -3649487.884572
9330226.485646 -3598176.444610
9347101.894633 -3554108.351098
9352680.796264 -3539401.350963
9369278.603813 -3495227.953100
9380227.924317 -3465735.721007
9393784.014268 -3428822.231215
9404524.306879 -3399253.235833
9420460.197885 -3354836.756097
9436186.316317 -3310345.571651
9454267.858337 -3258346.093161
9467007.839394 -3221143.053150
9474581.570807 -3198797.283062
9492048.420918 -3146588.116507
9494520.212287 -3139121.841928
9511658.227291 -3086803.810936
9523723.193847 -3049376.416085
9540366.688183 -2996898.973108
9545068.883500 -2981888.664797
9559033.724751 -2936813.621779
9568225.383310 -2906727.199821
9575056.988737 -2884143.488531
9586324.526138 -2846468.352110
9601849.996096 -2793649.343149
9604044.174399 -2786096.821038
9612761.468270 -2755869.545923
9614925.930162 -2748308.453848
9623524.291267 -2718047.132667
9627787.761338 -2702906.365866
9629910.564128 -2695333.472300
9634138.298653 -2680182.688256
9644603.326297 -2642276.798214
9656964.478517 -2596735.847301
9663064.432020 -2573943.624601
9677088.400688 -2520706.267154
9683008.911208 -2497866.774964
9696613.749527 -2444520.769495
9706151.580081 -2406371.023864
9717398.840726 -2360542.261910
9728429.716637 -2314660.935960
9737456.641978 -2276387.081669
9741025.258174 -2261067.650387
9742800.528854 -2253405.834501
9746332.989890 -2238078.025936
9751586.464273 -2215075.942221
9753325.560152 -2207405.834387
9756785.652077 -2192061.527292
9763633.406708 -2161356.680284
9765330.249764 -2153677.114391
9773723.838991 -2115259.397602
9781966.289962 -2076808.971006
9788451.345463 -2046025.478215
9791657.549331 -2030626.119361
9796421.427948 -2007517.672661
9807325.014332 -1953554.724918
9810385.742195 -1938125.792962
9813422.197201 -1922692.065695
9823858.533057 -1868636.808605
9826785.668108 -1853181.975162
9833997.118772 -1814524.915228
9839656.793956 -1783579.035856
9843837.647055 -1760358.025635
9846594.439358 -1744871.899826
9853379.819652 -1706137.781562
9857377.916829 -1682884.608288
9866493.367564 -1628590.994640
9872821.332397 -1589779.525143
9880213.356463 -1543173.363807
9888559.304746 -1488756.150792
9889727.122642 -1480978.541261
9893193.869711 -1457640.235557
9898849.383432 -1418725.091102
9902169.222045 -1395365.435285
9908643.506498 -1348622.949951
9913870.202529 -1309647.894442
9916932.638609 -1286253.101568
9922891.872869 -1239442.164584
9925788.637874 -1216026.281068
9927689.117553 -1200411.923144
9934147.331799 -1145738.534793
9937702.567564 -1114480.900974
9941159.451936 -1083212.237367
9942851.001621 -1067573.866096
9946972.239195 -1028466.466486
9950939.659446 -989343.162945
9952483.544873 -973689.523938
9954753.201023 -950204.560466
9955497.438666 -942375.057353
9959126.248200 -903218.895070
9961918.414647 -871883.879834
9963947.840579 -848376.938759
9965269.975894 -832703.012812
9967206.947728 -809188.273000
9969703.262023 -777828.301886
9970311.924650 -769987.094169
9973262.723330 -730774.008464
9976059.298137 -691549.622264
9978185.487654 -660162.384548
9978701.605827 -652314.542126
9982141.590492 -597368.619341
9984849.349348 -550257.640406
9985279.027633 -542404.590984
9986531.003071 -518843.449121
9988868.163778 -471712.631453
9989953.336034 -448143.218021
9991638.367940 -408855.383124
9993456.453505 -361701.689110
9994801.536717 -322400.746952
9995052.007150 -314539.940809
9996211.619746 -275233.088963
9997028.013904 -243784.513894
9998218.628549 -188743.889244
9998997.965543 -141561.594597
9999554.647220 -94376.147690
9999749.488248 -70782.570485
9999972.165258 -23594.365293
10000000.000000 -0.000001
