2000
335787.806503 -9997140.223842
479696.489646 -9994281.447684
546853.101441 -9991422.671527
582828.541344 -9988563.895369
617563.319232 -9985705.119211
642130.469701 -9982846.343053
756150.709759 -9965693.686106
950512.946517 -9934247.148371
1094384.702612 -9908518.162950
1138813.780493 -9899941.834477
1217279.212030 -9882789.177530
1355733.733784 -9851342.639794
1436745.850657 -9831331.206690
1549874.127776 -9802743.445111
1610276.400761 -9785590.788165
1650145.362850 -9774155.683533
1726841.511041 -9751285.474271
1813606.735101 -9722697.712693
1821855.771209 -9719838.936535
1837578.950242 -9714121.384220
1901795.084145 -9688392.398799
1936010.688302 -9674098.518010
2007853.527520 -9642651.980274
2026248.465230 -9634075.651801
2055996.396063 -9619781.771012
2096914.348945 -9599770.337907
2158689.514223 -9568323.800172
2175077.513732 -9559747.471698
2202242.548431 -9545453.590909
2264400.145870 -9511148.277015
2299565.525186 -9491136.843911
2346719.079541 -9462549.082333
2402512.731962 -9428243.768439
2456789.069336 -9393938.454545
2469657.671108 -9385362.126072
2482308.422361 -9376785.797599
2519473.883300 -9351056.812178
2563263.190559 -9319610.274443
2586679.652606 -9302457.617496
2636247.665687 -9265293.527444
2639879.318323 -9262434.751286
2685584.696460 -9225270.661235
2722805.581501 -9193824.123499
2743038.732774 -9176671.466552
2775757.108269 -9148083.704974
2791797.768209 -9133789.824185
2794954.642870 -9130931.048027
2828293.747573 -9099484.510292
2837062.518120 -9090908.181818
2854044.968247 -9073755.524871
2873249.051745 -9053744.091767
2889174.977934 -9036591.434820
2920433.663713 -9002286.120926
2935939.161303 -8985133.463979
2938483.067739 -8982274.687822
2946036.118035 -8973698.359348
2951045.653190 -8967980.807033
2965883.851226 -8950828.150086
2997160.379078 -8913664.060034
3004342.546135 -8905087.731561
3016254.228885 -8890793.850772
3034857.148853 -8867923.641509
3041686.030082 -8859347.313036
3043915.208714 -8856488.536878
3048353.133504 -8850770.984563
3063469.676043 -8830759.551458
3067759.910124 -8825041.999142
3093218.384423 -8790736.685249
3105619.958789 -8773584.028302
3109727.347159 -8767866.475986
3115875.302553 -8759290.147513
3135856.951772 -8730702.385935
3145663.801719 -8716408.505146
3162996.383250 -8690679.519726
3185967.623824 -8656374.205832
3210803.368094 -8619210.115780
3220131.421361 -8604916.234991
3238499.563265 -8576328.473413
3240322.292030 -8573469.697256
3249366.520858 -8559175.816467
3254752.003176 -8550599.487993
3274024.014271 -8519152.950257
3291287.995006 -8490565.188679
3311632.374427 -8456259.874786
3315010.941012 -8450542.322470
3316673.354028 -8447683.546312
3333238.853130 -8419095.784734
3351207.111712 -8387649.246998
3364050.843752 -8364779.037736
3373472.998190 -8347626.380789
3378176.150321 -8339050.052316
3395363.194650 -8307603.514580
3398472.457172 -8301885.962264
3407631.701032 -8284733.305317
3427282.627632 -8247569.215266
3440646.936521 -8221840.229846
3451024.716743 -8201828.796741
3456851.838598 -8190393.692110
3458283.666205 -8187534.915952
3475149.441234 -8153229.602058
3491759.729135 -8118924.288165
3499965.178615 -8101771.631218
3514807.570800 -8070325.093482
3522784.702258 -8053172.436535
3524094.953181 -8050313.660377
3538280.813384 -8018867.122642
3545930.712934 -8001714.465695
3556116.105223 -7978844.256432
3569905.376690 -7947397.718696
3576060.790400 -7933103.837907
3578479.387805 -7927386.285592
3579667.571949 -7924527.509434
3587841.523282 -7904516.076329
3590164.584130 -7898798.524014
3602907.680314 -7867351.986278
3610963.678023 -7847340.553173
3624559.088782 -7813035.239280
3625680.368578 -7810176.463122
3627891.503094 -7804458.910806
3636724.764277 -7781588.701544
3650951.655028 -7744424.611492
3656395.921710 -7730130.730703
3660734.891396 -7718695.626072
3670448.612432 -7692966.640652
3677928.538262 -7672955.207547
3687485.993744 -7647226.222127
3698079.098451 -7618638.460549
3699125.427854 -7615779.684391
3711498.671719 -7581474.370497
3714543.748556 -7572898.042024
3720568.584056 -7555745.385077
3733575.782889 -7518581.295026
3739557.720290 -7501428.638079
3749515.782318 -7472840.876501
3755406.498639 -7455688.219554
3762206.888913 -7435676.786449
3764131.841353 -7429959.234134
3765087.651362 -7427100.457976
3766997.064060 -7421382.905660
3778335.464410 -7387077.591767
3789506.786842 -7352772.277873
3790425.171927 -7349913.501715
3794981.099212 -7335619.620926
3798581.315588 -7324184.516295
3801272.484077 -7315608.187822
3806595.550057 -7298455.530875
3812771.673867 -7278444.097770
3818036.503736 -7261291.440823
3826715.836303 -7232703.679245
3830157.516689 -7221268.574614
3841234.681165 -7184104.484563
3842933.362889 -7178386.932247
3853951.072186 -7141222.842196
3854795.862626 -7138364.066038
3863189.663121 -7109776.304460
3866504.542647 -7098341.199828
3874713.161615 -7069753.438250
3882046.625998 -7044024.452830
3890160.754009 -7015436.691252
3899002.613318 -6983990.153516
3902988.285335 -6969696.272727
3904577.594365 -6963978.720412
3907716.998969 -6952543.615780
3913160.325797 -6932532.182676
3922377.873051 -6898226.868782
3927700.343773 -6878215.435678
3933770.838489 -6855345.226415
3935279.270895 -6849627.674099
3936768.069268 -6843910.121784
3940482.597312 -6829616.240995
3945625.980246 -6809604.807890
3951434.302535 -6786734.598628
3955777.592555 -6769581.941681
3957921.494921 -6761005.613208
3959335.377906 -6755288.060892
3964245.325286 -6735276.627787
3969093.387229 -6715265.194683
3976704.361660 -6683818.656947
3982212.785952 -6660948.447684
3984951.020725 -6649513.343053
3986305.660046 -6643795.790738
3987651.197080 -6638078.238422
3988987.716536 -6632360.686106
3996289.435356 -6600914.148371
3999598.889058 -6586620.267581
4000253.246606 -6583761.491424
4004175.657119 -6566608.834477
4008730.101053 -6546597.401372
4013920.375451 -6523727.192110
4017130.673744 -6509433.311321
4025453.819908 -6472269.221269
4030546.839345 -6449399.012007
4038107.695679 -6415093.698113
4043101.208518 -6392223.488851
4047442.011595 -6372212.055746
4050522.388138 -6357918.174957
4056620.358484 -6329330.413379
4059050.497370 -6317895.308748
4065053.066642 -6289307.547170
4065650.554377 -6286448.771012
4068629.724837 -6272154.890223
4070993.357490 -6260719.785592
4077451.597243 -6229273.247856
4080362.987680 -6214979.367067
4086169.764827 -6186391.605489
4089057.232384 -6172097.724700
4096537.209482 -6134933.634648
4097107.357617 -6132074.858491
4101614.804908 -6109204.649228
4108314.764191 -6074899.335334
4109971.612901 -6066323.006861
4114357.977516 -6043452.797599
4117641.802530 -6026300.140652
4124731.063944 -5989136.050600
4129590.493564 -5963407.065180
4134926.959642 -5934819.303602
4135981.844910 -5929101.751286
4140720.305988 -5903372.765866
4146981.790700 -5869067.451973
4152711.197738 -5837620.914237
4156863.122216 -5814750.704974
4157378.406474 -5811891.928816
4160453.552766 -5794739.271870
4163498.601376 -5777586.614923
4166530.079308 -5760433.957976
4170051.050313 -5740422.524871
4175559.372943 -5708975.987136
4177539.317924 -5697540.882504
4179018.994636 -5688964.554031
4185362.794956 -5651800.463979
4187781.112610 -5637506.583190
4191633.260688 -5614636.373928
4197848.660954 -5577472.283877
4200226.493799 -5563178.403087
4201648.135172 -5554602.074614
4207797.652315 -5517437.984563
4212490.414024 -5488850.222985
4213887.045990 -5480273.894511
4218054.703663 -5454544.909091
4218516.956128 -5451686.132933
4220817.993685 -5437392.252144
4222652.306739 -5425957.147513
4225396.468042 -5408804.490566
4227657.068430 -5394510.609777
4228108.787956 -5391651.833619
4233486.355677 -5357346.519726
4239245.318174 -5320182.429674
4239685.575340 -5317323.653516
4240560.643202 -5311606.101201
4246228.451086 -5274442.011149
4248835.102279 -5257289.354202
4251003.463194 -5242995.473413
4254433.073757 -5220125.264151
4254858.365828 -5217266.487993
4256130.850056 -5208690.159520
4258669.051663 -5191537.502573
4259089.091610 -5188678.726415
4259926.936559 -5182961.174099
4265368.094394 -5145797.084048
4269939.548157 -5114350.546312
4273226.042913 -5091480.337050
4274453.009404 -5082904.008576
4277704.601446 -5060033.799314
4279715.242497 -5045739.918525
4281713.376624 -5031446.037736
4284901.849056 -5008575.828473
4289282.089683 -4977129.290738
4294440.295394 -4939965.200686
4295628.527626 -4931388.872213
4299578.707917 -4902801.110635
4301151.739593 -4891366.006003
4303887.376505 -4871354.572899
4304662.025506 -4865637.020583
4305048.310995 -4862778.244425
4310047.579320 -4825614.154374
4313886.283242 -4797026.392796
4315403.960014 -4785591.288165
4319940.660375 -4751285.974271
4324091.834655 -4719839.436535
4326705.126530 -4699828.003431
4327445.082781 -4694110.451115
4330399.572563 -4671240.241852
4334089.353943 -4642652.480274
4338501.132755 -4608347.166381
4339600.099378 -4599770.837907
4341426.750465 -4585476.957118
4342150.828657 -4579759.404803
4343226.166874 -4571183.076329
4343937.868055 -4565465.524014
4346779.500160 -4542595.314751
4350676.094563 -4511148.777015
4352080.187933 -4499713.672384
4354857.769906 -4476843.463122
4356581.094380 -4462549.582333
4361045.342030 -4425385.492281
4361386.233520 -4422526.716124
4361726.499091 -4419667.939966
4364433.642119 -4396797.730703
4365776.033888 -4385362.626072
4367117.187606 -4373927.521441
4371125.816830 -4339622.207547
4375448.473417 -4302458.117496
4376436.812777 -4293881.789022
4379371.689143 -4268152.803602
4381650.126256 -4248141.370497
4385523.390993 -4213836.056604
4387123.734709 -4199542.175815
4388390.877117 -4188107.071184
4390894.354547 -4165236.861921
4391512.584015 -4159519.309606
4393049.393806 -4145225.428816
4394570.219457 -4130931.548027
4396381.340330 -4113778.891081
4396979.872491 -4108061.338765
4397572.687228 -4102343.786449
4401407.483380 -4065179.696398
4404320.521223 -4036591.934820
4405183.473677 -4028015.606346
4408054.386030 -3999427.844768
4410894.634756 -3970840.083190
4414272.996539 -3936534.769297
4415953.894205 -3919382.112350
4416232.667112 -3916523.336192
4419853.141426 -3879359.246141
4422349.741500 -3853630.260720
4423176.194358 -3845053.932247
4424001.827990 -3836477.603774
4426186.083667 -3813607.394511
4428082.118640 -3793595.961407
4428885.800104 -3785019.632933
4429152.618846 -3782160.856775
4431794.028526 -3753573.095197
4435193.232132 -3716409.005146
4435452.059358 -3713550.228988
4438267.266625 -3682103.691252
4438519.788935 -3679244.915094
4438770.746907 -3676386.138937
4440761.782473 -3653515.929674
4441744.890471 -3642080.825043
4442968.624934 -3627786.944254
4444899.927297 -3604916.734991
4447784.620557 -3570611.421098
4449216.267529 -3553458.764151
4449686.890818 -3547741.211835
4450387.526024 -3539164.883362
4452004.745149 -3519153.450257
4455004.892464 -3481989.360206
4456829.132106 -3459119.150943
4459544.572477 -3424813.837050
4460443.759820 -3413378.732419
4463346.802274 -3376214.642367
4464007.117423 -3367638.313894
4464446.835819 -3361920.761578
4466857.180974 -3330474.223842
4468158.684786 -3313321.566895
4470325.413111 -3284733.805317
4471401.454196 -3270439.924528
4473733.978917 -3238993.386792
4475214.919978 -3218981.953688
4475634.176563 -3213264.401372
4477913.584821 -3181817.863636
4479980.967345 -3153230.102058
4482017.201256 -3124642.340480
4482622.345326 -3116066.012007
4485014.394010 -3081760.698113
4486196.210894 -3064608.041166
4487958.311901 -3038879.055746
4488536.503204 -3030302.727273
4490812.747748 -2995997.413379
4491376.212542 -2987421.084906
4493793.714737 -2950256.994854
4495456.933328 -2924528.009434
4497464.313884 -2893081.471698
4497646.341449 -2890222.695540
4499635.967327 -2858776.157804
4500898.869986 -2838764.724700
4501435.976177 -2830188.396226
4501971.705063 -2821612.067753
4504100.864611 -2787306.753859
4505856.864797 -2758718.992281
4507073.290998 -2738707.559177
4508962.301502 -2707261.021441
4510148.529880 -2687249.588336
4511669.608257 -2661520.602916
4512506.745173 -2647226.722127
4513837.146115 -2624356.512865
4514168.845582 -2618638.960549
4514664.369717 -2610062.632075
4516128.717298 -2584333.646655
4516451.441358 -2578616.094340
4517881.596018 -2552887.108919
4518196.736132 -2547169.556604
4519295.057062 -2527158.123499
4519758.444215 -2518581.795026
4520370.982690 -2507146.690395
4522048.170789 -2475700.152659
4522351.789336 -2469982.600343
4524305.248141 -2432818.510292
4525941.234909 -2401371.972556
4526235.174850 -2395654.420240
4527676.425002 -2367066.658662
4529535.862166 -2329902.568611
4530391.447211 -2312749.911664
4531369.828124 -2292738.478559
4532200.627421 -2275585.821612
4533021.029504 -2258433.164666
4533292.334604 -2252715.612350
4534099.771852 -2235562.955403
4534894.278856 -2218410.298456
4535545.621114 -2204116.417667
4536824.726508 -2175528.656089
4537708.125342 -2155517.222985
4539326.528532 -2118353.132933
4540302.032049 -2095482.923671
4541878.937912 -2058318.833619
4543070.725900 -2029731.072041
4544133.804635 -2004002.086621
4545071.993451 -1981131.877359
4545420.644113 -1972555.548885
4546678.140603 -1941109.011149
4547127.831457 -1929673.906518
4548461.768230 -1895368.592624
4549344.339824 -1872498.383362
4550322.133600 -1846769.397942
4550537.326929 -1841051.845626
4551609.108358 -1812464.084048
4551928.133257 -1803887.755575
4552346.816159 -1792452.650943
4552449.818753 -1789593.874786
4553061.587149 -1772441.217839
4554079.120020 -1743853.456261
4554179.209915 -1740994.680103
4555456.092480 -1703830.590051
4555745.784185 -1695254.261578
4556309.036099 -1678101.604631
4557328.039154 -1646655.066895
4558146.923890 -1620926.081475
4558868.230809 -1598055.872213
4559586.244187 -1575185.662950
4560384.751917 -1549456.677530
4561259.651578 -1520868.915952
4561431.757485 -1515151.363636
4561856.895335 -1500857.482847
4562532.197380 -1477987.273585
4563433.719589 -1446540.735849
4563597.223789 -1440823.183533
4563838.801815 -1432246.855060
4564704.381581 -1400800.317324
4565716.736880 -1363636.227273
4566715.848131 -1326472.137221
4566866.707595 -1320754.584906
4567161.106819 -1309319.480274
4567952.834298 -1277872.942539
4568515.654307 -1255002.733276
4569403.900617 -1217838.643225
4569807.789077 -1200685.986278
4570674.992180 -1163521.896226
4571508.047352 -1126357.806175
4571890.111988 -1109205.149228
4572135.946964 -1097770.044597
4572317.905032 -1089193.716124
4573095.916329 -1052029.626072
4573734.308643 -1020583.088336
4573847.966922 -1014865.536021
4574299.384096 -991995.326758
4574522.681402 -980560.222127
4574902.205853 -960548.789022
4575480.944608 -929102.251286
4575999.049980 -900514.489708
4576553.534606 -869067.951973
4576795.561246 -854774.071184
4577025.586352 -840480.190395
4577156.408384 -831903.861921
4577633.892555 -800457.324185
4578195.596257 -763293.234134
4578408.641530 -748999.353345
4578491.863905 -743281.801029
4578896.006804 -714694.039451
4579166.346933 -694682.606347
4579279.815828 -686106.277873
4579389.101913 -677529.949400
4579496.596017 -668953.620926
4579797.585843 -643224.635506
4580152.335941 -611778.097770
4580527.407207 -577472.783877
4580878.631773 -543167.469983
4581129.536905 -517438.484563
4581260.986987 -503144.603774
4581363.765247 -491709.499142
4581669.718467 -457404.185249
4581694.817672 -454545.409091
4581839.460481 -437392.752144
4581861.385883 -434533.975986
4582039.088309 -408804.990566
4582277.735802 -371640.900515
4582347.203202 -360205.795883
4582527.082841 -325900.481990
4582540.488704 -323041.705832
4582684.729271 -288736.391938
4582730.434066 -277301.287307
4582813.926385 -254431.078045
4582939.309918 -217266.987993
4583011.719419 -194396.778731
4583044.113582 -180102.897942
4583108.851656 -148656.360206
4583147.278780 -128644.927101
4583192.282776 -100057.165523
4583216.911197 -82904.508576
4583223.933705 -77186.956261
4583240.203977 -57175.523156
4583244.654774 -40022.866209
4583249.155023 -2858.776158
4583245.149307 22870.209262
4583233.873812 34305.313894
4583189.809770 65751.851629
4583129.967735 94339.613208
4583023.878665 131503.703259
4582921.050299 162950.240995
4582799.374347 197255.554888
4582711.769673 217266.987993
4582651.413718 228702.092624
4582635.730585 231560.868782
4582416.399914 268724.958834
4582289.977911 288736.391938
4582123.868743 314465.377358
4582084.577513 320182.929674
4581859.754427 351629.467410
4581702.806342 371640.900515
4581630.782519 380217.228988
4581292.882890 417381.319039
4580949.822416 454545.409091
4580806.955107 468839.289880
4580557.702715 491709.499142
4580164.736763 526014.813036
4579757.448796 560320.126930
4579514.292607 580331.560034
4579164.936445 608919.321612
4578771.886359 640365.859348
4578372.265913 671812.397084
4577868.910241 708976.487135
4577829.991265 711835.263293
4577375.560275 743281.801029
4576912.349517 774728.338765
4576826.532523 780445.891081
4576237.561889 817609.981132
4575622.598813 854774.071184
4575224.945680 877644.280446
4574573.551915 914808.370497
4573919.554050 951972.460549
4573766.828266 960548.789022
4573341.915610 983418.998285
4572954.660706 1003430.431389
4572264.266558 1037735.745283
4571505.880022 1074899.835334
4570964.538098 1100628.820755
4570478.510700 1123499.030017
4570288.991930 1132075.358491
4569965.052240 1146369.239280
4569107.048499 1183533.329331
4568509.406960 1209262.314751
4568036.079275 1229273.747856
4567281.145521 1260720.285592
4566925.834434 1275014.166381
4565983.559264 1312178.256432
4565166.136563 1343624.794168
4564565.139964 1366495.003431
4564413.670047 1372212.555746
4563426.469800 1409376.645798
4563348.698228 1412235.421955
4562400.757686 1446540.735849
4562320.742201 1449399.512007
4561429.338103 1480846.049743
4560688.968194 1506575.035163
4560012.846569 1529445.244425
4559669.045064 1540880.349057
4558888.103874 1566609.334477
4558446.030470 1580903.215266
4557909.372475 1598055.872213
4557270.298503 1618067.305317
4556536.630257 1640937.514580
4555592.711832 1669525.276158
4554816.058234 1692395.485420
4553725.348814 1723842.023156
4552401.203421 1761006.113208
4551775.056975 1778158.770154
4551670.073167 1781017.546312
4551144.110248 1795311.427101
4550617.103232 1809605.307890
4549434.691040 1841051.845626
4548674.918087 1861063.278731
4548343.009057 1869639.607204
4547341.611067 1895368.592624
4546438.020993 1918238.801887
4545298.003620 1946826.563465
4545066.203398 1952544.115780
4544240.105160 1972555.548885
4543762.966114 1983990.653516
4542561.636956 2012578.415094
4542320.522364 2018295.967410
4541466.212736 2038307.400515
4540116.707856 2069753.938250
4539379.337606 2086906.595197
4538638.135446 2104059.252144
4538259.856360 2112635.580617
4537494.319248 2129788.237564
4536846.731824 2144082.118353
4535547.266566 2172669.879931
4534893.240203 2186963.760720
4533563.679608 2215551.522298
4533158.342014 2224127.850772
4532330.794290 2241280.507719
4530526.499780 2278444.597770
4529547.358595 2298456.030875
4528565.175265 2318467.463979
4528140.976926 2327043.792453
4527712.857383 2335620.120926
4527567.748783 2338478.897084
4526096.952725 2367066.658662
4524904.506332 2389936.867925
4524754.790635 2392795.644082
4522926.456135 2427100.957976
4522771.439795 2429959.734134
4521034.497718 2461406.271870
4520873.694615 2464265.048027
4519410.355369 2489994.033448
4517429.608095 2524299.347341
4516428.426993 2541452.004288
4515924.451839 2550028.332762
4514235.495500 2578616.094340
4514065.468264 2581474.870497
4512870.518470 2601486.303602
4510633.622160 2638650.393653
4508708.300855 2670096.931389
4507118.642281 2695825.916810
4506409.380520 2707261.021441
4506051.998439 2712978.573756
4504076.291370 2744425.111492
4501711.432474 2781589.201544
4500974.540302 2793024.306175
4499295.659327 2818753.291595
4498733.241985 2827329.620069
4498354.568291 2833047.172384
4496832.399102 2855917.381647
4494331.478528 2893081.471698
4493164.519811 2910234.128645
4491591.599052 2933104.337907
4489594.665221 2961692.099485
4487771.724303 2987421.084906
4485724.726827 3016008.846484
4484486.458820 3033161.503431
4481986.835885 3067466.817324
4479663.638571 3098913.355060
4478809.135446 3110348.459691
4477084.543301 3133218.668954
4474914.147538 3161806.430532
4473610.442315 3178959.087479
4472086.025883 3198970.520583
4469658.104249 3230417.058319
4468314.526697 3247569.715266
4467189.922506 3261863.596055
4464452.066291 3296168.909949
4463068.134879 3313321.566895
4462834.967615 3316180.343053
4460953.485460 3339050.552316
4459533.263110 3356203.209262
4458820.107885 3364779.537736
4455946.123186 3399084.851629
4454262.492219 3419096.284734
4454020.695785 3421955.060892
4453040.163995 3433390.165523
4450581.104954 3461977.927101
4449841.839441 3470554.255575
4447860.128365 3493424.464837
4447610.600265 3496283.240995
4445854.805508 3516294.674099
4443569.161684 3542023.659520
4440746.721903 3573470.197256
4439971.429185 3582046.525729
4437360.640884 3610634.287307
4435510.719228 3630645.720412
4433917.047248 3647798.377358
4432571.517131 3662092.258147
4431224.638144 3676386.138937
4429876.409567 3690680.019726
4427969.939385 3710691.452830
4425221.920611 3739279.214408
4422457.508340 3767866.975986
4422180.519464 3770725.752144
4419682.685313 3796454.737564
4416901.825472 3825042.499142
4414087.906258 3853630.260720
4410684.607755 3887935.574614
4410400.165866 3890794.350772
4408965.408670 3905088.231561
4406362.671897 3930817.216981
4405779.782237 3936534.769297
4402848.376527 3965122.530875
4400181.992646 3990851.516295
4396606.261834 4025156.830189
4394506.377966 4045168.263293
4393292.611794 4056603.367925
4392986.850918 4059462.144082
4389920.515628 4088049.905660
4387439.394277 4110920.114923
4385256.071801 4130931.548027
4382122.297570 4159519.309605
4377998.282072 4196683.399657
4375763.038105 4216694.832762
4375443.119092 4219553.608919
4371557.188343 4253858.922813
4368297.731233 4282446.684391
4365999.083595 4302458.117496
4363369.618071 4325328.326758
4363038.488036 4328187.102916
4360367.302702 4351057.312178
4358690.086902 4365351.192967
4356333.306860 4385362.626072
4354294.526731 4402515.283019
4350522.279229 4433961.820755
4348445.751762 4451114.477702
4345994.185761 4471125.910806
4342482.351409 4499713.672384
4342128.598867 4502572.448542
4339996.405436 4519725.105489
4335359.824158 4556889.195540
4335002.839855 4559747.971698
4330687.804925 4594053.285592
4328883.340967 4608347.166381
4325988.339675 4631217.375643
4324892.844388 4639793.704117
4323428.217484 4651228.808748
4321577.492463 4665522.689537
4318228.121336 4691251.674957
4316352.220774 4705545.555746
4312948.166583 4731274.541166
4308376.706145 4765579.855060
4306463.367784 4779873.735849
4304152.909836 4797026.392796
4300659.180247 4822755.378216
4298711.260538 4837049.259005
4294023.693405 4871354.572899
4290879.035116 4894224.782161
4289299.668285 4905659.886792
4287318.397198 4919953.767581
4285726.292724 4931388.872213
4281344.098000 4962835.409949
4280541.631484 4968552.962264
4278132.085336 4985705.619211
4274899.258056 5008575.828473
4272873.335715 5022869.709262
4271249.709219 5034304.813894
4266326.539287 5068610.127787
4265504.550178 5074327.680103
4261383.626344 5102915.441681
4256834.462449 5134361.979417
4251405.372887 5171526.069468
4250982.902125 5174384.845626
4248430.017370 5191537.502573
4245425.112905 5211548.935678
4241951.118341 5234419.144940
4236290.842448 5271583.234991
4233221.310182 5291594.668096
4232781.248085 5294453.444254
4231445.762709 5303029.772727
4230997.433438 5305888.548885
4226048.297178 5337335.086621
4220194.131731 5374499.176672
4216565.932970 5397369.385935
4211555.000071 5428815.923671
4209263.124946 5443109.804460
4206498.204857 5460262.461406
4205114.518404 5468838.789880
4200919.043679 5494567.775300
4198573.703640 5508861.656089
4193354.071587 5540308.193825
4187604.022022 5574613.507719
4187123.145019 5577472.283876
4181337.213766 5611777.597770
4177925.877090 5631789.030875
4176946.863236 5637506.583190
4175959.093208 5643224.135506
4174959.810917 5648941.687822
4169458.853958 5680388.225557
4167449.562322 5691823.330189
4162372.213260 5720411.091767
4158776.507316 5740422.524871
4158258.678249 5743281.301029
4157738.523201 5746140.077187
4150970.441287 5783304.167238
4150445.126530 5786162.943396
4144651.072007 5817609.481132
4144119.104073 5820468.257290
4141981.632289 5831903.361921
4136613.825058 5860491.123499
4134451.152927 5871926.228130
4127352.269778 5909090.318182
4124061.007181 5926242.975129
4120745.807550 5943395.632075
4115195.362205 5971983.393653
4111274.600426 5991994.826758
4110152.343541 5997712.379074
4105051.348376 6023441.364494
4104478.328514 6026300.140652
4099868.942767 6049170.349914
4096376.876926 6066323.006861
4094619.582880 6074899.335334
4094031.118219 6077758.111492
4089319.065815 6100628.320755
4088722.956524 6103487.096912
4086329.689461 6114922.201544
4082703.038654 6132074.858491
4074816.079493 6169238.948542
4066862.867156 6206403.038593
4066249.370397 6209261.814751
4061922.735639 6229273.247856
4060061.521880 6237849.576329
4053217.899253 6269296.114065
4052589.305334 6272154.890223
4045039.093233 6306460.204117
4036828.898624 6343624.294168
4029842.474852 6375070.831904
4025367.124343 6395082.265009
4024086.035399 6400799.817324
4019593.741753 6420811.250429
4018949.552702 6423670.026587
4013113.263570 6449399.012007
4011151.124923 6457975.340480
4006528.944008 6477986.773585
3999913.199113 6506574.535163
3995273.313921 6526585.968268
3986556.698604 6563750.058319
3979102.588411 6595196.596055
3977738.101072 6600914.148370
3975679.443969 6609490.476844
3967420.816876 6643795.790738
3965350.135788 6652372.119211
3962559.490583 6663807.223842
3956961.822466 6686677.433105
3954157.510187 6698112.537736
3945007.737715 6735276.627787
3941453.873310 6749570.508576
3940016.822085 6755288.060892
3930554.820493 6792452.150943
3926901.073131 6806746.031732
3918765.900912 6838192.569468
3917273.356155 6843910.121784
3912038.924605 6863921.554888
3905996.034729 6886791.764151
3900649.171838 6906803.197256
3899878.293232 6909661.973413
3894448.905954 6929673.406518
3890546.811069 6943967.287307
3888198.315580 6952543.615780
3877894.556003 6989707.705832
3877091.170040 6992566.481990
3868947.159081 7021154.243568
3863198.091111 7041165.676672
3854897.682454 7069753.438250
3849906.838859 7086906.095197
3844894.693079 7104058.752144
3837352.370006 7129787.737564
3830590.419896 7152657.946827
3825508.054687 7169810.603774
3823795.576879 7175528.156089
3813386.049040 7209833.469983
3808106.755554 7226986.126930
3802804.188418 7244138.783876
3795679.266300 7267008.993139
3792968.550126 7275585.321612
3785715.709464 7298455.530875
3774775.349189 7332760.844768
3772939.613627 7338478.397084
3767388.694301 7355631.054031
3765512.968326 7361348.606346
3759840.514446 7378501.263293
3758888.558118 7381360.039451
3756022.784366 7389936.367925
3743488.772897 7427100.457976
3738634.186645 7441394.338765
3735694.016918 7449970.667238
3727825.852155 7472840.876501
3726828.270027 7475699.652659
3713719.726205 7512863.742710
3710665.472058 7521440.071184
3706578.367627 7532875.175815
3699356.253538 7552886.608919
3690013.935127 7578615.594340
3688963.093162 7581474.370497
3684712.699211 7592909.475129
3680403.601972 7604344.579760
3669549.344691 7632932.341338
3658653.933871 7661520.102916
3646623.418348 7692966.640652
3644419.320314 7698684.192967
3632109.059991 7730130.730703
3630985.607732 7732989.506861
3625346.512400 7747283.387650
3611724.560725 7781588.701544
3600283.711622 7810176.463122
3592136.831102 7830187.896226
3582688.627923 7853058.105489
3579126.472988 7861634.433962
3576709.524120 7867351.986278
3564407.202995 7895939.747856
3549623.990053 7930245.061750
3547115.090928 7935962.614065
3543309.078157 7944538.942539
3529092.654315 7975985.480274
3513426.518935 8010290.794168
3504248.101065 8030302.227273
3498995.662935 8041737.331904
3494980.580668 8050313.660377
3486902.740436 8067466.317324
3481420.089215 8078901.421955
3471738.098827 8098912.855060
3463324.599492 8116065.512007
3456280.968646 8130359.392796
3449226.483544 8144653.273585
3434829.663192 8173241.035163
3431941.251877 8178958.587479
3418840.590500 8204687.572899
3410023.249059 8221840.229846
3404069.204337 8233275.334477
3399545.447532 8241851.662950
3390423.728092 8259004.319897
3370297.600610 8296168.409949
3357681.604702 8319038.619211
3348122.701135 8336191.276158
3333459.733957 8361920.261578
3330195.622103 8367637.813894
3313846.597234 8396225.575472
3304020.047424 8413378.232419
3287322.081930 8441965.993997
3275465.197013 8461977.427101
3260165.618834 8487706.412521
3258459.511874 8490565.188679
3243048.788311 8516294.174099
3239599.145937 8522011.726415
3232661.853053 8533446.831046
3229154.603330 8539164.383362
3213104.494228 8564893.368782
3202241.072892 8582046.025729
3194915.040298 8593481.130360
3187503.408596 8604916.234991
3178055.190095 8619210.115780
3164614.912353 8639221.548885
3156761.391241 8650656.653516
3140624.916042 8673526.862779
3126202.876789 8693538.295883
3124088.313986 8696397.072041
3100465.787242 8727843.609777
3089408.991762 8742137.490566
3064515.825340 8773584.028302
3041289.971334 8802171.789880
3012944.859922 8836477.103774
2996124.431073 8856488.536878
2966485.602869 8890793.850772
2961456.718111 8896511.403087
2956308.622422 8902228.955403
2924413.562739 8936534.269297
2921726.490545 8939393.045455
2888666.591621 8973698.359348
2885880.328691 8976557.135506
2880243.860750 8982274.687822
2862835.564786 8999427.344768
2829851.410899 9030873.882504
2811353.823820 9048026.539451
2808161.239593 9050885.315609
2781943.170851 9073755.524871
2737879.561963 9110919.614923
2731053.820385 9116637.167238
2689671.650697 9150942.481132
2686098.849742 9153801.257290
2653354.061664 9179530.242710
2627792.186301 9199541.675815
2590729.905040 9228129.437393
2545751.602226 9262434.751286
2511500.995782 9288163.736707
2468988.016334 9319610.274443
2461105.190505 9325327.826758
2453127.537636 9331045.379074
2411224.449219 9359633.140652
2366898.666120 9388220.902230
2310712.463347 9422526.216123
2263447.298517 9451113.977702
2253622.311020 9456831.530017
2212921.927557 9479701.739280
2143238.819791 9516865.829331
2091683.317414 9542594.814751
2050403.990691 9562606.247856
2012333.064577 9579758.904803
1984677.594925 9591194.009434
1954301.560863 9602629.114065
1900326.957104 9622640.547170
1883896.355617 9628358.099485
1811677.943011 9651228.308748
1756523.242766 9668380.965695
1668987.801646 9694109.951115
1639524.255505 9702686.279588
1577571.202287 9719838.936535
1508529.433583 9736991.593482
1357207.840165 9774155.683533
1204114.678810 9811319.773585
1095586.078421 9837048.759005
1068184.506288 9842766.311321
927660.364789 9868495.296741
800631.062061 9888506.729846
762979.649884 9894224.282161
701937.077524 9902800.610635
639635.495694 9911376.939108
371029.819329 9939964.700686
335685.592856 9942823.476844
-204836.325549 9974270.014580
-334816.734758 9979987.566895
-3155434.817073 9999999.000000
-3823003.027436 9997157.283887
-4967397.583715 9963056.690537
-5596806.514579 9931797.813299
-5924505.643757 9906222.368286
-6163617.024043 9883488.639386
-6343612.110018 9860754.910486
-6497645.458703 9840862.897698
-6634551.871601 9818129.168798
-6694766.162933 9806762.304348
-6723164.082671 9801078.872123
-6888926.259727 9764136.562660
-6900108.688582 9761294.846547
-6961692.030485 9744244.549872
-6970913.972802 9741402.833760
-7004400.710893 9730035.969309
-7088711.789667 9698777.092072
-7174126.019106 9664676.498721
-7258800.279885 9627734.189258
-7303232.547841 9607842.176471
-7364370.144518 9579425.015345
-7370266.714743 9576583.299233
-7398901.552272 9562374.718670
-7432490.231458 9545324.421995
-7475345.851817 9522590.693095
-7531259.460533 9491331.815857
-7591638.415154 9457231.222506
-7639298.274703 9428814.061381
-7658180.899861 9417447.196931
-7676124.369716 9406080.332481
-7701986.244492 9389030.035806
-7714641.852206 9380504.887468
-7763394.551716 9346404.294118
-7798795.861695 9320828.849105
-7817856.404445 9306620.268542
-7843549.276228 9286728.255754
-7857910.358096 9275361.391304
-7896285.302144 9244102.514066
-7916432.020851 9227052.217391
-7949336.072495 9198635.056266
-7968882.279754 9181584.759591
-8000823.996243 9153167.598465
-8034639.516163 9121908.721228
-8061303.227275 9096333.276215
-8090059.122555 9067916.115089
-8104106.484399 9053707.534527
-8117799.238784 9039498.953964
-8146940.954291 9008240.076726
-8181194.802363 8971297.767263
-8183815.528376 8968456.051151
-8191552.669492 8959930.902813
-8224554.945632 8922988.593350
-8249809.328986 8894571.432225
-8262210.701588 8880362.851662
-8267084.001912 8874679.419437
-8286528.315145 8851945.690537
-8303499.519329 8832053.677749
-8313101.214221 8820686.813299
-8315432.223468 8817845.097187
-8342874.402874 8783744.503836
-8358620.975325 8763852.491049
-8384878.924499 8729751.897698
-8393436.702480 8718385.033248
-8414642.056319 8689967.872123
-8441729.663327 8653025.562660
-8455943.846606 8633133.549872
-8463980.815224 8621766.685422
-8487448.877936 8587666.092072
-8495239.561552 8576299.227621
-8504859.746926 8562090.647059
-8514270.217806 8547882.066496
-8527238.862792 8527990.053708
-8540032.184262 8508098.040921
-8560097.190557 8476839.163683
-8572841.239584 8456947.150895
-8581926.630255 8442738.570332
-8601537.003159 8411479.693095
-8621036.737870 8380220.815857
-8622779.897792 8377379.099744
-8638410.378435 8351803.654731
-8660699.244207 8314861.345269
-8672613.834122 8294969.332481
-8686035.412584 8272235.603581
-8702782.360971 8243818.442455
-8706119.800827 8238135.010230
-8720848.811884 8212559.565217
-8736931.861870 8184142.404092
-8741650.581448 8175617.255754
-8755664.049063 8150041.810742
-8757192.789589 8147200.094629
-8773788.935322 8115941.217391
-8788633.019457 8087524.056266
-8793071.904461 8078998.907928
-8811911.935814 8042056.598465
-8819022.805809 8027848.017903
-8834618.095348 7996589.140665
-8845855.225706 7973855.411765
-8858438.733918 7948279.966752
-8863921.654191 7936913.102302
-8880076.725154 7902812.508951
-8881414.997633 7899970.792839
-8885371.044529 7891445.644501
-8887958.991219 7885762.212276
-8890513.687154 7880078.780051
-8896828.122684 7865870.199488
-8911708.127228 7831769.606138
-8924073.573456 7803352.445013
-8936387.502207 7774935.283887
-8948667.296641 7746518.122762
-8959537.903379 7720942.677749
-8967878.449874 7701050.664962
-8976140.543815 7681158.652174
-8980849.067369 7669791.787724
-8996131.247863 7632849.478261
-8999615.779149 7624324.329923
-9000760.520324 7621482.613811
-9015583.649706 7584540.304348
-9021277.386689 7570331.723785
-9022399.928780 7567490.007673
-9034731.904353 7536231.130435
-9043619.946400 7513497.401534
-9050217.974937 7496447.104859
-9055709.318370 7482238.524297
-9061110.863333 7468029.943734
-9067576.406992 7450979.647059
-9071865.162165 7439612.782609
-9078218.469008 7422562.485933
-9085512.495161 7402670.473146
-9095894.223953 7374253.312020
-9104128.833522 7351519.583120
-9107198.087608 7342994.434783
-9115343.185406 7320260.705882
-9117369.645075 7314577.273657
-9122399.358947 7300368.693095
-9132374.873435 7271951.531969
-9144190.060372 7237850.938619
-9145173.495669 7235009.222506
-9155839.623655 7203750.345269
-9160665.239656 7189541.764706
-9172099.534808 7155441.171355
-9176847.321389 7141232.590793
-9184348.233309 7118498.861893
-9193617.912830 7090081.700767
-9194533.395487 7087239.984655
-9198182.956723 7075873.120205
-9199085.160141 7073031.404092
-9208987.228586 7041772.526854
-9211678.764162 7033247.378517
-9223290.246035 6996305.069054
-9233093.531400 6965046.191816
-9243776.157353 6930945.598465
-9244655.612785 6928103.882353
-9249038.392685 6913895.301790
-9256815.882691 6888319.856777
-9260265.018656 6876952.992327
-9271329.698371 6840010.682864
-9278940.429177 6814435.237852
-9289804.664852 6777492.928389
-9296412.382576 6754759.199488
-9297232.237050 6751917.483376
-9299684.008631 6743392.335038
-9305344.843220 6723500.322251
-9307738.119671 6714975.173913
-9310121.441529 6706450.025575
-9320321.386024 6669507.716112
-9330406.288712 6632565.406650
-9337366.658439 6606989.961637
-9338138.447436 6604148.245524
-9340437.282356 6595623.097187
-9344992.958009 6578572.800511
-9349498.079234 6561522.503836
-9351725.776209 6552997.355499
-9352460.923912 6550155.639386
-9360531.372803 6518896.762148
-9364902.757194 6501846.465473
-9371407.812430 6476271.020460
-9379272.199941 6445012.143222
-9384217.918827 6425120.130435
-9385621.297138 6419436.698210
-9389092.173769 6405228.117647
-9396705.779352 6373969.240409
-9400163.136235 6359760.659847
-9400849.911461 6356918.943734
-9403575.763875 6345552.079284
-9404252.626100 6342710.363171
-9413017.910590 6305768.053708
-9418396.348040 6283034.324808
-9427052.628137 6246092.015345
-9432976.926816 6220516.570332
-9440868.444512 6186415.976982
-9442182.441244 6180732.544757
-9445436.252626 6166523.964194
-9449974.286061 6146631.951407
-9451909.942166 6138106.803069
-9458987.178405 6106847.925831
-9465348.386788 6078430.764706
-9469776.097499 6058538.751918
-9477316.599352 6024438.158568
-9482282.637956 6001704.429667
-9489669.247488 5967603.836317
-9495188.554541 5942028.391304
-9496401.434289 5936344.959079
-9501225.983772 5913611.230179
-9507792.444770 5882352.352941
-9515538.459825 5845410.043478
-9523241.635135 5808467.734015
-9526179.897778 5794259.153453
-9526763.775291 5791417.437340
-9532009.016631 5765841.992327
-9534321.045360 5754475.127877
-9534892.210254 5751633.411765
-9538879.412393 5731741.398977
-9540010.320484 5726057.966752
-9545039.481277 5700482.521739
-9548389.206059 5683432.225064
-9551699.599549 5666381.928389
-9555006.990914 5649331.631714
-9557209.919275 5637964.767263
-9562126.245341 5612389.322251
-9566985.106838 5586813.877238
-9568057.084079 5581130.445013
-9573402.487683 5552713.283887
-9576589.561980 5535662.987212
-9579231.150648 5521454.406650
-9582916.092293 5501562.393862
-9588639.480779 5470303.516624
-9591238.687275 5456094.936061
-9592275.575209 5450411.503836
-9593305.052945 5444728.071611
-9595855.803535 5430519.491049
-9596361.411421 5427677.774936
-9600359.580130 5404944.046036
-9605308.491242 5376526.884910
-9611724.893610 5339584.575448
-9615140.101743 5319692.562660
-9619519.373430 5294117.117647
-9624819.692309 5262858.240409
-9630545.594295 5228757.647059
-9632432.315514 5217390.782609
-9635232.411916 5200340.485933
-9638467.465342 5180448.473146
-9643048.165575 5152031.312020
-9643503.401423 5149189.595908
-9645309.874620 5137822.731458
-9645756.714939 5134981.015345
-9651066.777850 5100880.421995
-9656358.049365 5066779.828644
-9657675.018150 5058254.680307
-9662482.550838 5026995.803069
-9663349.701990 5021312.370844
-9668097.938805 4990053.493606
-9673227.553883 4955952.900256
-9677054.345256 4930377.455243
-9678746.112022 4919010.590793
-9683803.429691 4884909.997442
-9686735.259095 4865017.984655
-9687982.863537 4856492.836317
-9692937.941420 4822392.242967
-9695389.192830 4805341.946292
-9696603.963343 4796816.797954
-9699011.968862 4779766.501279
-9703802.302721 4745665.907928
-9706591.687276 4725773.895141
-9709351.375951 4705881.882353
-9714417.351752 4668939.572890
-9717918.301492 4643364.127877
-9720638.829132 4623472.115089
-9723356.925391 4603580.102302
-9723742.800990 4600738.386189
-9724509.043843 4595054.953964
-9727181.298446 4575162.941176
-9727562.365287 4572321.225064
-9732122.882045 4538220.631714
-9735879.216622 4509803.470588
-9738503.928772 4489911.457800
-9741102.795336 4470019.445013
-9743699.322771 4450127.432225
-9744804.126993 4441602.283887
-9745900.984862 4433077.135550
-9749883.010860 4401818.258312
-9750243.378669 4398976.542199
-9750959.557242 4393293.109974
-9755572.658742 4356350.800511
-9756281.722126 4350667.368286
-9757692.133532 4339300.503836
-9760862.673072 4313725.058823
-9763670.686678 4290991.329923
-9765755.679641 4273941.033248
-9770260.805482 4236998.723785
-9772336.298167 4219948.427110
-9774394.772733 4202898.130435
-9776100.762212 4188689.549872
-9777458.059706 4177322.685422
-9780492.393523 4151747.240409
-9784863.236573 4114804.930946
-9785530.119309 4109121.498721
-9786525.836093 4100596.350384
-9788498.931616 4083546.053708
-9790448.366876 4066495.757033
-9794625.205191 4029553.447570
-9795577.450155 4021028.299233
-9798721.968888 3992611.138107
-9800292.751823 3978402.557545
-9801851.756525 3964193.976982
-9805242.939650 3932935.099744
-9808293.871269 3904517.938619
-9810704.617827 3881784.209719
-9813110.770065 3859050.480818
-9814012.216495 3850525.332481
-9817607.686692 3816424.739130
-9820884.673379 3785165.861893
-9824449.307672 3751065.268542
-9825036.038150 3745381.836317
-9827085.641023 3725489.823529
-9829119.474781 3705597.810742
-9829696.085546 3699914.378517
-9831122.280679 3685705.797954
-9833971.892896 3657288.636829
-9834819.297080 3648763.488491
-9836224.739280 3634554.907928
-9839027.364533 3606137.746803
-9842089.112993 3574878.869565
-9842915.120741 3566353.721228
-9845652.166373 3537936.560102
-9847562.402626 3518044.547315
-9851064.346173 3481102.237852
-9852399.167207 3466893.657289
-9853728.637818 3452685.076726
-9854781.553074 3441318.212276
-9856340.261731 3424267.915601
-9857378.344990 3412901.051151
-9858149.011068 3404375.902813
-9859168.181882 3393009.038363
-9860690.669335 3375958.741688
-9862967.360654 3350383.296675
-9865215.998669 3324807.851662
-9866460.067717 3310599.271100
-9868692.418849 3285023.826087
-9871644.160927 3250923.232737
-9873839.495656 3225347.787724
-9875525.532328 3205455.774936
-9876950.911921 3188405.478261
-9878371.740883 3171355.181586
-9880011.731942 3151463.168798
-9882561.265889 3120204.291560
-9885080.592620 3088945.414322
-9885758.741593 3080420.265985
-9887563.178050 3057686.537084
-9890033.400662 3026427.659847
-9890700.442292 3017902.511509
-9892909.173749 2989485.350384
-9894001.298815 2975276.769821
-9896398.602194 2944017.892583
-9898565.778906 2915600.731458
-9899207.187263 2907075.583120
-9900479.843265 2890025.286445
-9901531.947748 2875816.705882
-9903003.208429 2855924.693095
-9903417.326125 2850241.260870
-9904856.693680 2830349.248082
-9906690.139559 2804773.803069
-9908495.803618 2779198.358056
-9908695.013678 2776356.641944
-9911062.889041 2742256.048593
-9913010.267542 2713838.887468
-9914164.651609 2696788.590793
-9914354.717425 2693946.874680
-9916234.467394 2665529.713555
-9917736.412362 2642795.984655
-9918292.006939 2634270.836317
-9918476.974289 2631429.120205
-9918661.710883 2628587.404092
-9920660.899869 2597328.526854
-9921378.709502 2585961.662404
-9923684.865077 2549019.352941
-9925089.462518 2526285.624041
-9925264.809820 2523443.907928
-9927535.463231 2486501.598465
-9928911.032191 2463767.869565
-9929423.481084 2455242.721228
-9931614.792463 2418300.411765
-9933632.143064 2384199.818414
-9934962.671907 2361466.089514
-9936942.334756 2327365.496164
-9938744.726176 2296106.618926
-9940363.183303 2267689.457800
-9940524.360965 2264847.741688
-9941638.602540 2244955.728900
-9943670.478107 2208013.419437
-9945059.282887 2182437.974425
-9946573.802656 2154020.813299
-9947172.593766 2142653.948849
-9947762.637426 2131287.084399
-9949663.262034 2094344.774936
-9951242.759720 2063085.897698
-9951526.903035 2057402.465473
-9952091.722993 2046035.601023
-9953063.509685 2026143.588235
-9954698.394434 1992042.994885
-9955772.844299 1969309.265985
-9956573.532942 1952258.969309
-9957755.293938 1926683.524297
-9959448.390830 1889741.214834
-9961110.990362 1852798.905371
-9961871.959051 1835748.608696
-9963135.987351 1807331.447570
-9964498.398954 1776072.570332
-9965104.978559 1761863.989770
-9965946.797911 1741971.976982
-9966907.188770 1719238.248082
-9967506.378059 1705029.667519
-9968446.539444 1682295.938619
-9968909.892827 1670929.074169
-9970041.012695 1642511.913043
-9970374.700308 1633986.764706
-9971815.247484 1597044.455243
-9972470.097272 1579994.158568
-9972903.328793 1568627.294118
-9974175.553971 1534526.700767
-9974810.419548 1517476.404092
-9976075.164232 1483375.810742
-9977108.367263 1454958.649616
-9977411.495196 1446433.501279
-9978507.049685 1415174.624041
-9978993.681705 1400966.043478
-9980237.507926 1364023.734015
-9980795.550877 1346973.437340
-9981887.026926 1312872.843990
-9982154.982021 1304347.695652
-9982243.686751 1301505.979540
-9982596.870037 1290139.115089
-9983032.219826 1275930.534527
-9983547.292062 1258880.237852
-9983631.506610 1256038.521739
-9983881.706492 1247513.373402
-9984368.682250 1230463.076726
-9984449.641682 1227621.360614
-9984852.407387 1213412.780051
-9985012.295286 1207729.347826
-9985250.909240 1199204.199488
-9985483.439476 1190679.051151
-9986403.837070 1156578.457800
-9987299.952203 1122477.864450
-9987445.667519 1116794.432225
-9987942.957560 1096902.419437
-9988766.438340 1062801.826087
-9989582.672530 1028701.232737
-9989911.709372 1014492.652174
-9990228.698161 1000284.071611
-9990917.247278 969025.194373
-9991594.769822 937766.317136
-9992020.310114 917874.304348
-9992500.233083 895140.575448
-9992674.800964 886615.427110
-9993072.329286 866723.414322
-9993741.818591 832622.820972
-9994121.173459 812730.808184
-9994328.374649 801363.943734
-9994427.194673 795680.511509
-9994525.218493 789997.079284
-9994619.661304 784313.647059
-9994712.513538 778630.214834
-9995194.791368 747371.337596
-9995236.253409 744529.621483
-9995731.417807 710429.028133
-9995925.842097 696220.447570
-9995964.330701 693378.731458
-9996454.382296 656436.421995
-9996807.589368 628019.260870
-9997246.184921 591076.951407
-9997277.748366 588235.235294
-9997462.386574 571184.938619
-9997810.330321 537084.345269
-9997977.194413 520034.048593
-9998272.256133 488775.171355
-9998321.957727 483091.739130
-9998368.109607 477408.306905
-9998589.011909 448991.145780
-9998780.728282 423415.700767
-9998883.295995 409207.120205
-9998940.699093 400681.971867
-9999160.856284 366581.378517
-9999231.878519 355214.514066
-9999368.640753 329639.069054
-9999487.687872 304063.624041
-9999596.108213 278488.179028
-9999724.140695 244387.585678
-9999813.372671 213128.708440
-9999826.843038 207445.276215
-9999896.503519 170502.966752
-9999940.599237 133560.657289
-9999982.138590 96618.347826
-9999999.000000 76726.335038
-9999998.262628 62517.754476
-9999997.525255 59676.038363
-9999989.905712 45467.457800
-9999986.612056 42625.741688
-9999945.660946 22733.728900
-9999871.425218 -5683.432225
-9999807.067996 -25575.445013
-9999744.822443 -42625.741688
-9999733.857946 -45467.457801
-9999722.106402 -48309.173913
-9999653.508940 -62517.754476
-9999624.495303 -68201.186701
-9999455.801656 -96618.347826
-9999399.285024 -105143.496164
-9999378.081747 -107985.212276
-9999084.502001 -144927.521739
-9998959.754887 -159136.102302
-9998850.486072 -170502.966752
-9998593.971067 -196078.411765
-9998501.948326 -204603.560102
-9998100.614598 -241545.869565
-9997812.096615 -267121.314578
-9997390.208956 -304063.624041
-9997013.650526 -335322.501279
-9996590.989290 -369423.094629
-9996252.614016 -394998.539642
-9996016.332440 -412048.836317
-9995854.846977 -423415.700767
-9995429.314845 -451832.861893
-9995118.935725 -471724.874680
-9994718.089414 -497300.319693
-9994201.934902 -528559.196931
-9993761.723333 -554134.641944
-9993562.092333 -565501.506394
-9993303.589113 -579710.086957
-9993251.489823 -582551.803069
-9992829.910522 -605285.531969
-9992448.460045 -625177.544757
-9991956.227237 -650752.989770
-9991292.729330 -684853.583120
-9991178.949951 -690537.015345
-9990548.765840 -721795.892583
-9990371.497060 -730321.040921
-9989598.128627 -767263.350384
-9989419.058452 -775788.498721
-9988925.513074 -798522.227622
-9988800.121774 -804205.659847
-9988214.184165 -829781.104859
-9987619.204657 -855356.549872
-9986863.239893 -886615.427110
-9986586.732600 -897982.291560
-9986098.614461 -917874.304348
-9985816.465093 -929241.168798
-9985453.691142 -943449.749361
-9985380.934447 -946291.465473
-9984641.247051 -974708.626598
-9984341.328661 -986075.491049
-9984187.726547 -991758.923274
-9983949.417007 -1000284.071611
-9983458.172602 -1017334.368286
-9982801.553313 -1040068.097187
-9982466.731846 -1051434.961637
-9981689.532684 -1077010.406650
-9980721.651103 -1108269.283887
-9979548.538460 -1145211.593350
-9978553.652069 -1176470.470588
-9977994.993276 -1193520.767263
-9977899.417219 -1196362.483376
-9977604.654541 -1204887.631714
-9976408.264896 -1238988.225064
-9976305.876981 -1241829.941177
-9976100.686905 -1247513.373402
-9974852.133799 -1281613.966752
-9973588.635404 -1315714.560102
-9972729.669227 -1338448.289003
-9971966.407618 -1358340.301790
-9971525.250708 -1369707.166240
-9970963.353997 -1383915.746803
-9969829.092452 -1412332.907928
-9968690.640343 -1440750.069054
-9967188.836781 -1477692.378517
-9966257.928139 -1500426.107417
-9964947.830820 -1531684.984655
-9964464.679800 -1543051.849105
-9964095.337535 -1551576.997442
-9963350.296010 -1568627.294118
-9963098.127995 -1574310.726343
-9961953.803016 -1599886.171356
-9960786.462817 -1625461.616368
-9959613.357681 -1651037.061381
-9958428.709130 -1676612.506394
-9956709.203350 -1713554.815857
-9955101.391410 -1747655.409207
-9953744.364850 -1776072.570333
-9953472.529434 -1781756.002558
-9952922.830580 -1793122.867008
-9951527.004424 -1821540.028133
-9951244.810974 -1827223.460358
-9950670.882594 -1838590.324808
-9949663.466370 -1858482.337596
-9948931.911919 -1872690.918159
-9947738.708299 -1895424.647059
-9947436.462814 -1901108.079284
-9945745.093761 -1932366.956522
-9945590.230875 -1935208.672634
-9944646.470174 -1952258.969309
-9943847.808033 -1966467.549872
-9941896.296946 -2000568.143223
-9940750.102578 -2020460.156010
-9940093.346521 -2031827.020460
-9938274.961772 -2063085.897698
-9937436.085019 -2077294.478261
-9937098.735165 -2082977.910486
-9936245.218057 -2097186.491049
-9936073.385007 -2100028.207161
-9935557.207380 -2108553.355499
-9934858.090554 -2119920.219949
-9933082.984327 -2148337.381074
-9932370.203178 -2159704.245524
-9930940.986086 -2182437.974425
-9929329.002279 -2208013.419437
-9928240.601568 -2225063.716113
-9927875.504305 -2230747.148338
-9925682.161286 -2264847.741688
-9925497.078525 -2267689.457801
-9924371.315231 -2284739.754476
-9922094.713011 -2318840.347826
-9920383.073381 -2344415.792839
-9917898.592657 -2381358.102302
-9917321.050191 -2389883.250639
-9916347.947144 -2404091.831202
-9913984.309823 -2438192.424552
-9911414.517586 -2475134.734015
-9909421.235545 -2503551.895141
-9906789.928331 -2540494.204604
-9905767.177970 -2554702.785166
-9903490.847472 -2585961.662404
-9902038.920553 -2605853.675192
-9899754.684997 -2637112.552430
-9898916.370832 -2648479.416880
-9898279.680449 -2657004.565217
-9897425.922537 -2668371.429668
-9896779.783092 -2676896.578005
-9896125.606943 -2685421.726343
-9893470.711402 -2719522.319693
-9891238.622456 -2747939.480818
-9889887.521310 -2764989.777494
-9888975.880191 -2776356.641944
-9887835.085980 -2790565.222506
-9886913.481898 -2801932.086957
-9886220.030474 -2810457.235294
-9885751.713018 -2816140.667519
-9882908.539116 -2850241.260870
-9880531.641346 -2878658.421995
-9879808.672302 -2887183.570333
-9878838.593600 -2898550.434783
-9875919.157522 -2932651.028133
-9874208.985425 -2952543.040921
-9873472.206232 -2961068.189258
-9871241.016284 -2986643.634271
-9869489.355374 -3006535.647059
-9867980.146997 -3023585.943734
-9865702.283109 -3049161.388747
-9864432.891149 -3063369.969309
-9861608.559288 -3094628.846547
-9858257.050184 -3131571.156010
-9856188.265969 -3154304.884911
-9854891.321540 -3168513.465473
-9852265.674748 -3196930.626598
-9850163.032920 -3219664.355499
-9848839.567969 -3233872.936061
-9846438.095074 -3259448.381074
-9842958.850874 -3296390.690537
-9840528.369583 -3321966.135550
-9838632.331939 -3341858.148338
-9837267.199877 -3356066.728900
-9835611.096468 -3373117.025575
-9834774.017719 -3381642.173913
-9833927.027946 -3390167.322251
-9831941.036580 -3410059.335038
-9828523.168038 -3444159.928389
-9825359.493406 -3475418.805627
-9825070.208294 -3478260.521739
-9823027.513454 -3498152.534527
-9819522.369814 -3532253.127877
-9817174.317421 -3554986.856778
-9814520.019984 -3580562.301790
-9812153.834606 -3603296.030691
-9810963.913891 -3614662.895141
-9810663.861754 -3617504.611253
-9808233.527392 -3640238.340153
-9804869.532849 -3671497.217391
-9801499.153727 -3702756.094629
-9799350.299125 -3722648.107417
-9796577.006507 -3748223.552430
-9793171.371786 -3779482.429668
-9790981.561180 -3799374.442455
-9786880.232282 -3836316.751918
-9782763.490379 -3873259.061381
-9778945.585984 -3907359.654731
-9778306.286635 -3913043.086957
-9776372.213824 -3930093.383632
-9775397.043039 -3938618.531969
-9774087.121250 -3949985.396419
-9771137.062751 -3975560.841432
-9769153.896282 -3992611.138107
-9764817.158339 -4029553.447570
-9762145.933563 -4052287.176471
-9760135.113743 -4069337.473146
-9758116.872841 -4086387.769821
-9755747.050929 -4106279.782609
-9755061.834787 -4111963.214834
-9753000.531175 -4129013.511509
-9750584.650520 -4148905.524297
-9747816.062208 -4171639.253197
-9743984.843845 -4202898.130435
-9741180.664244 -4225631.859335
-9736943.652691 -4259732.452685
-9733757.214256 -4285307.897698
-9732689.263134 -4293833.046036
-9729818.049282 -4316566.774936
-9725148.096759 -4353509.084399
-9722982.951420 -4370559.381074
-9720806.020274 -4387609.677749
-9716063.688936 -4424551.987212
-9712014.566175 -4455810.864450
-9710539.500355 -4467177.728900
-9707554.628498 -4489911.457801
-9703806.724581 -4518328.618926
-9699635.615936 -4549587.496164
-9698114.761814 -4560954.360614
-9695067.593426 -4583688.089514
-9690080.318316 -4620630.398977
-9687382.813007 -4640522.411765
-9685827.530700 -4651889.276215
-9682287.268363 -4677464.721228
-9677956.416811 -4708723.598466
-9675966.661737 -4722932.179028
-9675566.220300 -4725773.895141
-9671540.348235 -4754191.056266
-9667482.094717 -4782608.217391
-9662966.103844 -4813867.094629
-9660489.665399 -4830917.391304
-9655933.364293 -4862176.268542
-9651787.591154 -4890593.429668
-9646388.502991 -4927535.739130
-9641369.198229 -4961636.332481
-9640947.193725 -4964478.048593
-9637541.072316 -4987211.777494
-9635393.282492 -5001420.358056
-9630211.091032 -5035520.951407
-9625850.280868 -5063938.112532
-9620598.722238 -5098038.705882
-9615733.321078 -5129297.583120
-9613072.400429 -5146347.879795
-9611726.522314 -5154873.028133
-9606782.880271 -5186131.905371
-9602240.600147 -5214549.066496
-9600407.507514 -5225915.930946
-9594883.791860 -5260016.524297
-9593957.438876 -5265699.956522
-9592560.493046 -5274225.104859
-9590213.579179 -5288433.685422
-9588800.421599 -5296958.833760
-9584052.095990 -5325375.994885
-9583572.172886 -5328217.710997
-9579237.476116 -5353793.156010
-9576814.270419 -5368001.736573
-9571941.912071 -5396418.897698
-9569982.529173 -5407785.762148
-9567022.432113 -5424836.058824
-9561049.212688 -5458936.652174
-9557549.253445 -5478828.664962
-9550979.287699 -5515770.974425
-9550469.365790 -5518612.690537
-9547917.473575 -5532821.271100
-9545340.317333 -5547029.851662
-9544822.105833 -5549871.567775
-9544299.221992 -5552713.283887
-9537434.180580 -5589655.593350
-9533714.252380 -5609547.606138
-9529424.408783 -5632281.335038
-9528882.825097 -5635123.051151
-9528337.307980 -5637964.767263
-9526143.348950 -5649331.631714
-9521161.958389 -5674907.076726
-9516130.508873 -5700482.521739
-9511649.960244 -5723216.250639
-9506044.172747 -5751633.411765
-9503231.046942 -5765841.992327
-9499824.356809 -5782892.289003
-9492960.966453 -5816992.882353
-9490645.753324 -5828359.746803
-9485426.951235 -5853935.191816
-9481330.395933 -5873827.204604
-9477802.855779 -5890877.501279
-9471880.071882 -5919294.662404
-9468309.944271 -5936344.959079
-9463509.946175 -5959078.687980
-9458074.763424 -5984654.132992
-9452573.442384 -6010229.578005
-9446449.454235 -6038646.739130
-9440256.419710 -6067063.900256
-9438391.536278 -6075589.048593
-9437133.011435 -6081272.480818
-9435861.370303 -6086955.913044
-9430716.728690 -6109689.641944
-9429415.823488 -6115373.074169
-9426806.568776 -6126739.938619
-9419562.296730 -6157998.815857
-9414894.502285 -6177890.828645
-9408168.214306 -6206307.989770
-9400719.130753 -6237566.867008
-9393197.550591 -6268825.744246
-9389741.878425 -6283034.324808
-9387648.124907 -6291559.473146
-9381993.093191 -6314293.202046
-9374910.371160 -6342710.363171
-9369210.565724 -6365444.092072
-9363471.163103 -6388177.820972
-9354810.672324 -6422278.414322
-9351194.956241 -6436486.994885
-9343920.204525 -6464904.156010
-9336594.433534 -6493321.317136
-9327714.950654 -6527421.910486
-9326227.574965 -6533105.342711
-9317185.343145 -6567205.936061
-9311108.018333 -6589939.664962
-9305719.319732 -6609831.677749
-9304178.113455 -6615515.109974
-9299545.004097 -6632565.406650
-9295668.188664 -6646773.987212
-9293322.851890 -6655299.135550
-9287822.044194 -6675191.148338
-9277488.939055 -6712133.457801
-9270260.172908 -6737708.902813
-9269454.447927 -6740550.618926
-9260488.320540 -6771809.496164
-9253926.011782 -6794543.225064
-9253100.485850 -6797384.941176
-9243109.403521 -6831485.534527
-9242266.038890 -6834327.250639
-9231159.370812 -6871269.560102
-9224242.275110 -6894003.289003
-9217264.393182 -6916737.017903
-9212854.976492 -6930945.598465
-9207504.759173 -6947995.895141
-9205703.376763 -6953679.327366
-9198465.513748 -6976413.056266
-9187522.995016 -7010513.649616
-9178362.998040 -7038930.810742
-9176524.774231 -7044614.242967
-9164494.729798 -7081556.552430
-9158872.268046 -7098606.849105
-9146662.302679 -7135549.158568
-9135274.194210 -7169649.751918
-9126683.556401 -7195225.196931
-9122834.304891 -7206592.061381
-9111109.392382 -7240692.654731
-9110123.043752 -7243534.370844
-9104134.162087 -7260584.667519
-9101128.964823 -7269109.815857
-9096065.868808 -7283318.396419
-9089893.673839 -7300368.693095
-9087828.731711 -7306052.125320
-9081580.550110 -7323102.421995
-9078437.164860 -7331627.570333
-9066738.567690 -7362886.447570
-9056009.952811 -7391303.608696
-9044119.058167 -7422562.485934
-9038659.086883 -7436771.066496
-9029900.884722 -7459504.795396
-9016730.063060 -7493605.388747
-9011199.952762 -7507813.969309
-8996635.231070 -7544756.278772
-8994382.851282 -7550439.710997
-8993241.862622 -7553281.427110
-8979404.990234 -7587382.020460
-8964335.408753 -7624324.329923
-8958492.936156 -7638532.910486
-8951396.825323 -7655583.207161
-8947829.557268 -7664108.355499
-8932329.471051 -7701050.664962
-8917924.138613 -7735151.258312
-8909428.538444 -7755043.271100
-8893563.857173 -7791985.580563
-8879914.320243 -7823244.457801
-8866110.635783 -7854503.335038
-8850837.067453 -7888603.928389
-8846946.721763 -7897129.076726
-8840434.562440 -7911337.657289
-8825982.045917 -7942596.534527
-8816648.763658 -7962488.547315
-8805806.039330 -7985222.276215
-8797525.341045 -8002272.572890
-8793334.059356 -8010797.721228
-8790491.926265 -8016481.153453
-8783319.623079 -8030689.734015
-8768907.179207 -8059106.895141
-8755833.043212 -8084682.340153
-8736766.884422 -8121624.649616
-8726401.139499 -8141516.662404
-8718961.078927 -8155725.242967
-8703761.771326 -8184142.404092
-8699194.456521 -8192667.552430
-8691531.731398 -8206876.132992
-8672862.802323 -8240976.726343
-8658622.158272 -8266552.171356
-8650615.241629 -8280760.751918
-8636152.995632 -8306336.196931
-8631247.628763 -8314861.345269
-8609840.993179 -8351803.654731
-8591369.767679 -8383062.531969
-8577863.482448 -8405796.260870
-8557456.994287 -8439896.854220
-8548860.801095 -8454105.434783
-8533010.874138 -8479680.879795
-8509769.076626 -8516623.189258
-8486215.007890 -8553565.498721
-8469750.541817 -8579140.943734
-8462404.587414 -8590507.808184
-8454986.677706 -8601874.672634
-8441877.060096 -8621766.685422
-8416990.513649 -8658708.994885
-8413115.000087 -8664392.427110
-8405170.037431 -8675759.291560
-8386914.054021 -8701334.736573
-8360261.568538 -8738277.046036
-8347800.260899 -8755327.342711
-8343526.134494 -8761010.774936
-8315240.936050 -8797953.084399
-8313035.215545 -8800794.800512
-8285946.270102 -8834895.393862
-8255896.924315 -8871837.703325
-8229783.688820 -8903096.580563
-8220122.126277 -8914463.445013
-8190919.034936 -8948564.038363
-8178373.402273 -8962772.618926
-8150701.508947 -8994031.496164
-8119956.805895 -9028132.089514
-8101386.824622 -9048024.102302
-8077380.395901 -9073599.547315
-8044285.612963 -9107700.140665
-8022097.055905 -9130433.869565
-7994123.010958 -9158851.030691
-7959767.464557 -9192951.624041
-7924797.870737 -9227052.217391
-7889618.801646 -9261152.810742
-7868594.247626 -9281044.823529
-7846697.992708 -9300936.836317
-7837253.699260 -9309461.984655
-7821360.361992 -9323670.565217
-7818042.206914 -9326512.281330
-7804258.509319 -9337879.145780
-7797038.548580 -9343562.578005
-7774297.528217 -9360612.874680
-7742513.633290 -9383346.603581
-7738425.735016 -9386188.319693
-7700539.600799 -9411763.764706
-7687466.506068 -9420288.913044
-7669234.416164 -9431655.777494
-7609430.573195 -9468598.086957
-7575498.600470 -9488490.099744
-7540188.141683 -9508382.112532
-7524899.877654 -9516907.260870
-7488857.656121 -9536799.273657
-7439173.466990 -9562374.718670
-7433429.976991 -9565216.434783
-7374638.358246 -9593633.595908
-7362373.199801 -9599317.028133
-7318081.998670 -9619209.040921
-7311673.300779 -9622050.757033
-7242709.575482 -9650467.918159
-7189668.127586 -9670359.930946
-7125129.775811 -9693093.659847
-7048171.693684 -9718669.104859
-6949018.609096 -9749927.982097
-6878261.337649 -9769819.994885
-6741782.496203 -9803920.588235
-6729723.449356 -9806762.304348
-6596258.949391 -9835179.465473
-6392913.766040 -9872121.774936
-6185783.015156 -9906222.368286
-6130162.941332 -9914747.516624
-5973114.788118 -9937481.245524
-5758564.036612 -9963056.690537
-5563199.689142 -9985790.419437
-5536138.534240 -9988632.135550
-5502762.085156 -9991473.851662
-5461040.638937 -9994315.567775
-5384014.378475 -9997157.283887
-5300569.126424 -9999999.000000
0.000000 -9999999.000000
