2000
54959.515115 -9998838.031869
79243.558464 -9997677.063737
98580.627516 -9996516.095606
113497.472721 -9995355.127474
126231.111981 -9994194.159343
239947.028924 -9981423.509897
435714.321179 -9957043.179137
603079.465942 -9932662.848378
719079.360446 -9914087.358275
858269.392855 -9888546.059384
984450.047697 -9863004.760492
1080718.456455 -9840946.365995
1194574.934159 -9813083.130841
1289053.910523 -9787541.831950
1357544.341846 -9767805.373716
1448272.028387 -9739942.138562
1491591.813760 -9726010.520985
1551772.249877 -9705113.094619
1619168.250141 -9680732.763859
1667393.591228 -9662157.273756
1703929.163520 -9647064.688048
1765252.433491 -9620362.421025
1811012.928306 -9599464.994660
1872317.623957 -9570440.791374
1904878.601352 -9554187.237534
1953744.497783 -9528645.938643
1985957.640903 -9511231.416672
2029696.024243 -9486851.085912
2076379.305380 -9460148.818889
2115515.172264 -9436929.456261
2154965.680699 -9412549.125501
2176566.356876 -9398617.507924
2211950.702546 -9375398.145295
2253696.441860 -9347534.910141
2284486.723607 -9326637.483775
2322812.786050 -9299935.216753
2353870.929292 -9277876.822256
2379536.483063 -9259301.332153
2415100.710313 -9232599.065130
2448173.899908 -9207057.766239
2484533.511468 -9178033.562954
2501646.704638 -9164101.945376
2515635.461726 -9152492.264062
2529325.331802 -9140882.582748
2547967.870480 -9124629.028908
2570314.474075 -9104892.570674
2597499.844771 -9080512.239914
2612820.908985 -9066580.622337
2627841.576219 -9052649.004760
2656247.997838 -9025946.737737
2681843.413000 -9001566.406977
2705512.277939 -8978347.044349
2728909.159239 -8955127.681721
2742647.089282 -8941196.064143
2756097.071896 -8927264.446566
2776865.258250 -8905206.052069
2787542.492260 -8893596.370755
2803162.739460 -8876181.848784
2818482.981153 -8858767.326813
2828503.769925 -8847157.645498
2848309.089214 -8823938.282870
2869695.339006 -8798396.983979
2893696.346144 -8769372.780693
2908811.470362 -8750797.290590
2921733.014683 -8734543.736750
2943562.421290 -8706680.501596
2963162.777132 -8681139.202705
2977118.710014 -8662563.712602
2998679.638958 -8633539.509317
3014828.192248 -8611481.114820
3035878.440212 -8582456.911534
3056595.091053 -8553432.708249
3075480.919437 -8526730.441226
3095009.942273 -8498867.206072
3112579.391640 -8473325.907181
3122040.406717 -8459394.289604
3134535.335410 -8440818.799501
3142204.896624 -8429209.118187
3161171.829291 -8400184.914901
3173873.181594 -8380448.456667
3186459.508892 -8360711.998433
3200337.794171 -8338653.603936
3209679.939115 -8323561.018227
3223125.909175 -8301502.623730
3239963.534653 -8273639.388576
3249694.284318 -8257385.834736
3264727.298707 -8231844.535845
3274876.932992 -8214430.013874
3291629.077545 -8185405.810588
3300920.122029 -8169152.256748
3316642.221280 -8141289.021594
3332854.058562 -8112264.818308
3340573.303067 -8098333.200731
3354593.825285 -8072791.901840
3362743.249845 -8057699.316132
3377067.622433 -8030997.049109
3385070.112036 -8015904.463400
3394157.039678 -7998489.941429
3405551.015127 -7976431.546932
3417372.830032 -7953212.184304
3423228.896942 -7941602.502989
3435398.437027 -7917222.172230
3441703.222641 -7904451.522784
3449645.267371 -7888197.968944
3463624.750169 -7859173.765659
3469183.365402 -7847564.084344
3475247.396087 -7834793.434899
3488300.677781 -7806930.199745
3496360.078796 -7789515.677773
3505415.476508 -7769779.219539
3512257.583286 -7754686.633831
3525326.202803 -7725662.430545
3530500.880914 -7714052.749231
3540780.917491 -7690833.386602
3547921.051567 -7674579.832763
3553457.255157 -7661809.183317
3565437.350734 -7633945.948163
3572847.880221 -7616531.426191
3580675.955048 -7597955.936089
3587452.466946 -7581702.382249
3593691.572913 -7566609.796540
3602695.391292 -7544551.402043
3614443.569573 -7515527.198758
3622827.675897 -7494629.772392
3630688.787485 -7474893.314158
3639842.435814 -7451673.951530
3647583.308771 -7431937.493295
3654802.347343 -7413362.003193
3661948.711866 -7394786.513090
3666810.287696 -7382015.863644
3677296.450126 -7354152.628490
3685106.722721 -7333255.202125
3695423.411111 -7305391.966970
3704397.584436 -7281011.636211
3709912.517847 -7265919.050502
3719177.761814 -7240377.751611
3725452.380112 -7222963.229640
3732934.971433 -7202065.803274
3742826.143690 -7174202.568120
3748946.650835 -7156788.046148
3752998.124344 -7145178.364834
3762233.522312 -7118476.097812
3769005.556628 -7098739.639577
3776504.124171 -7076681.245080
3785514.296145 -7049978.978058
3790193.606594 -7036047.360481
3799084.294617 -7009345.093458
3804451.655857 -6993091.539618
3812053.322236 -6969872.176990
3817705.757494 -6952457.655018
3821817.413338 -6939687.005573
3827027.005272 -6923433.451733
3834803.030694 -6899053.120973
3840308.056826 -6881638.599002
3846881.917957 -6860741.172636
3854877.619325 -6835199.873745
3861734.441668 -6813141.479248
3867813.195530 -6793405.021014
3875621.602722 -6767863.722122
3879483.606607 -6755093.072677
3887506.472839 -6728390.805654
3892693.884496 -6710976.283683
3899922.047364 -6686595.952923
3903347.855278 -6674986.271609
3909790.603622 -6652927.877111
3916520.822109 -6629708.514483
3921866.431238 -6611133.024380
3926852.654339 -6593718.502409
3935114.265106 -6564694.299123
3940685.298895 -6544957.840889
3944911.871891 -6529865.255181
3949766.431136 -6512450.733209
3955567.780767 -6491553.306844
3959086.744350 -6478782.657398
3966069.763218 -6453241.358507
3971125.413292 -6434665.868404
3978634.701116 -6406802.633250
3981749.551492 -6395192.951936
3989158.556385 -6367329.716782
3992528.291501 -6354559.067336
3996167.440409 -6340627.449759
3999784.690212 -6326695.832182
4006059.266056 -6302315.501422
4011110.330359 -6282579.043188
4016426.613803 -6261681.616822
4021114.761087 -6243106.126720
4026640.160999 -6221047.732223
4032139.403793 -6198989.337726
4036733.957070 -6180413.847623
4040155.565535 -6166482.230046
4043276.083923 -6153711.580600
4050323.888952 -6124687.377315
4055638.559269 -6102628.982818
4062292.000949 -6074765.747664
4065051.383164 -6063156.066349
4068342.177448 -6049224.448772
4075160.986883 -6020200.245487
4079493.153036 -6001624.755384
4084588.364878 -5979566.360887
4087511.202067 -5966795.711441
4093832.472041 -5938932.476287
4099598.305354 -5913391.177396
4102461.531260 -5900620.527950
4105040.844650 -5889010.846636
4110410.417769 -5864630.515876
4113719.393682 -5849537.930168
4116493.011405 -5836767.280722
4120000.551723 -5820513.726882
4123475.308042 -5804260.173042
4127177.385565 -5786845.651071
4131585.104307 -5765948.224705
4136218.613237 -5743889.830208
4140341.242062 -5724153.371974
4146113.915232 -5696290.136820
4149939.530426 -5677714.646717
4155164.704436 -5652173.347826
4159419.282910 -5631275.921460
4165043.937559 -5603412.686306
4167831.423924 -5589481.068729
4170366.893791 -5576710.419284
4172650.733484 -5565100.737969
4177429.180883 -5540720.407210
4181049.879479 -5522144.917107
4186437.227676 -5494281.681953
4190452.624466 -5473384.255587
4195559.026277 -5446681.988564
4200867.969456 -5418818.753410
4206153.649945 -5390955.518256
4208776.276315 -5377023.900679
4211166.341849 -5364253.251234
4215909.982043 -5338711.952342
4218050.518409 -5327102.271028
4220171.654764 -5315492.589714
4223764.488236 -5295756.131480
4227128.803161 -5277180.641377
4230269.118832 -5259766.119406
4234633.729724 -5235385.788646
4237318.030931 -5220293.202937
4240596.707419 -5201717.712834
4243646.042557 -5184303.190863
4248489.742239 -5156439.955709
4253493.401495 -5127415.752423
4257468.886021 -5104196.389795
4261626.557504 -5079816.059035
4265160.738756 -5058918.632670
4268663.102772 -5038021.206304
4270984.540220 -5024089.588727
4273672.395880 -5007836.034887
4278057.928664 -4981133.767864
4282422.898322 -4954431.500842
4285070.248335 -4938177.947002
4287698.526008 -4921924.393162
4290684.946912 -4903348.903059
4293100.035845 -4888256.317351
4296971.821534 -4863875.986591
4298808.209316 -4852266.305277
4302813.343104 -4826725.006385
4305161.249559 -4811632.420677
4307490.534757 -4796539.834968
4310162.646940 -4779125.312997
4312112.285134 -4766354.663551
4315626.389534 -4743135.300923
4319982.542862 -4714111.097637
4321715.548627 -4702501.416323
4324640.349856 -4682764.958089
4327709.203865 -4661867.531723
4330076.215224 -4645613.977884
4332423.498969 -4629360.424044
4335254.116286 -4609623.965809
4337238.408230 -4595692.348232
4340847.190817 -4570151.049341
4343787.993928 -4549253.622976
4347352.218462 -4523712.324084
4348962.273706 -4512102.642770
4351205.644711 -4495849.088930
4353752.635737 -4477273.598827
4356125.589780 -4459859.076856
4357694.822759 -4448249.395542
4361277.595594 -4421547.128519
4364828.820439 -4394844.861496
4367435.295740 -4375108.403262
4369107.559075 -4362337.753817
4372742.652893 -4334474.518663
4374251.115438 -4322864.837348
4376943.277858 -4301967.410983
4379773.415005 -4279909.016486
4381401.586890 -4267138.367040
4383609.450116 -4249723.845069
4385650.986466 -4233470.291229
4389272.131119 -4204446.087943
4391000.542860 -4190514.470366
4393296.465940 -4171938.980264
4396425.027088 -4146397.681372
4397982.845598 -4133627.031927
4399814.216922 -4118534.446218
4401628.380810 -4103441.860510
4403425.451858 -4088349.274801
4404801.011437 -4076739.593487
4407538.571579 -4053520.230859
4410792.508909 -4025656.995704
4414156.232525 -3996632.792419
4417500.697427 -3967608.589133
4418964.944299 -3954837.939688
4422141.308219 -3926974.704534
4425293.305021 -3899111.469379
4427513.081292 -3879375.011145
4429586.179724 -3860799.521043
4432546.673318 -3834097.254020
4435622.705726 -3806234.018866
4437661.451874 -3787658.528763
4440069.273831 -3765600.134266
4442467.702425 -3743541.739769
4444226.681940 -3727288.185929
4446970.258726 -3701746.887038
4448329.680863 -3688976.237592
4450409.950270 -3669239.779358
4452355.468575 -3650664.289255
4455128.889556 -3623962.022233
4457044.417984 -3605386.532130
4459540.500814 -3581006.201370
4460838.557598 -3568235.551924
4462127.237432 -3555464.902479
4464218.162922 -3534567.476113
4465605.348322 -3520635.858536
4467211.277733 -3504382.304696
4469153.401185 -3484645.846462
4471086.817602 -3464909.388228
4473118.925933 -3444011.961862
4474460.910892 -3430080.344285
4477012.945694 -3403378.077262
4479107.215573 -3381319.682765
4480419.501268 -3367388.065188
4481937.132545 -3351134.511348
4484085.258745 -3327915.148720
4485892.019315 -3308178.690486
4487474.109207 -3290764.168515
4489049.490009 -3273349.646543
4490613.496252 -3255935.124572
4491645.062161 -3244325.443258
4493995.291562 -3217623.176235
4495411.691676 -3201369.622395
4497518.799407 -3176989.291635
4499015.353693 -3159574.769664
4500802.584881 -3138677.343298
4502380.795248 -3120101.853196
4504630.524832 -3093399.586173
4506669.198775 -3069019.255413
4508405.000786 -3048121.829047
4509461.040333 -3035351.179602
4511850.403706 -3006326.976316
4513930.459317 -2980785.677425
4515241.606960 -2964532.123585
4516354.753206 -2950600.506008
4518193.083133 -2927381.143380
4519737.763626 -2907644.685145
4521266.756488 -2887908.226911
4522785.087312 -2868171.768677
4524643.163891 -2843791.437917
4526490.763818 -2819411.107157
4527366.009022 -2807801.425843
4528757.126247 -2789225.935740
4529707.611479 -2776455.286295
4530564.683035 -2764845.604981
4531413.537303 -2753235.923666
4532672.080357 -2735821.401695
4533749.564491 -2720728.815987
4535714.395472 -2692865.580832
4537740.857251 -2663841.377547
4538547.403961 -2652231.696233
4539983.960828 -2631334.269867
4541015.727659 -2616241.684159
4542430.615855 -2595344.257793
4543675.501884 -2576768.767690
4545524.654708 -2548905.532536
4546364.749022 -2536134.883090
4547731.593567 -2515237.456725
4549392.595841 -2489696.157834
4550436.874269 -2473442.603994
4552204.382936 -2445579.368840
4553156.166031 -2430486.783131
4554458.499455 -2409589.356766
4556257.519589 -2380565.153480
4557182.863676 -2365472.567771
4558939.998059 -2336448.364486
4560123.634606 -2316711.906252
4561439.162716 -2294653.511755
4563009.422527 -2267951.244732
4564155.640025 -2248214.786498
4565360.287012 -2227317.360132
4566877.508531 -2200615.093110
4568508.498063 -2171590.889824
4569734.277981 -2149532.495327
4571269.839318 -2121669.260173
4572669.073654 -2096127.961282
4574181.846095 -2068264.726128
4575308.239775 -2047367.299762
4576053.719638 -2033435.682185
4577340.069612 -2009055.351425
4578189.196588 -1992801.797585
4579445.518556 -1968421.466825
4580924.261336 -1939397.263540
4581628.216897 -1925465.645963
4583026.256616 -1897602.410809
4584346.301865 -1870900.143786
4585140.423968 -1854646.589946
4586546.417542 -1825622.386660
4587886.370071 -1797759.151506
4589051.040794 -1773378.820746
4589928.928421 -1754803.330644
4590527.188462 -1742032.681198
4591551.425770 -1719974.286701
4592511.799981 -1699076.860335
4593618.321808 -1674696.529576
4594863.520854 -1646833.294422
4595834.676517 -1624774.899925
4596939.859185 -1599233.601033
4597434.185506 -1587623.919719
4598603.084720 -1559760.684565
4599704.049599 -1533058.417542
4600225.009322 -1520287.768097
4600881.959399 -1504034.214257
4601940.426749 -1477331.947234
4602577.125282 -1461078.393394
4603253.889657 -1443663.871423
4604138.947086 -1420444.508794
4605104.594807 -1394903.209903
4605801.132206 -1376327.719800
4606706.286672 -1351947.389040
4607598.634393 -1327567.058281
4608059.749412 -1314796.408835
4608931.793287 -1290416.078075
4609745.871766 -1267196.715447
4610225.756101 -1253265.097870
4610695.382414 -1239333.480293
4611116.877676 -1226562.830847
4611945.809450 -1201021.531956
4612834.781748 -1173158.296802
4613707.607396 -1145295.061647
4614417.284499 -1122075.699019
4614763.299253 -1110466.017705
4615240.811020 -1094212.463865
4615740.284358 -1076797.941894
4616461.241055 -1051256.643002
4617044.790128 -1030359.216637
4617681.943324 -1007139.854008
4618342.114449 -982759.523248
4618652.625711 -971149.841934
4619316.491301 -945608.543043
4619993.642035 -918906.276020
4620542.407616 -896847.881523
4620937.477851 -880594.327683
4621354.490696 -863179.805712
4621956.909603 -837638.506821
4622517.321808 -813258.176061
4623013.125494 -791199.781564
4623345.130043 -776107.195855
4623874.150668 -751726.865095
4624195.772611 -736634.279387
4624556.988250 -719219.757416
4624979.217101 -698322.331050
4625228.484858 -685551.681604
4625558.016618 -668137.159633
4625816.663561 -654205.542056
4626231.849787 -630986.179428
4626636.679517 -607766.816799
4627006.848016 -585708.422302
4627441.468239 -559006.155279
4627714.065030 -541591.633308
4627976.850927 -524177.111337
4628347.133499 -498635.812446
4628642.046273 -477738.386080
4628907.138669 -458001.927846
4629159.971176 -438265.469612
4629514.623008 -409241.266326
4629761.327357 -388343.839961
4629920.858629 -374412.222383
4630125.339323 -355836.732281
4630322.143587 -337261.242178
4630518.436614 -317524.783944
4630764.322906 -290822.516921
4631020.467774 -261798.313636
4631214.435055 -238578.951007
4631344.944460 -222325.397167
4631466.357537 -206071.843327
4631556.488684 -193301.193882
4631697.208266 -172403.767516
4631865.971427 -144540.532362
4631948.058621 -129447.946653
4632003.688960 -117838.265339
4632052.490236 -106228.584025
4632145.103697 -79526.317002
4632232.117429 -50502.113717
4632270.709387 -35409.528008
4632310.153129 -15673.069774
4632342.567219 6385.324723
4632364.540149 33087.591746
4632368.907406 51663.081848
4632361.230574 69077.603820
4632347.923879 80687.285134
4632313.564828 102745.679631
4632268.115389 123643.105996
4632212.223155 144540.532362
4632153.871122 161955.054333
4632108.142497 173564.735648
4631980.366472 201427.970802
4631830.191475 230452.174087
4631689.771744 255993.472978
4631575.622944 274568.963081
4631392.098005 302432.198235
4631311.869705 314041.879550
4631091.641406 343066.082835
4630985.711991 355836.732281
4630834.078171 373251.254252
4630704.968167 387182.871829
4630466.803363 411563.202589
4630205.241947 437104.501480
4630055.993997 451036.119057
4629888.516636 466128.704766
4629699.036253 482382.258606
4629476.999392 500957.748708
4629205.508143 523016.143205
4628998.734976 539269.697045
4628649.560034 565971.964068
4628490.187611 577581.645382
4628305.802891 590352.294828
4627995.414637 611249.721193
4627818.503240 622859.402508
4627597.532877 636791.020085
4627293.534150 655366.510188
4626944.089533 676263.936553
4626507.126850 701805.235444
4626160.674613 721541.693679
4625800.132794 741278.151913
4625535.677398 755209.769490
4625262.502862 769141.387067
4624749.493959 794682.685958
4624295.906497 816741.080455
4623900.619378 835316.570558
4623443.422079 856213.996923
4623050.433292 873628.518895
4622728.944808 887560.136472
4622261.662452 907296.594706
4621815.175369 925872.084809
4621299.062709 946769.511174
4620561.281742 975793.714460
4620262.673044 987403.395774
4619590.336888 1012944.694665
4618807.925017 1041968.897951
4618007.973985 1070993.101236
4617263.943628 1097695.368259
4616635.955428 1119753.762756
4615931.519995 1144134.093516
4615389.173991 1162709.583619
4614600.637889 1189411.850641
4614080.028643 1206826.372613
4613302.492002 1232367.671504
4612546.940549 1256748.002264
4611923.273326 1276484.460498
4611254.630514 1297381.886864
4610498.217466 1320601.249492
4609724.754785 1343820.612121
4609252.138473 1357752.229698
4608813.420835 1370522.879143
4607794.930056 1399547.082429
4607259.277029 1414639.668137
4606385.730673 1439019.998897
4605960.803187 1450629.680211
4605102.340404 1473849.042840
4604317.442097 1494746.469205
4603787.703278 1508678.086782
4602807.802918 1534219.385674
4601770.927083 1560921.652696
4601175.481676 1576014.238405
4600102.037401 1602716.505428
4598961.915728 1630579.740582
4598479.965784 1642189.421896
4597313.686339 1670052.657050
4596623.670821 1686306.210890
4595923.440889 1702559.764730
4594758.774162 1729262.031753
4593779.263973 1751320.426250
4593047.757722 1767573.980089
4591731.389235 1796598.183375
4591091.581881 1810529.800952
4590119.923189 1831427.227318
4588869.015831 1858129.494340
4588047.661014 1875544.016312
4587380.800343 1889475.633889
4586707.706152 1903407.251466
4585910.979315 1919660.805306
4585334.809442 1931270.486620
4584578.023694 1946363.072328
4583809.077448 1961455.658037
4583152.242860 1974226.307482
4581767.630511 2000928.574505
4581095.901716 2013699.223951
4579860.993787 2036918.586579
4579171.392185 2049689.236025
4577650.423718 2077552.471179
4576365.461465 2100771.833807
4574939.427547 2126313.132699
4573952.805824 2143727.654670
4572692.169902 2165786.049167
4572023.305635 2177395.730481
4570328.067278 2206419.933767
4569504.168319 2220351.551344
4568390.777595 2238927.041447
4566916.416191 2263307.372206
4566205.002732 2274917.053521
4564410.865687 2303941.256806
4563396.843837 2320194.810646
4562371.846658 2336448.364486
4560525.775914 2365472.567772
4559031.582241 2388691.930400
4557897.893180 2406106.452371
4556294.076763 2430486.783131
4554520.140715 2457189.050154
4553509.708488 2472281.635862
4551625.112340 2500144.871016
4550674.638870 2514076.488594
4549559.568426 2530330.042433
4547550.258874 2559354.245719
4546093.388096 2580251.672085
4544057.827409 2609275.875370
4542004.030489 2638300.078656
4540597.779349 2658036.536890
4539592.905587 2671968.154467
4537569.422248 2699831.389621
4535521.333161 2727694.624775
4534143.428662 2746270.114878
4532234.280801 2771811.413769
4530309.653291 2797352.712660
4529072.683010 2813606.266500
4526930.159251 2841469.501654
4524860.558851 2868171.768677
4522679.833449 2896035.003831
4521034.444250 2916932.430197
4519744.657306 2933185.984037
4517520.397708 2961049.219191
4515843.046846 2981946.645556
4514248.769963 3001683.103791
4513304.143581 3013292.785105
4511119.714724 3039995.052127
4509590.522166 3058570.542230
4508528.334063 3071341.191676
4506189.093983 3099204.426830
4504022.875697 3124745.725721
4502332.712928 3144482.183955
4500632.163051 3164218.642190
4498107.267555 3193242.845475
4495569.190571 3222267.048761
4493317.261117 3247808.347652
4491972.190462 3262900.933360
4489997.879090 3284959.327857
4488848.000419 3297729.977303
4486419.039017 3324432.244326
4485246.991051 3337202.893771
4483960.282437 3351134.511348
4481259.293546 3380158.714634
4479630.536559 3397573.236605
4477004.871337 3425436.471759
4474906.252532 3447494.866256
4472568.414467 3471875.197016
4471338.261588 3484645.846462
4470210.701801 3496255.527776
4467480.056480 3524118.762930
4465190.541042 3547338.125559
4463460.076058 3564752.647530
4460668.787301 3592615.882684
4458908.659593 3610030.404655
4456894.495436 3629766.862890
4454861.685738 3649503.321124
4453299.091893 3664595.906832
4451240.176445 3684332.365066
4448310.298709 3712195.600221
4446836.051341 3726127.217798
4443745.236800 3755151.421083
4442501.095086 3766761.102397
4441000.478164 3780692.719974
4439233.906212 3796946.273814
4437201.511328 3815521.763917
4435667.678960 3829453.381494
4433350.770930 3850350.807860
4431928.274830 3863121.457305
4428665.158972 3892145.660591
4427222.164159 3904916.310037
4424710.442537 3926974.704534
4421514.495828 3954837.939688
4419370.756112 3973413.429790
4417345.567352 3990827.951762
4415437.281128 4007081.505602
4413242.231213 4025656.995704
4410349.165686 4050037.326464
4407430.764946 4074417.657224
4404638.688066 4097637.019853
4402107.721109 4118534.446218
4400695.251728 4130144.127532
4398710.333031 4146397.681372
4397286.654563 4158007.362686
4394844.489432 4177743.820921
4391236.878700 4206768.024206
4389199.153501 4223021.578046
4387730.533898 4234631.259360
4384921.376354 4256689.653857
4383132.592132 4270621.271434
4381037.910341 4286874.825274
4378319.657319 4307772.251640
4375576.131494 4328669.678005
4372669.462295 4350728.072502
4370973.554688 4363498.721948
4368017.140634 4385557.116445
4365820.214463 4401810.670285
4362981.023775 4422708.096651
4359652.784532 4447088.427410
4356619.347145 4469146.821907
4355015.177216 4480756.503222
4352425.856817 4499331.993324
4349663.614666 4519068.451559
4347703.795317 4533000.069136
4346062.840631 4544609.750450
4341927.391241 4573633.953735
4338104.703928 4600336.220758
4336100.789423 4614267.838335
4334254.479785 4627038.487781
4332054.941312 4642131.073489
4328648.819024 4665350.436118
4325401.223635 4687408.830615
4323513.509497 4700179.480060
4320926.236078 4717594.002032
4319190.713440 4729203.683346
4315169.951384 4755905.950369
4312880.811173 4770998.536077
4308799.862727 4797700.803100
4306834.629236 4810471.452545
4303422.887307 4832529.847042
4299455.254566 4858071.145934
4296544.536713 4876646.636036
4293429.444556 4896383.094271
4289932.728595 4918441.488768
4286404.259233 4940499.883265
4284532.339867 4952109.564579
4282645.472836 4963719.245893
4280741.474884 4975328.927207
4277477.650154 4995065.385441
4272643.070764 5024089.588727
4268755.775339 5047308.951355
4266210.687842 5062401.537064
4262462.574060 5084459.931561
4258502.886933 5107679.294189
4254313.488454 5132059.624949
4249902.287770 5157600.923841
4246870.584550 5175015.445812
4242188.152119 5201717.712835
4237670.148623 5227259.011726
4234161.182464 5246995.469960
4230629.209038 5266731.928194
4226864.936718 5287629.354560
4223067.673477 5308526.780925
4219252.406304 5329424.207291
4214345.288362 5356126.474314
4209179.835425 5383989.709468
4206586.726090 5397921.327045
4203766.224881 5413013.912753
4199607.658618 5435072.307250
4195866.373119 5454808.765484
4191006.961941 5480350.064376
4188332.972753 5494281.681953
4185638.309970 5508213.299530
4180211.251965 5536076.534684
4177708.255709 5548847.184130
4174738.170973 5563939.769838
4171520.712275 5580193.323678
4168512.063636 5595285.909386
4163153.567500 5621988.176409
4158936.637076 5642885.602775
4153976.640613 5667265.933535
4149219.424833 5690485.296163
4143233.006276 5719509.499449
4139618.363639 5736924.021420
4134277.223865 5762465.320311
4129398.024180 5785684.682940
4123521.065857 5813547.918094
4119821.760573 5830962.440065
4114365.524167 5856503.738956
4108137.268848 5885527.942242
4105624.330023 5897137.623556
4101837.845754 5914552.145527
4097525.404233 5934288.603762
4092678.229966 5956346.998259
4089093.092416 5972600.552098
4084703.266646 5992337.010333
4079489.473322 6015556.372961
4073989.916917 6039936.703721
4068702.030504 6063156.066349
4065778.073985 6075926.715795
4060690.681156 6097985.110292
4054506.182291 6124687.377315
4050184.015768 6143262.867417
4044185.780815 6168804.166309
4038431.346236 6193184.497069
4032901.864083 6216403.859697
4029840.489425 6229174.509143
4025626.651001 6246589.031114
4020257.732905 6268647.425611
4016845.512532 6282579.043188
4011676.640096 6303476.469554
4004469.300942 6332500.672839
4000982.335723 6346432.290416
3995435.004300 6368490.684913
3989242.545472 6392871.015673
3981838.187976 6421895.218959
3975888.633664 6445114.581587
3970796.993668 6464851.039821
3963579.907293 6492714.274975
3956019.687190 6521738.478261
3951136.061531 6540313.968364
3946228.671980 6558889.458466
3939412.192060 6584430.757358
3932528.678222 6609972.056249
3929065.727385 6622742.705695
3923683.055255 6642479.163929
3915692.012887 6671503.367214
3910212.960458 6691239.825448
3903726.751599 6714459.188077
3896236.501327 6741161.455100
3890023.042841 6763219.849597
3884428.652126 6782956.307831
3879780.715685 6799209.861671
3871396.381643 6828234.064956
3863313.272078 6856097.300110
3857894.716175 6874672.790213
3852771.352530 6892087.312184
3845536.987509 6916467.642944
3839279.857056 6937365.069310
3835775.022764 6948974.750624
3829408.550474 6969872.176990
3820860.493820 6997735.412144
3816922.010641 7010506.061589
3810805.815471 7030242.519824
3803193.750155 7054622.850583
3794804.972477 7081325.117606
3786345.142443 7108027.384629
3781893.747744 7121959.002206
3777769.129786 7134729.651652
3768297.151129 7163753.854937
3759116.907024 7191617.090091
3751805.971687 7213675.484588
3747546.094624 7226446.134034
3743632.247506 7238055.815348
3734571.870362 7264758.082371
3726630.753516 7287977.444999
3720604.838956 7305391.966970
3716561.005999 7317001.648285
3709230.311855 7337899.074650
3702230.749979 7357635.532884
3692669.661068 7384337.799907
3687642.696916 7398269.417484
3677520.454341 7426132.652638
3670729.539240 7444708.142741
3662610.049088 7466766.537238
3652242.493732 7494629.772392
3646137.693680 7510883.326232
3641726.911326 7522493.007546
3636404.740165 7536424.625123
3625255.411155 7565448.828409
3618973.862046 7581702.382249
3613562.330746 7595633.999826
3608556.088913 7608404.649272
3601214.351495 7626980.139374
3592382.811870 7649038.533871
3580665.264178 7678062.737157
3573110.920399 7696638.227260
3565934.811582 7714052.749231
3558693.604728 7731467.271202
3547935.792813 7757008.570093
3541534.167168 7772101.155802
3534591.336354 7788354.709642
3524108.752724 7812735.040402
3517555.160085 7827827.626110
3504811.997466 7856851.829396
3491997.754308 7885876.032681
3484213.891837 7903290.554653
3478430.996890 7916061.204098
3470965.038342 7932314.757938
3462358.395307 7950890.248041
3449312.727271 7978753.483195
3439442.193249 7999650.909561
3433324.084423 8012421.559006
3420970.578768 8037962.857898
3410166.017774 8060021.252395
3396886.399766 8086723.519417
3386397.450129 8107620.945783
3375180.720991 8129679.340280
3363801.112229 8151737.734777
3351646.540434 8174957.097405
3344888.280987 8187727.746851
3333750.471689 8208625.173217
3323079.559828 8228361.631451
3308499.206235 8255063.898473
3298850.150602 8272478.420445
3285828.065898 8295697.783073
3269350.167478 8324721.986359
3257396.327648 8345619.412724
3248034.582009 8361872.966564
3240612.256158 8374643.616010
3231729.111292 8389736.201718
3214525.031667 8418760.405004
3207594.313593 8430370.086318
3197040.387954 8447784.608289
3184965.968584 8467521.066524
3168473.961169 8494223.333546
3150415.333204 8523247.536832
3141597.480638 8537179.154409
3131914.169223 8552271.740117
3124408.517092 8563881.421432
3106918.463197 8590583.688454
3093048.445691 8611481.114820
3082115.383084 8627734.668660
3067923.860469 8648632.095025
3053606.674762 8669529.521391
3037372.487190 8692748.884019
3020936.421017 8715968.246648
3002583.248045 8741509.545539
2992375.443989 8755441.163116
2983706.064825 8767050.844430
2964261.770888 8792592.143322
2950862.059250 8810006.665293
2939927.488435 8823938.282870
2926006.077639 8841352.804841
2916559.125002 8852962.486156
2906958.722147 8864572.167470
2894260.067615 8879664.753178
2874317.588995 8902884.115807
2860033.145801 8919137.669647
2849715.322328 8930747.350961
2834954.046729 8947000.904801
2823221.461122 8959771.554246
2803567.524291 8980668.980612
2781126.116682 9003888.343240
2762911.452726 9022463.833343
2749017.100061 9036395.450920
2737305.197513 9048005.132234
2715928.697938 9068902.558600
2701424.120527 9082834.176177
2676901.006001 9106053.538805
2655621.727420 9125789.997040
2634051.652106 9145526.455274
2621089.827480 9157136.136588
2598452.459085 9176872.594822
2575486.562367 9196609.053056
2549300.921596 9218667.447553
2533850.068144 9231438.096999
2501049.781235 9258140.364022
2483621.850307 9272071.981599
2464107.139701 9287164.567307
2439292.225569 9305740.057410
2416764.699547 9321993.611250
2378745.905658 9348695.878273
2361611.784817 9360305.559587
2333687.170794 9378881.049689
2302817.244150 9398617.507924
2255766.855758 9427641.711209
2213120.728614 9453183.010100
2168728.267758 9478724.308992
2134789.640486 9497299.799095
2099250.806717 9515875.289197
2055453.692442 9537933.683694
2017300.389453 9556509.173797
1980077.963931 9573923.695768
1949345.277616 9587855.313345
1884524.149974 9615718.548500
1835555.504552 9635455.006734
1767470.208328 9660996.305625
1708427.686595 9681893.731991
1663372.352274 9696986.317699
1604176.306582 9715561.807802
1546209.325168 9732976.329773
1500477.448326 9745746.979219
1421972.506083 9765483.437453
1298571.578569 9793346.672607
1234062.478764 9806117.322053
1111625.493422 9828175.716550
961407.486973 9851395.079178
774664.542800 9876936.378069
640273.004595 9892028.963778
520255.900136 9903638.645092
341648.010445 9918731.230801
113231.817979 9934984.784640
-142893.432867 9950077.370349
-908658.181403 9975618.669240
-3345204.115251 9999999.000000
-3514956.761667 9998866.625524
-4451985.358835 9972822.012569
-4770263.708701 9955836.395425
-5194628.851587 9927527.033518
-5520534.092950 9900350.046088
-5806609.488766 9872040.684181
-5969936.449008 9852790.318084
-6074384.082031 9839201.824369
-6217805.573559 9816554.334843
-6370540.415946 9789377.347413
-6442474.268857 9774656.479221
-6544793.560130 9752008.989695
-6603245.139886 9738420.495980
-6656354.499539 9724832.002265
-6757327.885839 9696522.640358
-6850202.307819 9669345.652927
-6932325.631179 9643301.039973
-6982365.835146 9626315.422829
-7019358.852212 9612726.929113
-7089106.762783 9585549.941683
-7130224.915436 9568564.324539
-7177643.394341 9548181.583966
-7225697.465627 9526666.468916
-7276283.581104 9502886.604915
-7320272.586083 9481371.489865
-7374473.597534 9454194.502435
-7404869.317511 9438341.259767
-7447289.769626 9415693.770241
-7492993.187728 9390781.531763
-7543374.979969 9362472.169856
-7579914.781830 9340957.054807
-7610109.680413 9322839.063187
-7633843.676070 9308118.194995
-7663587.282702 9288867.828898
-7680639.149351 9277544.084135
-7715161.168786 9253764.220134
-7748749.691409 9229984.356132
-7770417.687472 9214131.113464
-7794333.012889 9196013.121844
-7826686.256623 9171100.883365
-7842469.248913 9158644.764126
-7872133.055768 9134864.900125
-7900903.651607 9111085.036123
-7931492.261362 9085040.423168
-7954840.531396 9064657.682595
-7972585.135378 9048804.439928
-7988633.780896 9034083.571736
-8013021.749856 9011436.082210
-8031952.206674 8993318.090590
-8053858.372798 8971802.975541
-8075340.390127 8950287.860492
-8102109.396812 8923110.873061
-8120859.783777 8903860.506964
-8143443.458223 8880080.642962
-8161490.034717 8860830.276866
-8185317.196557 8834785.663911
-8204655.373503 8813270.548862
-8227475.504857 8787225.935908
-8252032.455873 8758916.574001
-8272157.592523 8735136.709999
-8294847.673409 8707959.722568
-8310600.856962 8688709.356472
-8324229.844653 8671723.739327
-8334943.849020 8658135.245612
-8355986.953563 8630958.258181
-8368883.661899 8613972.641037
-8378978.014690 8600384.147322
-8399773.821029 8572074.785415
-8409546.291183 8558486.291700
-8421629.788824 8541500.674556
-8431896.878059 8526779.806364
-8443590.453550 8509794.189220
-8458872.818214 8487146.699694
-8476267.933209 8461102.086740
-8489639.353774 8440719.346167
-8504382.303869 8418071.856641
-8516723.852780 8398821.490545
-8525330.985283 8385232.996829
-8536679.298827 8367115.005209
-8547208.700170 8350129.388065
-8555564.481619 8336540.894350
-8563817.555334 8322952.400634
-8574719.035098 8304834.409014
-8585481.338943 8286716.417393
-8594091.099918 8271995.549202
-8607854.448077 8248215.685200
-8616263.584148 8233494.817008
-8631629.776936 8206317.829578
-8644921.274843 8182537.965576
-8651809.146345 8170081.846337
-8667246.621524 8141772.484430
-8675169.388456 8127051.616238
-8687884.632164 8103271.752236
-8701102.286282 8078359.513758
-8716006.861008 8050050.151851
-8729562.467151 8024005.538897
-8741194.620701 8001358.049372
-8751001.793438 7982107.683275
-8762952.247064 7958327.819273
-8775341.644954 7933415.580795
-8782552.166023 7918694.712603
-8789667.917976 7903973.844412
-8803190.076114 7875664.482505
-8816632.527885 7847355.120598
-8824617.846835 7830369.503454
-8830913.848401 7816781.009738
-8842383.472727 7791868.771260
-8854809.877486 7764691.783830
-8860469.637434 7752235.664591
-8872203.287239 7726191.051636
-8880778.763286 7706940.685540
-8886253.736592 7694484.566301
-8898614.389652 7666175.204394
-8910344.266802 7638998.216963
-8919569.708864 7617483.101914
-8927734.886101 7598232.735817
-8937289.265293 7575585.246292
-8944831.022864 7557467.254671
-8956018.162696 7530290.267240
-8960650.039736 7518966.522478
-8972132.868325 7490657.160571
-8980327.498283 7470274.419998
-8987540.241557 7452156.428377
-8993364.470188 7437435.560186
-8998702.219278 7423847.066470
-9008829.142525 7397802.453516
-9016257.603998 7378552.087419
-9024464.476893 7357036.972370
-9032581.705511 7335521.857321
-9042764.070353 7308344.869890
-9050734.206323 7286829.754841
-9054890.170175 7275506.010078
-9065199.462224 7247196.648171
-9074610.797477 7221152.035217
-9082340.526144 7199636.920168
-9090438.082606 7176989.430642
-9095243.495818 7163400.936927
-9103994.998309 7138488.698449
-9110302.802009 7120370.706828
-9118539.038838 7096590.842826
-9124394.525469 7079605.225682
-9129431.470363 7064884.357491
-9135954.255145 7045633.991394
-9145065.576868 7018457.003963
-9154504.335203 6990147.642056
-9163865.655698 6961838.280150
-9168700.390878 6947117.411958
-9172385.847750 6935793.667195
-9179687.302059 6913146.177670
-9188370.823344 6885969.190239
-9194472.452123 6866718.824142
-9199109.469910 6851997.955951
-9204426.815861 6835012.338807
-9209367.816104 6819159.096139
-9214265.555529 6803305.853471
-9221904.949272 6778393.614993
-9226372.200458 6763672.746801
-9232864.564189 6742157.631752
-9241019.494800 6714980.644321
-9246418.775523 6696862.652701
-9253104.500851 6674215.163175
-9259391.243574 6652700.048126
-9267295.361055 6625523.060695
-9274812.609890 6599478.447741
-9279359.452053 6583625.205073
-9283560.254119 6568904.336881
-9287092.478164 6556448.217642
-9291559.920416 6540594.974975
-9295051.075496 6528138.855736
-9301364.402950 6505491.366210
-9306699.661237 6486241.000113
-9309808.362594 6474917.255351
-9314131.975598 6459064.012683
-9319343.450083 6439813.646586
-9323605.524254 6423960.403918
-9329666.950936 6401312.914393
-9332984.496689 6388856.795153
-9337164.237956 6373003.552486
-9341012.651575 6358282.684294
-9344245.498976 6345826.565055
-9348613.456977 6328840.947911
-9352085.550848 6315252.454196
-9358999.348069 6288075.466765
-9363284.536051 6271089.849621
-9370108.284902 6243912.862190
-9374351.240826 6226927.245046
-9379112.721257 6207676.878949
-9385504.262842 6181632.265995
-9392424.389961 6153322.904088
-9395989.221069 6138602.035896
-9399522.224032 6123881.167705
-9402764.490348 6110292.673989
-9408928.422075 6084248.061035
-9413731.876411 6063865.320462
-9418765.119345 6042350.205413
-9421928.123371 6028761.711697
-9425851.587413 6011776.094553
-9429737.622404 5994790.477409
-9434119.949821 5975540.111312
-9440503.358645 5947230.749406
-9443800.067508 5932509.881214
-9449336.898891 5907597.642736
-9455099.133332 5881553.029782
-9460826.579909 5855508.416827
-9466276.103990 5830596.178349
-9470208.130543 5812478.186729
-9472643.556974 5801154.441966
-9476752.815250 5781904.075869
-9480604.440327 5763786.084249
-9486089.605191 5737741.471294
-9490597.199781 5716226.356245
-9495320.845956 5693578.866720
-9500016.421218 5670931.377194
-9503052.689868 5656210.509002
-9506072.083306 5641489.640811
-9510224.953205 5621106.900238
-9514569.742276 5599591.785189
-9518874.561118 5578076.670139
-9521352.149291 5565620.550900
-9525153.023715 5546370.184804
-9528261.339148 5530516.942136
-9532229.926383 5510134.201563
-9535523.748277 5493148.584419
-9540975.312451 5464839.222512
-9543789.423309 5450118.354320
-9548510.113817 5425206.115842
-9552781.300237 5402558.626316
-9554899.026332 5391234.881554
-9560160.599955 5362925.519647
-9562873.772981 5348204.651455
-9567220.033295 5324424.787453
-9571118.178009 5302909.672404
-9574578.211835 5283659.306307
-9577204.015762 5268938.438116
-9581224.695993 5246290.948590
-9583617.058392 5232702.454875
-9588566.930348 5204393.092968
-9590736.994822 5191936.973729
-9594668.296188 5169289.484203
-9597401.333289 5153436.241536
-9601657.408420 5128524.003057
-9605693.646452 5104744.139056
-9608566.260936 5087758.521911
-9612558.929459 5063978.657910
-9616339.529986 5041331.168384
-9621043.116564 5013021.806477
-9624225.405248 4993771.440381
-9628128.144787 4969991.576379
-9631080.238163 4951873.584758
-9633282.334276 4938285.091043
-9635292.910886 4925828.971804
-9638562.786326 4905446.231231
-9641087.697900 4889592.988563
-9644672.608169 4866945.499038
-9647707.683271 4847695.132941
-9651618.415820 4822782.894463
-9655150.550488 4800135.404937
-9657434.836043 4785414.536746
-9659535.028932 4771826.043030
-9662147.943796 4754840.425886
-9664395.313203 4740119.557695
-9668509.870226 4712942.570264
-9672606.568086 4685765.582833
-9675154.962657 4668779.965689
-9679217.630325 4641602.978258
-9683258.244282 4614425.990828
-9687105.275463 4588381.377873
-9688771.832980 4577057.633111
-9692418.327531 4552145.394633
-9695549.303623 4530630.279583
-9697672.921262 4515909.411392
-9699454.835620 4503453.292153
-9701865.302397 4486467.675009
-9705534.464929 4460423.062054
-9708379.865996 4440040.321481
-9710729.437266 4423054.704337
-9712747.899173 4408333.836145
-9715529.393036 4387951.095572
-9718439.642119 4366435.980523
-9722100.903947 4339258.993093
-9724527.410698 4321141.001472
-9728299.316965 4292831.639565
-9730854.770335 4273581.273469
-9732651.310331 4259992.779753
-9736229.818636 4232815.792323
-9738898.853588 4212433.051750
-9741251.205679 4194315.060129
-9744179.674488 4171667.570604
-9746218.218108 4155814.327936
-9749840.926041 4127504.966029
-9753447.492852 4099195.604122
-9755311.065672 4084474.735930
-9757020.407916 4070886.242215
-9759138.790262 4053900.625071
-9762653.595555 4025591.263164
-9764047.438249 4014267.518401
-9766266.716326 3996149.526781
-9769435.383694 3970104.913826
-9771631.379033 3951986.922206
-9773818.275646 3933868.930585
-9775583.078915 3919148.062394
-9778678.329754 3893103.449440
-9781219.786464 3871588.334390
-9784410.563769 3844411.346960
-9785730.457814 3833087.602197
-9787435.861994 3818366.734005
-9788872.283349 3805910.614766
-9791082.018647 3786660.248670
-9793272.312655 3767409.882573
-9796219.715996 3741365.269618
-9798641.409546 3719850.154569
-9800156.764642 3706261.660854
-9802295.208957 3687011.294757
-9803542.407229 3675687.549994
-9805156.831506 3660966.681803
-9806882.592066 3645113.439135
-9808478.825874 3630392.570943
-9809943.633407 3616804.077228
-9811643.869750 3600950.834560
-9813696.285442 3581700.468463
-9815018.568266 3569244.349224
-9816210.700298 3557920.604462
-9817750.054305 3543199.736270
-9819983.823442 3521684.621221
-9822434.074050 3497904.757219
-9824513.358301 3477522.016646
-9827374.653740 3449212.654739
-9829870.316960 3424300.416261
-9831110.585483 3411844.297022
-9832231.249585 3400520.552259
-9834009.022643 3382402.560639
-9835558.224986 3366549.317971
-9837209.941015 3349563.700827
-9839836.446866 3322386.713396
-9842441.380870 3295209.725965
-9844814.461651 3270297.487487
-9847387.209573 3243120.500057
-9849831.283918 3217075.887102
-9850885.954068 3205752.142340
-9852040.749121 3193296.023100
-9853606.222064 3176310.405956
-9856196.687613 3148001.044049
-9858050.009282 3127618.303476
-9859690.423395 3109500.311856
-9861825.191926 3085720.447854
-9863335.079246 3068734.830710
-9864934.577074 3050616.839090
-9867309.061643 3023439.851659
-9868488.081920 3009851.357944
-9870245.084669 2989468.617371
-9871214.811434 2978144.872608
-9872654.132207 2961159.255464
-9875029.772862 2932849.893557
-9876346.590064 2916996.650889
-9878579.872456 2889819.663458
-9880242.819036 2869436.922885
-9882447.098870 2842259.935455
-9884091.341263 2821877.194882
-9886089.123829 2796964.956404
-9887716.232314 2776582.215831
-9889869.872952 2749405.228400
-9891380.692504 2730154.862303
-9893317.847409 2705242.623825
-9895061.754088 2682595.134300
-9896014.635738 2670139.015061
-9897727.677172 2647491.525535
-9898660.958891 2635035.406296
-9900343.331721 2612387.916771
-9902268.816085 2586343.303816
-9904093.823003 2561431.065338
-9905331.545991 2544445.448194
-9906473.352262 2528592.205526
-9908420.233953 2501415.218095
-9910187.417779 2476502.979617
-9911305.894045 2460649.736949
-9912890.289709 2438002.247424
-9913756.073015 2425546.128185
-9915707.055776 2397236.766278
-9917634.526670 2368927.404371
-9918478.314463 2356471.285132
-9920077.711678 2332691.421130
-9921663.212795 2308911.557128
-9923163.892024 2286264.067603
-9924128.252742 2271543.199411
-9924863.500899 2260219.454648
-9926539.502800 2234174.841694
-9928270.845622 2206997.854263
-9929992.061808 2179820.866833
-9931557.208150 2154908.628355
-9932544.118076 2139055.385687
-9933802.710308 2118672.645114
-9934770.967826 2102819.402446
-9936346.845392 2076774.789492
-9937227.721113 2062053.921300
-9938433.131658 2041671.180727
-9939695.495261 2020156.065678
-9940810.293793 2000905.699581
-9941653.535341 1986184.831389
-9942489.974358 1971463.963198
-9943640.731821 1951081.222625
-9945220.383520 1922771.860718
-9946790.741290 1894462.498811
-9947471.904818 1882006.379572
-9949003.352243 1853697.017665
-9949670.689832 1841240.898426
-9950626.627562 1823122.906806
-9952103.745071 1794813.544899
-9953510.334100 1767636.557468
-9954667.116593 1744989.067943
-9955979.777294 1718944.454988
-9957332.894376 1691767.467558
-9958553.259374 1666855.229079
-9959868.900370 1639678.241649
-9960950.068682 1617030.752123
-9961643.439523 1602309.883932
-9962226.172093 1589853.764693
-9962909.706083 1575132.896501
-9963946.195996 1552485.406975
-9964714.412790 1535499.789831
-9965875.868831 1509455.176877
-9966571.333154 1493601.934209
-9967646.944476 1468689.695731
-9968228.514398 1455101.202016
-9968706.400946 1443777.457253
-9969886.032843 1415468.095346
-9970493.911984 1400747.227154
-9971422.028789 1378099.737629
-9971879.014967 1366775.992866
-9972642.091899 1347525.626769
-9973440.542574 1327142.886196
-9973964.399765 1313554.392481
-9974691.607953 1294304.026384
-9975241.328339 1279583.158193
-9975911.744019 1261465.166572
-9976446.000811 1246744.298381
-9976934.970164 1233155.804665
-9977862.531146 1207111.191711
-9978737.494889 1182198.953233
-9979440.218610 1161816.212660
-9979902.861967 1148227.718945
-9980474.916116 1131242.101801
-9981412.732091 1102932.739894
-9981929.180358 1087079.497226
-9982832.386263 1058770.135319
-9983580.923499 1034990.271317
-9984102.656828 1018004.654173
-9984748.468853 996489.539124
-9985081.835535 985165.794361
-9985669.530415 964783.053788
-9986341.486864 941003.189786
-9986718.060773 927414.696071
-9987152.604071 911561.453403
-9987636.639031 893443.461782
-9987934.719527 882119.717020
-9988517.227966 859472.227494
-9989169.079335 833427.614540
-9989530.434165 818706.746348
-9989994.877263 799456.380251
-9990342.084715 784735.512060
-9990990.264977 756426.150153
-9991295.284828 742837.656438
-9991770.503022 721322.541388
-9992013.503957 709998.796626
-9992371.404968 693013.179481
-9992833.049224 670365.689956
-9993079.148992 657909.570717
-9993541.885615 634129.706715
-9994037.826370 608085.093761
-9994353.677934 591099.476616
-9994860.720663 562790.114710
-9995057.140436 551466.369947
-9995379.043080 532216.003850
-9995598.603314 518627.510135
-9995860.960037 501641.892991
-9996282.276265 473332.531084
-9996608.593600 450685.041558
-9996813.289476 435964.173367
-9997163.881190 409919.560412
-9997512.030073 382742.572982
-9997860.457246 354433.211075
-9997995.477839 343109.466312
-9998134.802574 330653.347073
-9998313.258541 313667.729929
-9998473.736315 297814.487261
-9998605.677047 284225.993545
-9998708.615731 272902.248783
-9998813.037285 260446.129544
-9998992.218679 237798.640018
-9999153.568942 216283.524969
-9999230.154403 204959.780206
-9999316.457014 191371.286491
-9999425.122779 172120.920394
-9999526.425642 152870.554297
-9999621.499235 133620.188201
-9999732.079003 108707.949723
-9999792.191482 92854.707055
-9999837.723380 79266.213339
-9999870.672338 66810.094100
-9999917.465177 45294.979051
-9999936.767612 33971.234288
-9999962.326402 15853.242668
-9999986.819901 -10191.370286
-9999996.803596 -27176.987431
-9999999.000000 -52089.225909
-9999990.946478 -64545.345148
-9999975.970670 -75869.089911
-9999950.710721 -88325.209150
-9999877.224269 -115502.196580
-9999825.802520 -132487.813724
-9999784.196890 -143811.558487
-9999727.876897 -157400.052202
-9999599.251146 -184577.039633
-9999484.131385 -206092.154682
-9999346.292656 -228739.644208
-9999161.495892 -257049.006115
-9998996.465843 -280828.870117
-9998839.550826 -302343.985166
-9998638.095338 -328388.598120
-9998485.675558 -346506.589741
-9998315.219503 -365756.955837
-9998200.518044 -378213.075076
-9997950.704082 -404257.688031
-9997759.245586 -423508.054127
-9997567.288443 -441626.045748
-9997365.169258 -459744.037368
-9997222.533951 -472200.156607
-9996987.879279 -491450.522704
-9996785.729996 -507303.765372
-9996436.679557 -533348.378326
-9996198.983435 -550333.995470
-9995810.622288 -577510.982901
-9995443.555049 -602423.221379
-9995238.906865 -616011.715095
-9994925.891981 -636394.455668
-9994585.277537 -657909.570717
-9994381.425882 -670365.689956
-9994153.393315 -683954.183671
-9993664.868062 -712263.545578
-9993262.601815 -734911.035104
-9992873.409051 -756426.150153
-9992643.267872 -768882.269392
-9992428.990756 -780206.014155
-9992141.218199 -794926.882346
-9991622.761946 -820971.495301
-9991278.556688 -837957.112445
-9990854.556046 -858339.853018
-9990257.208397 -886649.214925
-9989746.906434 -910429.078926
-9989274.263858 -931944.193976
-9988870.825902 -950062.185596
-9988380.787993 -971577.300645
-9988010.677150 -987430.543313
-9987411.129575 -1012342.781791
-9986748.913556 -1039519.769222
-9986412.086942 -1053108.262937
-9985724.533786 -1080285.250368
-9984993.839638 -1108594.612275
-9984490.585609 -1127844.978372
-9983740.260788 -1156154.340279
-9983339.870085 -1170875.208470
-9982714.986224 -1193522.697996
-9981988.492781 -1219567.310950
-9981373.364322 -1241082.425999
-9981045.837304 -1252406.170762
-9980443.302313 -1272788.911335
-9979588.386638 -1301098.273242
-9978823.935996 -1326010.511720
-9978218.564208 -1345260.877817
-9977638.853355 -1363378.869437
-9977196.598775 -1376967.363153
-9976525.737367 -1397350.103725
-9975658.162469 -1423394.716680
-9974965.447914 -1443777.457253
-9974100.441037 -1468689.695731
-9973579.793363 -1483410.563923
-9972650.627973 -1509455.176877
-9972076.252664 -1525308.419545
-9971241.732606 -1547955.909070
-9970603.234318 -1564941.526214
-9970039.376704 -1579662.394406
-9969425.256626 -1595515.637074
-9968488.553280 -1619295.501076
-9967580.937626 -1641942.990601
-9967031.282188 -1655531.484317
-9966147.553535 -1677046.599366
-9965535.066948 -1691767.467557
-9964866.025781 -1707620.710225
-9963697.760245 -1734797.697656
-9963055.219691 -1749518.565848
-9962106.625304 -1771033.680897
-9961302.089988 -1789151.672517
-9960641.426405 -1803872.540709
-9959611.398381 -1826520.030234
-9958615.805637 -1848035.145284
-9957551.245238 -1870682.634809
-9956363.550439 -1895594.873287
-9955378.123805 -1915977.613860
-9954657.942730 -1930698.482052
-9953430.386812 -1955610.720530
-9952129.462478 -1981655.333484
-9950867.451170 -2006567.571962
-9949768.507802 -2028082.687012
-9948428.951604 -2054127.299966
-9947255.327860 -2076774.789492
-9946184.530741 -2097157.530065
-9945281.713407 -2114143.147209
-9944612.752164 -2126599.266448
-9943202.970330 -2152643.879402
-9942332.922122 -2168497.122070
-9941642.781963 -2180953.241309
-9940948.553486 -2193409.360548
-9940057.172888 -2209262.603216
-9938770.343630 -2231910.092741
-9937274.151242 -2257954.705696
-9936022.496859 -2279469.820745
-9935359.974995 -2290793.565508
-9934156.598872 -2311176.306081
-9932605.075509 -2337220.919035
-9931178.947489 -2361000.783037
-9930015.456438 -2380251.149134
-9929255.518013 -2392707.268373
-9928000.351718 -2413090.008946
-9926520.788089 -2436869.872948
-9925598.414149 -2451590.741139
-9924089.129467 -2475370.605141
-9922638.660670 -2498018.094666
-9921836.671099 -2510474.213906
-9921029.595440 -2522930.333145
-9920143.591208 -2536518.826860
-9919250.161162 -2550107.320575
-9917672.817854 -2573887.184577
-9916685.247181 -2588608.052769
-9915608.053257 -2604461.295437
-9914443.347838 -2621446.912581
-9913036.519817 -2641829.653154
-9911138.084076 -2669006.640584
-9910103.095631 -2683727.508776
-9908498.941151 -2706374.998301
-9906632.265445 -2732419.611256
-9904745.442834 -2758464.224210
-9903342.690115 -2777714.590307
-9901509.750397 -2802626.828785
-9900418.821679 -2817347.696977
-9898554.920440 -2842259.935455
-9896935.216155 -2863775.050504
-9895130.568325 -2887554.914506
-9893657.241999 -2906805.280602
-9891563.576053 -2933982.268033
-9889898.341248 -2955497.383082
-9888125.008037 -2978144.872608
-9886422.389447 -2999659.987657
-9884796.767553 -3020042.728230
-9883065.116377 -3041557.843279
-9881868.428783 -3056278.711471
-9879635.146391 -3083455.698902
-9878416.748699 -3098176.567093
-9876061.091361 -3126485.929000
-9873686.504221 -3154795.290907
-9871295.037173 -3183104.652814
-9868982.975319 -3210281.640245
-9867337.329506 -3229532.006341
-9864998.750430 -3256708.993772
-9863230.989561 -3277091.734345
-9861355.261792 -3298606.849394
-9858974.597547 -3325783.836825
-9857477.006853 -3342769.453969
-9855565.304144 -3364284.569018
-9853436.914612 -3388064.433020
-9851501.329949 -3409579.548069
-9849350.117227 -3433359.412071
-9847601.242943 -3452609.778168
-9845215.998487 -3478654.391122
-9842919.004002 -3503566.629600
-9840709.762420 -3527346.493602
-9838372.928118 -3552258.732080
-9835906.353008 -3578303.345035
-9834503.496805 -3593024.213226
-9832873.394366 -3610009.830370
-9831446.015740 -3624730.698562
-9829007.566669 -3649642.937040
-9826549.124092 -3674555.175518
-9824078.643270 -3699467.413996
-9821359.406233 -3726644.401427
-9820104.492909 -3739100.520666
-9817695.187186 -3762880.384668
-9815389.506739 -3785527.874193
-9814225.983287 -3796851.618956
-9812698.832737 -3811572.487148
-9810925.476443 -3828558.104292
-9808786.433874 -3848940.844865
-9807235.433907 -3863661.713056
-9805673.969849 -3878382.581248
-9803739.237308 -3896500.572868
-9801793.051977 -3914618.564489
-9800202.437607 -3929339.432680
-9798967.822649 -3940663.177443
-9796361.939684 -3964443.041445
-9793983.951564 -3985958.156494
-9792727.019192 -3997281.901257
-9791458.342263 -4008605.646020
-9789158.785547 -4028988.386593
-9786849.453337 -4049371.127166
-9785554.589456 -4060694.871928
-9782420.579226 -4087871.859359
-9780710.604956 -4102592.727551
-9777541.649892 -4129769.714981
-9774749.719750 -4153549.578983
-9772603.845735 -4171667.570604
-9770302.133765 -4190917.936700
-9767439.413118 -4214697.800702
-9764154.109927 -4241874.788133
-9761256.615727 -4265654.652135
-9759592.783101 -4279243.145850
-9757774.654666 -4293964.014041
-9755234.498316 -4314346.754614
-9753532.167773 -4327935.248330
-9750964.321819 -4348317.988903
-9747659.848420 -4374362.601857
-9746213.458108 -4385686.346620
-9744172.641491 -4401539.589288
-9740649.342466 -4428716.576718
-9738433.364618 -4445702.193863
-9735006.494997 -4471746.806817
-9733507.719054 -4483070.551580
-9729741.372358 -4511379.913487
-9726557.755142 -4535159.777488
-9723194.182898 -4560072.015966
-9720726.278347 -4578190.007587
-9717626.642820 -4600837.497112
-9715751.112514 -4614425.990828
-9711968.330794 -4641602.978258
-9708327.218426 -4667647.591213
-9706417.063944 -4681236.084928
-9704659.039960 -4693692.204167
-9701926.180692 -4712942.570264
-9697886.696418 -4741251.932171
-9694140.456802 -4767296.545125
-9691688.343825 -4784282.162269
-9690043.456266 -4795605.907032
-9687226.734600 -4814856.273129
-9684732.342307 -4831841.890273
-9680879.718738 -4857886.503227
-9678175.201440 -4876004.494848
-9674764.997862 -4898651.984373
-9671328.736465 -4921299.473899
-9667359.816687 -4947344.086853
-9664064.475253 -4968859.201902
-9660389.137698 -4992639.065904
-9656152.109471 -5019816.053335
-9652252.678515 -5044728.291813
-9647960.110962 -5071905.279244
-9645253.870180 -5088890.896388
-9641981.629446 -5109273.636961
-9638875.497841 -5128524.003057
-9634637.995789 -5154568.616012
-9631862.392343 -5171554.233156
-9629626.604349 -5185142.726871
-9625687.004357 -5208922.590873
-9623051.090238 -5224775.833541
-9618698.680053 -5250820.446495
-9614706.011531 -5274600.310497
-9610116.474936 -5301777.297928
-9607803.366420 -5315365.791643
-9605285.680423 -5330086.659835
-9602165.600893 -5348204.651455
-9598836.077847 -5367455.017552
-9594495.948899 -5392367.256030
-9592515.282296 -5403691.000793
-9588918.920886 -5424073.741366
-9586705.137692 -5436529.860605
-9582248.542019 -5461442.099083
-9580008.069035 -5473898.218322
-9575087.676434 -5501075.205752
-9570539.420395 -5525987.444231
-9565754.903547 -5552032.057185
-9561777.918987 -5573547.172234
-9558623.276909 -5590532.789378
-9553979.558532 -5615445.027856
-9551851.754727 -5626768.772619
-9546927.304640 -5652813.385574
-9544767.355098 -5664137.130336
-9540849.418107 -5684519.870909
-9536480.161630 -5707167.360435
-9532964.170619 -5725285.352055
-9529641.173958 -5742270.969199
-9524731.444793 -5767183.207677
-9521594.385677 -5783036.450345
-9518658.754238 -5797757.318537
-9516388.032640 -5809081.063300
-9512265.818590 -5829463.803873
-9507644.669250 -5852111.293398
-9504146.487793 -5869096.910542
-9498287.930869 -5897406.272449
-9492387.773451 -5925715.634356
-9487148.929253 -5950627.872834
-9484517.732238 -5963083.992073
-9481150.083992 -5978937.234741
-9476553.937393 -6000452.349790
-9474117.595608 -6011776.094553
-9471423.472405 -6024232.213792
-9467467.654796 -6042350.205413
-9464724.294023 -6054806.324652
-9458686.404980 -6081983.312082
-9455388.442357 -6096704.180274
-9452579.742474 -6109160.299513
-9448219.117346 -6128410.665610
-9445116.232322 -6141999.159325
-9440435.093213 -6162381.899898
-9437552.354344 -6174838.019137
-9430955.144797 -6203147.381044
-9424577.704950 -6230324.368475
-9420021.755413 -6249574.734571
-9414360.992517 -6273354.598573
-9411648.580622 -6284678.343336
-9407543.336201 -6301663.960480
-9402591.959466 -6322046.701053
-9398706.034324 -6337899.943721
-9393950.174630 -6357150.309818
-9390852.164596 -6369606.429057
-9385477.753759 -6391121.544106
-9380349.789565 -6411504.284679
-9377199.820846 -6423960.403918
-9370277.754081 -6451137.391349
-9363907.164856 -6476049.629827
-9359835.294251 -6491902.872495
-9355738.888461 -6507756.115162
-9348973.863487 -6533800.728117
-9343927.094505 -6553051.094214
-9337348.287456 -6577963.332692
-9332227.417570 -6597213.698788
-9328592.042654 -6610802.192504
-9324618.198291 -6625523.060695
-9319368.096786 -6644773.426792
-9314699.272166 -6661759.043936
-9309686.161273 -6679877.035557
-9302446.898141 -6705921.648511
-9294817.127753 -6733098.635942
-9287129.790956 -6760275.623372
-9282282.711649 -6777261.240516
-9276421.964701 -6797643.981089
-9273152.213607 -6808967.725852
-9267880.564899 -6827085.717473
-9264230.007676 -6839541.836712
-9257859.506526 -6861056.951761
-9254486.406438 -6872380.696524
-9249400.554217 -6889366.313668
-9241210.313057 -6916543.301098
-9234681.253631 -6938058.416148
-9229127.756737 -6956176.407768
-9223891.667122 -6973162.024912
-9218981.012040 -6989015.267580
-9212978.580372 -7008265.633677
-9205879.376508 -7030913.123202
-9199794.008871 -7050163.489299
-9196179.108862 -7061487.234062
-9191084.135727 -7077340.476730
-9182987.116627 -7102252.715208
-9174073.611831 -7129429.702638
-9169196.822957 -7144150.570830
-9163528.367150 -7161136.187974
-9154028.661300 -7189445.549881
-9149804.120799 -7201901.669120
-9145154.633205 -7215490.162835
-9139681.821959 -7231343.405503
-9132170.065789 -7252858.520553
-9122568.386955 -7280035.507983
-9116937.954881 -7295888.750651
-9106820.862993 -7324198.112558
-9100685.999515 -7341183.729702
-9095718.254026 -7354772.223418
-9088628.906072 -7374022.589514
-9081085.662424 -7394405.330087
-9076441.750220 -7406861.449326
-9071345.523417 -7420449.943042
-9062338.032858 -7444229.807043
-9056694.544390 -7458950.675235
-9052309.362193 -7470274.419998
-9045698.132644 -7487260.037142
-9039025.946281 -7504245.654286
-9029573.867806 -7528025.518288
-9020923.980628 -7549540.633337
-9012664.991079 -7569923.373910
-9001977.920625 -7595967.986864
-8990737.293379 -7623144.974295
-8983187.482921 -7641262.965916
-8974643.817220 -7661645.706489
-8969357.608344 -7674101.825728
-8958727.714374 -7699014.064206
-8950903.509292 -7717132.055826
-8940532.027848 -7740911.919828
-8935543.697515 -7752235.664591
-8924433.553336 -7777147.903069
-8913241.751881 -7802060.141547
-8904017.139631 -7822442.882120
-8898833.535192 -7833766.626883
-8890438.866436 -7851884.618503
-8877677.293852 -7879061.605934
-8866897.907384 -7901709.095459
-8857138.827081 -7922091.836032
-8846211.131226 -7944739.325558
-8837411.189207 -7962857.317178
-8830743.232017 -7976445.810893
-8821175.462293 -7995696.176990
-8810894.155738 -8016078.917563
-8802797.452879 -8031932.160231
-8795791.761724 -8045520.653946
-8783335.837905 -8069300.517948
-8773722.998546 -8087418.509569
-8761581.709295 -8110065.999094
-8754176.610068 -8123654.492809
-8741694.903161 -8146301.982335
-8726514.851750 -8173478.969766
-8710486.585661 -8201788.331673
-8694993.940837 -8228965.319103
-8679888.340799 -8255009.932058
-8665297.536487 -8279922.170536
-8649804.730502 -8305966.783490
-8638871.866471 -8324084.775110
-8631949.239184 -8335408.519873
-8622179.392127 -8351261.762541
-8612986.225455 -8365982.630733
-8596599.966309 -8392027.243687
-8587219.262983 -8406748.111879
-8572677.732828 -8429395.601404
-8563065.256781 -8444116.469596
-8547294.447218 -8467896.333598
-8530550.316259 -8492808.572076
-8515939.318883 -8514323.687125
-8504207.829558 -8531309.304269
-8487581.758514 -8555089.168271
-8477187.278553 -8569810.036462
-8458643.817000 -8595854.649417
-8448780.201025 -8609443.143132
-8428867.411932 -8636620.130563
-8416183.622312 -8653605.747707
-8400816.144195 -8673988.488280
-8383374.306721 -8696635.977805
-8369282.251872 -8714753.969426
-8359434.084220 -8727210.088665
-8349458.024291 -8739666.207904
-8326335.316447 -8767975.569811
-8306443.168878 -8791755.433813
-8283465.431555 -8818932.421243
-8273681.724741 -8830256.166006
-8256746.418577 -8849506.532103
-8237527.269129 -8871021.647152
-8224199.628715 -8885742.515344
-8210516.855144 -8900463.383535
-8184650.721948 -8927640.370966
-8173706.374511 -8938964.115729
-8147819.833210 -8965008.728683
-8121454.894741 -8991053.341637
-8107489.758742 -9004641.835353
-8092163.471536 -9019362.703544
-8064389.445947 -9045407.316499
-8050943.134222 -9057863.435738
-8032098.706825 -9074849.052882
-8006554.551625 -9097496.542407
-7984154.285361 -9116746.908504
-7955540.441384 -9140526.772506
-7922017.279089 -9167703.759937
-7906279.359987 -9180159.879176
-7885721.081479 -9196013.121843
-7858491.869528 -9216395.862416
-7830803.710721 -9236778.602989
-7805334.043643 -9254896.594610
-7787309.995568 -9267352.713849
-7755183.538971 -9288867.828898
-7734511.247146 -9302456.322614
-7691928.691037 -9329633.310044
-7648270.196895 -9356810.297475
-7621750.453398 -9372663.540143
-7576833.444805 -9398708.153097
-7556919.143502 -9410031.897860
-7536356.233392 -9421355.642623
-7508840.672284 -9436076.510814
-7482618.309058 -9449665.004529
-7439899.880363 -9471180.119579
-7381214.220865 -9499489.481486
-7349445.600464 -9514210.349677
-7301391.529177 -9535725.464727
-7257295.128544 -9554975.830823
-7209378.514285 -9575358.571396
-7168260.361632 -9592344.188540
-7133084.099841 -9605932.682256
-7058188.117692 -9633109.669686
-6984136.244875 -9659154.282641
-6945803.118147 -9671610.401880
-6909328.112938 -9682934.146642
-6845716.288769 -9701052.138263
-6804171.377069 -9712375.883026
-6699770.474504 -9739552.870456
-6606803.881495 -9762200.359982
-6508915.775016 -9784847.849507
-6400937.449716 -9808627.713509
-6286602.181694 -9832407.577511
-6175524.263025 -9852790.318084
-6036983.234578 -9875437.807610
-5873459.311599 -9900350.046088
-5705136.359395 -9922997.535613
-5497687.178825 -9947909.774091
-5265221.199544 -9971689.638093
-5121593.806440 -9984145.757332
-4971819.544153 -9995469.502095
-4951034.041224 -9996601.876571
-4923506.984695 -9997734.251047
-4875006.442511 -9998866.625524
-4782414.175638 -9999999.000000
0.000000 -9999999.000000
