2000
46313.353295 -9998821.975636
74101.114948 -9997644.951271
90584.953022 -9996467.926907
104092.278226 -9995290.902542
115019.208870 -9994113.878178
255278.507977 -9976458.512712
441310.039537 -9950563.976695
603378.026866 -9925846.465042
683296.968717 -9911722.172669
775894.103858 -9892889.782839
876285.041127 -9870526.319915
940764.776099 -9855225.003178
1018348.489248 -9835215.588983
1107483.790705 -9810498.077331
1166506.268390 -9792842.711864
1226542.443849 -9774010.322034
1271657.507173 -9758709.005297
1326898.186778 -9738699.591102
1370631.496323 -9722221.250000
1426389.359913 -9699857.787076
1470915.380285 -9681025.397246
1505886.768573 -9665724.080508
1568198.321939 -9637475.495763
1595582.258107 -9624528.227754
1650304.465343 -9597456.667373
1705768.079502 -9569208.082627
1754623.700970 -9543313.546610
1784216.767091 -9526835.205508
1816754.841441 -9508002.815678
1862187.558030 -9480931.255297
1891164.675386 -9463275.889831
1932424.101384 -9437381.353814
1952544.641670 -9424434.085805
1973690.878166 -9410309.793432
2013207.976199 -9383238.233051
2029767.940534 -9371467.989407
2060438.974073 -9349104.526483
2083865.243727 -9331449.161017
2108218.975255 -9312616.771186
2135062.932507 -9291430.332627
2161135.813868 -9270243.894068
2180848.003060 -9253765.552966
2201482.203522 -9236110.187500
2229919.897779 -9211392.675847
2260165.390098 -9184321.115466
2284513.203888 -9161957.652542
2313177.554200 -9134886.092161
2341398.698030 -9107814.531780
2367780.462631 -9081919.995763
2392373.547575 -9057202.484110
2409662.861844 -9039547.118644
2424396.380174 -9024245.801907
2435478.128583 -9012475.558263
2458165.600200 -8987758.046610
2475102.980947 -8968925.656780
2490616.618921 -8951270.291314
2507747.846232 -8931260.877119
2526691.858468 -8908897.414195
2539490.868767 -8893596.097458
2560662.991668 -8867701.561441
2570179.414861 -8855931.317797
2585088.085414 -8837098.927966
2596105.227609 -8822974.635593
2608833.712875 -8806496.294492
2623980.417054 -8786486.880297
2641548.598332 -8762946.393008
2653663.742585 -8746468.051907
2670796.035760 -8722927.564619
2688427.806776 -8698210.052966
2706619.668762 -8672315.516949
2716394.383181 -8658191.224576
2726864.000432 -8642889.907839
2745943.471687 -8614641.323093
2760082.823931 -8593454.884534
2770115.265834 -8578153.567797
2778519.803712 -8565206.299788
2793538.924767 -8541665.812500
2806914.034388 -8520479.373941
2822393.027909 -8495761.862288
2833257.246319 -8478106.496822
2850369.040309 -8449857.912076
2858799.862682 -8435733.619703
2867808.274493 -8420432.302966
2878729.201198 -8401599.913136
2888876.082574 -8383944.547669
2902966.171633 -8359227.036017
2916150.912373 -8335686.548729
2926577.049500 -8316854.158898
2938842.969918 -8294490.695975
2947797.644546 -8278012.354873
2959856.177214 -8255648.891949
2968629.907761 -8239170.550847
2979808.930211 -8217984.112288
2990911.024142 -8196797.673729
2998226.711175 -8182673.381356
3012078.279352 -8155601.820975
3025809.290851 -8128530.260593
3035285.063844 -8109697.870763
3042344.881170 -8095573.578390
3050457.667747 -8079095.237288
3062438.625951 -8054377.725636
3071479.378673 -8035545.335805
3084911.383503 -8007296.751059
3096560.681987 -7982579.239407
3103668.879602 -7967277.922669
3116059.234575 -7940206.362288
3128838.522855 -7911957.777542
3135173.975180 -7897833.485169
3145669.384353 -7874292.997881
3152438.255434 -7858991.681144
3163737.176636 -7833097.145127
3172905.519321 -7811910.706568
3177945.497507 -7800140.462924
3184447.998138 -7784839.146186
3194891.288242 -7760121.634534
3205226.780449 -7735404.122881
3213965.162817 -7714217.684322
3222152.883700 -7694208.270127
3232618.512458 -7668313.734110
3240602.660478 -7648304.319915
3251762.909485 -7620055.735169
3257282.210067 -7605931.442797
3266846.895497 -7581213.931144
3277265.999806 -7554142.370763
3284471.255625 -7535309.980932
3292972.617185 -7512946.518008
3297418.451106 -7501176.274364
3306690.450934 -7476458.762712
3315879.565106 -7451741.251059
3323694.158558 -7430554.812500
3333175.748633 -7404660.276483
3340003.770196 -7385827.886653
3345491.815969 -7370526.569915
3352204.930394 -7351694.180085
3362218.234499 -7323445.595339
3368853.178395 -7304613.205508
3378720.394624 -7276364.620763
3383616.919956 -7262240.328390
3389691.802919 -7244584.962924
3395325.097244 -7228106.621822
3400501.884101 -7212805.305085
3408008.588667 -7190441.842161
3417051.207678 -7163370.281780
3424849.366259 -7139829.794492
3432602.181546 -7116289.307203
3436819.091096 -7103342.039195
3445164.317338 -7077447.503178
3449679.482461 -7063323.210805
3456747.579363 -7040959.747881
3465587.797092 -7012711.163136
3472517.809814 -6990347.700212
3480456.595238 -6964453.164195
3487623.727292 -6940912.676907
3492585.577224 -6924434.335805
3496817.203631 -6910310.043432
3500311.514696 -6898539.799788
3504806.946863 -6883238.483051
3509253.971426 -6867937.166314
3512993.262755 -6854989.898305
3517716.318180 -6838511.557203
3523415.800015 -6818502.143008
3528076.276631 -6802023.801907
3533019.165851 -6784368.436441
3536609.078994 -6771421.168432
3543076.538844 -6747880.681144
3548530.977112 -6727871.266949
3554587.588600 -6705507.804025
3558065.383550 -6692560.536017
3561511.906004 -6679613.268008
3567101.184589 -6658426.829449
3573264.008093 -6634886.342161
3580321.185187 -6607814.781780
3585792.939603 -6586628.343220
3590329.684535 -6568972.977754
3595132.340545 -6550140.587924
3602004.346814 -6523069.027542
3607049.737266 -6503059.613347
3611185.718548 -6486581.272246
3614707.293284 -6472456.979873
3617916.683024 -6459509.711864
3622275.020297 -6441854.346398
3628318.970394 -6417136.834746
3635158.456265 -6388888.250000
3640524.444806 -6366524.787076
3647266.624143 -6338276.202331
3651447.983976 -6320620.836864
3656712.186272 -6298257.373941
3660297.978277 -6282956.057203
3663589.239940 -6268831.764831
3668490.391543 -6247645.326271
3672546.829475 -6229989.960805
3678196.269172 -6205272.449153
3683550.868526 -6181731.961864
3687281.133503 -6165253.620763
3692295.379397 -6142890.157839
3698581.467395 -6114641.573093
3704812.934235 -6086392.988347
3708672.337171 -6068737.622881
3713025.668053 -6048728.208686
3716082.912985 -6034603.916314
3719870.085345 -6016948.550847
3725636.259603 -5989876.990466
3729379.195616 -5972221.625000
3733090.122159 -5954566.259534
3737266.458081 -5934556.845339
3740689.784793 -5918078.504237
3743123.652126 -5906308.260593
3746500.833005 -5889829.919492
3749369.939127 -5875705.627119
3753164.559641 -5856873.237288
3758336.193433 -5830978.701271
3762551.307614 -5809792.262712
3767450.105428 -5785074.751059
3771397.597916 -5765065.336864
3776251.557065 -5740347.825212
3780832.156194 -5716807.337924
3784251.907292 -5699151.972458
3789696.457719 -5670903.387712
3794207.741449 -5647362.900424
3798237.137348 -5626176.461864
3801580.969563 -5608521.096398
3804234.812999 -5594396.804025
3808624.511793 -5570856.316737
3813862.350608 -5542607.731992
3817977.763605 -5520244.269068
3822270.739058 -5496703.781780
3825252.147374 -5480225.440678
3828847.997720 -5460216.026483
3833271.603441 -5435498.514831
3835986.477703 -5420197.198093
3840977.912963 -5391948.613347
3844895.546953 -5369585.150424
3848369.444341 -5349575.736229
3852831.574388 -5323681.200212
3856052.597283 -5304848.810381
3858450.391934 -5290724.518008
3861425.353462 -5273069.152542
3863791.166713 -5258944.860169
3866332.259495 -5243643.543432
3870019.979619 -5221280.080508
3872141.508783 -5208332.812500
3875408.058666 -5188323.398305
3879982.076054 -5160074.813559
3883209.980410 -5140065.399364
3886610.020022 -5118878.960805
3889419.271119 -5101223.595339
3892588.925524 -5081214.181144
3896485.517473 -5056496.669492
3898517.512043 -5043549.401483
3901267.908120 -5025894.036017
3904916.086721 -5002353.548729
3906909.958459 -4989406.280720
3908892.755441 -4976459.012712
3911765.067526 -4957626.622881
3913906.540296 -4943502.330508
3917458.472413 -4919961.843220
3921704.990560 -4891713.258475
3925747.453088 -4864641.698093
3927670.061377 -4851694.430085
3931846.181872 -4823445.845339
3935833.452844 -4796374.284958
3939786.781304 -4769302.724576
3941834.104843 -4755178.432203
3943532.609312 -4743408.188559
3945899.041403 -4726929.847458
3949257.084384 -4703389.360169
3953261.305908 -4675140.775424
3956239.954394 -4653954.336864
3959034.305528 -4633944.922669
3961489.812773 -4616289.557203
3963609.992151 -4600988.240466
3966693.712696 -4578624.777542
3968304.641845 -4566854.533898
3971352.846639 -4544491.070975
3973104.442456 -4531543.802966
3976263.033703 -4508003.315678
3979394.507724 -4484462.828390
3982662.872183 -4459745.316737
3986066.357808 -4433850.780720
3988680.551776 -4413841.366525
3991120.680706 -4395008.976695
3993547.971271 -4376176.586864
3995354.074587 -4362052.294492
3997148.617634 -4347928.002119
3999521.513735 -4329095.612288
4002618.296029 -4304378.100636
4005406.370295 -4282014.637712
4007595.816455 -4264359.272246
4010064.023759 -4244349.858051
4012228.637395 -4226694.492585
4015381.706805 -4200799.956568
4017369.909214 -4184321.615466
4019766.676754 -4164312.201271
4023128.385746 -4136063.616525
4025638.088609 -4114877.177966
4028126.666582 -4093690.739407
4030869.484589 -4070150.252119
4032644.083540 -4054848.935381
4035082.306920 -4033662.496822
4036699.630891 -4019538.204449
4038171.296175 -4006590.936441
4039503.470116 -3994820.692797
4041487.014068 -3977165.327331
4043454.380106 -3959509.961864
4046582.542353 -3931261.377119
4049556.970361 -3904189.816737
4052519.747935 -3877118.256356
4054569.500074 -3858285.866525
4057616.391251 -3830037.281780
4060648.877008 -3801788.697034
4063536.669063 -3774717.136653
4066031.910396 -3751176.649364
4067646.102471 -3735875.332627
4068877.446988 -3724105.088983
4070829.576269 -3705272.699153
4072039.915251 -3693502.455508
4073485.335830 -3679378.163136
4075515.765576 -3659368.748941
4077649.188721 -3638182.310381
4079763.666708 -3616995.871822
4082447.974785 -3589924.311441
4085115.914277 -3562852.751059
4086499.373078 -3548728.458686
4088788.184901 -3525187.971398
4090716.145478 -3505178.557203
4092408.883951 -3487523.191737
4094755.286718 -3462805.680085
4097314.505430 -3435734.119703
4099526.060062 -3412193.632415
4101607.816133 -3389830.169492
4103780.832024 -3366289.682203
4105833.934630 -3343926.219280
4107980.551102 -3320385.731992
4109897.021743 -3299199.293432
4112436.077384 -3270950.708686
4113488.620266 -3259180.465042
4114639.510783 -3246233.197034
4116096.141800 -3229754.855932
4118478.918549 -3202683.295551
4120736.579189 -3176788.759534
4122361.525400 -3157956.369703
4124079.787800 -3137946.955508
4125688.532798 -3119114.565678
4127678.434441 -3095574.078390
4130052.698904 -3067325.493644
4131231.475802 -3053201.201271
4133470.852807 -3026129.640890
4135112.826886 -3006120.226695
4136645.131177 -2987287.836864
4138450.890959 -2964924.373941
4140626.973371 -2937852.813559
4141941.392454 -2921374.472458
4143429.983487 -2902542.082627
4145279.705361 -2879001.595339
4147303.239580 -2853107.059322
4148944.443692 -2831920.620763
4151021.256268 -2804849.060381
4152634.536000 -2783662.621822
4153611.253366 -2770715.353814
4154491.281857 -2758945.110169
4156405.486033 -2733050.574153
4157523.745640 -2717749.257415
4159577.376205 -2689500.672669
4161022.968653 -2669491.258475
4162292.352723 -2651835.893008
4163884.728362 -2629472.430085
4165300.490377 -2609463.015890
4167116.577694 -2583568.479873
4168997.530395 -2556496.919492
4170949.607338 -2528248.334746
4172158.783295 -2510592.969280
4173118.895781 -2496468.676907
4174148.087134 -2481167.360169
4175477.676743 -2461157.945975
4176636.538189 -2443502.580508
4178467.914244 -2415253.995763
4179227.039448 -2403483.752119
4180579.284649 -2382297.313559
4181321.502456 -2370527.069915
4182280.786176 -2355225.753178
4183520.626001 -2335216.338983
4184752.518089 -2315206.924788
4185684.447834 -2299905.608051
4186608.314713 -2284604.291314
4187452.762700 -2270479.998941
4189127.771545 -2242231.414195
4189819.918036 -2230461.170551
4190708.230279 -2215159.853814
4191585.598042 -2199858.537076
4192724.488571 -2179849.122881
4193583.524690 -2164547.806144
4194302.466457 -2151600.538136
4195076.317385 -2137476.245763
4196033.436802 -2119820.880297
4196852.659107 -2104519.563559
4197970.745115 -2083333.125000
4198587.782706 -2071562.881356
4199378.267919 -2056261.564619
4199978.877323 -2044491.320975
4200985.375176 -2024481.906780
4202040.395823 -2003295.468220
4202969.306105 -1984463.078390
4203716.838874 -1969161.761653
4204793.272247 -1946798.298729
4206084.474930 -1919726.738347
4207420.354459 -1891478.153602
4208025.774258 -1878530.885593
4208569.201724 -1866760.641949
4209696.592842 -1842043.130297
4210762.275979 -1818502.643008
4211873.594059 -1793785.131356
4212450.110943 -1780837.863347
4213223.201214 -1763182.497881
4213833.415186 -1749058.205508
4214487.429906 -1733756.888771
4215534.816643 -1709039.377119
4216374.732053 -1689029.962924
4217396.399885 -1664312.451271
4218305.069840 -1641948.988347
4218778.297823 -1630178.744703
4219576.089117 -1610169.330508
4220176.868364 -1594868.013771
4220679.330181 -1581920.745763
4221626.599034 -1557203.234110
4222474.183649 -1534839.771186
4223222.880415 -1514830.356992
4224218.683249 -1487758.796610
4224859.086204 -1470103.431144
4225536.521228 -1451271.041314
4226205.473283 -1432438.651483
4226661.493975 -1419491.383475
4227108.981816 -1406544.115466
4227508.749383 -1394773.871822
4228060.059645 -1378295.530720
4228566.058440 -1362994.213983
4229406.169178 -1337099.677966
4229854.753203 -1322975.385593
4230556.379847 -1300611.922669
4231423.381747 -1272363.337924
4231991.347899 -1253530.948093
4232650.603540 -1231167.485169
4233439.059241 -1204095.924788
4234216.336150 -1177024.364407
4234712.853119 -1159368.998941
4235463.822729 -1132297.438559
4235945.799549 -1114642.073093
4236542.512781 -1092278.610169
4236881.143433 -1079331.342161
4237609.214379 -1051082.757415
4238085.223633 -1032250.367585
4238465.716550 -1016949.050847
4238838.609534 -1001647.734110
4239117.206916 -989877.490466
4239611.270851 -968691.051907
4239987.863014 -952212.710805
4240487.238001 -929849.247881
4241107.349629 -901600.663136
4241438.352543 -886299.346398
4241714.671783 -873352.078390
4242006.274784 -859227.786017
4242437.536935 -838041.347458
4242881.095644 -815677.884534
4243408.630127 -788606.324153
4243746.544125 -770950.958686
4244164.221945 -748587.495763
4244397.432175 -735640.227754
4244866.302064 -708568.667373
4245247.179675 -686205.204449
4245617.098894 -663841.741525
4245803.996253 -652071.497881
4246239.542165 -623822.913136
4246413.572534 -612052.669492
4246584.219814 -600282.425847
4246902.024028 -577918.962924
4247195.799555 -556732.524364
4247418.614467 -540254.183263
4247726.788161 -516713.695975
4248010.572419 -494350.233051
4248295.794821 -470809.745763
4248448.585905 -457862.477754
4248765.765354 -429613.893008
4248991.519348 -408427.454449
4249209.391833 -387241.015890
4249463.088168 -361346.479873
4249675.155049 -338983.016949
4249810.193608 -323681.700212
4250003.821023 -300141.212924
4250119.628139 -284839.896186
4250314.878565 -256591.311441
4250388.507829 -244821.067797
4250528.379087 -221280.580508
4250627.385125 -202448.190678
4250722.309325 -182438.776483
4250772.107328 -170668.532839
4250837.746362 -153013.167373
4250933.913310 -124764.582627
4250981.643452 -109463.265890
4251051.433373 -82391.705508
4251088.900522 -64736.340042
4251126.165594 -42372.877119
4251154.310692 -15301.316737
4251162.524471 1177.024364
4251163.278795 18832.389831
4251155.500857 37664.779661
4251141.822346 56497.169492
4251127.137947 70621.461864
4251084.894465 98870.046610
4251060.000469 111817.314619
4251012.407192 131826.728814
4250965.700841 148305.069915
4250924.289576 160075.313559
4250839.484320 181261.752119
4250780.646610 194209.020127
4250684.010945 214218.434322
4250580.708380 233050.824153
4250419.856434 260122.384534
4250293.544905 280131.798729
4250160.381953 300141.212924
4250018.081697 320150.627119
4249886.978519 337805.992585
4249755.675311 354284.333686
4249598.083494 373116.723517
4249411.712477 394303.162076
4249223.684701 414312.576271
4248993.051669 437853.063559
4248774.573006 459039.502119
4248622.453271 473163.794492
4248374.554642 495527.257415
4248125.139889 516713.695975
4247925.484207 533192.037076
4247748.277182 547316.329449
4247455.512173 569679.792373
4247164.170040 590866.230932
4246898.168387 609698.620763
4246590.394425 630885.059322
4246398.216580 643832.327331
4246073.385707 665018.765890
4245756.236225 685028.180085
4245525.858380 699152.472458
4245133.756290 722692.959746
4244665.667300 749764.520127
4244208.964575 775659.056144
4243890.950624 793314.421610
4243561.715301 810969.787076
4243136.278260 833333.250000
4242837.663722 848634.566737
4242602.166322 860404.810381
4242359.846440 872175.054025
4241817.729867 898069.590042
4241392.433797 918079.004237
4240956.677124 938088.418432
4240533.959492 956920.808263
4240126.868893 974576.173729
4239710.002468 992231.539195
4239309.868883 1008709.880297
4238870.838595 1026365.245763
4238211.779540 1052259.781780
4237753.632160 1069915.147246
4237070.297328 1095809.683263
4236307.432579 1124058.268008
4235952.841424 1137005.536017
4235423.777738 1155837.925847
4234783.657104 1178201.388771
4234335.298419 1193502.705508
4233812.747338 1211158.070975
4233108.359407 1234698.558263
4232468.143835 1255884.996822
4232107.590338 1267655.240466
4231229.704557 1295903.825212
4230408.069653 1321798.361229
4229502.507411 1350046.945975
4228772.963453 1372410.408898
4228269.244611 1387711.725636
4227565.472771 1408898.164195
4226971.094563 1426553.529661
4226526.705671 1439500.797669
4225993.733281 1454802.114407
4225537.712589 1467749.382415
4224737.289478 1490112.845339
4223716.891774 1518361.430085
4223284.643015 1530131.673729
4222237.031916 1558380.258475
4221223.272241 1585451.818856
4220324.672365 1608992.306144
4219280.631355 1636063.866525
4218591.174037 1653719.231992
4217524.147966 1680790.792373
4216868.646330 1697269.133475
4216110.334947 1716101.523305
4215058.980048 1741996.059322
4214574.269064 1753766.302966
4213636.909280 1776129.765890
4213085.101505 1789077.033898
4212120.991562 1811440.496822
4211608.497356 1823210.740466
4210569.003171 1846751.227754
4209521.517612 1870291.715042
4208247.070020 1898540.299788
4207655.327483 1911487.567797
4206624.204495 1933851.030720
4206074.555579 1945621.274364
4205355.247155 1960922.591102
4204461.723075 1979754.980932
4203167.137142 2006826.541314
4202253.001367 2025658.931144
4201619.254889 2038606.199153
4200335.489699 2064500.735169
4199508.687867 2080979.076271
4198791.082932 2095103.368644
4197518.063410 2119820.880297
4196664.157922 2136299.221398
4195187.759102 2164547.806144
4193944.691415 2188088.293432
4192753.080058 2210451.756356
4192054.094958 2223399.024364
4191283.871040 2237523.316737
4190052.139168 2259886.779661
4189400.072042 2271657.023305
4188740.795219 2283427.266949
4187808.221324 2299905.608051
4186665.438889 2319915.022246
4185379.501064 2342278.485169
4184561.359680 2356402.777542
4183042.865530 2382297.313559
4182000.029015 2399952.679025
4181089.725630 2415253.995763
4180096.417882 2431732.336864
4178586.916422 2456449.848517
4176912.176086 2483521.408898
4176104.774871 2496468.676907
4174624.256730 2520009.164195
4173351.145894 2540018.578390
4172444.453333 2554142.870763
4170620.658916 2582391.455508
4169006.575407 2607108.967161
4168073.292497 2621233.259534
4166818.727567 2640065.649364
4165394.412785 2661252.087924
4163642.141968 2687146.623941
4162755.855172 2700093.891949
4161860.709599 2713041.159958
4160547.693062 2731873.549788
4159720.982557 2743643.793432
4158389.151111 2762476.183263
4156790.577576 2784839.646186
4155605.246617 2801317.987288
4154498.195699 2816619.304025
4153555.593224 2829566.572034
4151569.559988 2856638.132415
4150521.976443 2870762.424788
4149552.118956 2883709.692797
4148488.107438 2897833.985169
4147412.587617 2911958.277542
4145604.986977 2935498.764831
4144691.523352 2947269.008475
4142660.552062 2973163.544492
4140514.844386 3000235.104873
4139577.250906 3012005.348517
4137596.669989 3036722.860169
4135788.469167 3059086.323093
4133492.074200 3087334.907839
4131944.616576 3106167.297669
4130778.841017 3120291.590042
4129012.239444 3141478.028602
4127827.198588 3155602.320975
4126834.431841 3167372.564619
4125637.342247 3181496.856992
4124433.943786 3195621.149364
4122218.052848 3221515.685381
4121100.902328 3234462.953390
4119774.890564 3249764.270127
4117416.648811 3276835.830508
4115869.340989 3294491.195975
4114621.335933 3308615.488347
4113046.561450 3326270.853814
4111668.896890 3341572.170551
4109855.054348 3361581.584746
4107922.282771 3382768.023305
4105972.317547 3403954.461864
4104331.576790 3421609.827331
4103116.742445 3434557.095339
4102002.187586 3446327.338983
4100546.033825 3461628.655720
4098735.967535 3480461.045551
4096688.702229 3501647.484110
4094402.708890 3525187.971398
4092564.131954 3544020.361229
4090254.590172 3567560.848517
4087577.928079 3594632.408898
4085706.017116 3613464.798729
4083231.102434 3638182.310381
4080507.267799 3665253.870763
4078125.268125 3688794.358051
4076327.923637 3706449.723517
4074394.489329 3725282.113347
4072572.414165 3742937.478814
4070368.349140 3764123.917373
4068891.325025 3778248.209746
4067028.054944 3795903.575212
4064532.813610 3819444.062500
4062772.240586 3835922.403602
4060624.229842 3855931.817797
4058339.061459 3877118.256356
4055265.642696 3905366.841102
4052163.108882 3933615.425847
4049298.991002 3959509.961864
4047726.326946 3973634.254237
4045348.854331 3994820.692797
4043752.108651 4008944.985169
4041876.170471 4025423.326271
4039715.559423 4044255.716102
4037675.048771 4061911.081568
4035891.529746 4077212.398305
4033676.906777 4096044.788136
4030470.064231 4123116.348517
4028361.737399 4140771.713983
4026945.928728 4152541.957627
4023532.369534 4180790.542373
4021672.741500 4196091.859110
4018943.400997 4218455.322034
4017206.429847 4232579.614407
4014284.950383 4256120.101695
4012372.974792 4271421.418432
4008968.387848 4298492.978814
4006584.693060 4317325.368644
4003743.333236 4339688.831568
4000428.392167 4365583.367585
3998302.911135 4382061.708686
3995243.548051 4405602.195975
3991857.927776 4431496.731992
3989687.185413 4447975.073093
3986721.200860 4470338.536017
3984046.440955 4490347.950212
3981983.335690 4505649.266949
3980071.788617 4519773.559322
3978305.718271 4532720.827331
3974753.718786 4558615.363347
3970859.947224 4586863.948093
3966947.230638 4615112.532839
3963006.676111 4643361.117585
3959368.818788 4669255.653602
3956381.276099 4690442.092161
3953374.752312 4711628.530720
3950343.499549 4732814.969280
3946610.957934 4758709.505297
3942514.787696 4786958.090042
3938901.198944 4811675.601695
3936123.319005 4830507.991525
3933508.390100 4848163.356992
3931226.912477 4863464.673729
3927342.935785 4889359.209746
3923605.087600 4914076.721398
3921279.120459 4929378.038136
3919294.850406 4942325.306144
3916568.857908 4959980.671610
3914001.821569 4976459.012712
3912157.296150 4988229.256356
3909933.152079 5002353.548729
3907326.724550 5018831.889831
3904138.170922 5038841.304025
3902247.855259 5050611.547669
3898072.120055 5076506.083686
3893683.793705 5103577.644068
3891766.577969 5115347.887712
3887902.067949 5138888.375000
3885763.890173 5151835.643008
3882248.074139 5173022.081568
3878713.872864 5194208.520127
3876737.947070 5205978.763771
3871956.653156 5234227.348517
3867948.376692 5257767.835805
3865728.954397 5270715.103814
3862890.478391 5287193.444915
3858806.597411 5310733.932203
3856139.128491 5326035.248941
3852422.119853 5347221.687500
3847440.034473 5375470.272246
3845346.175669 5387240.515890
3842612.892188 5402541.832627
3837736.929035 5429613.393008
3834318.040148 5448445.782839
3830868.086037 5467278.172669
3826102.870989 5493172.708686
3822618.887628 5512005.098517
3818013.190716 5536722.610169
3814264.957068 5556732.024364
3811386.689072 5572033.341102
3808051.727787 5589688.706568
3804244.741046 5609698.120763
3799299.289652 5635592.656780
3796806.721229 5648539.924788
3792017.242956 5673257.436441
3788573.911177 5690912.801907
3784182.233851 5713276.264831
3781397.902700 5727400.557203
3777897.418926 5745055.922669
3774137.675853 5763888.312500
3771061.662172 5779189.629237
3766305.574586 5802730.116525
3761041.483414 5828624.652542
3757438.437232 5846280.018008
3754056.023207 5862758.359110
3748235.093178 5891006.943856
3744578.620559 5908662.309322
3741626.026306 5922786.601695
3736176.963147 5948681.137712
3733191.959516 5962805.430085
3728935.006375 5982814.844280
3726158.836105 5995762.112288
3720582.465034 6021656.648305
3714475.188441 6049905.233051
3708585.387836 6076976.793432
3704213.124440 6096986.207627
3701358.166422 6109933.475636
3697708.707801 6126411.816737
3694556.906122 6140536.109110
3689006.003853 6165253.620763
3685549.100765 6180554.937500
3682875.015193 6192325.181144
3679649.353012 6206449.473517
3674765.937064 6227635.912076
3670405.843731 6246468.301907
3666281.771352 6264123.667373
3660468.162850 6288841.179025
3654614.259084 6313558.690678
3651534.161117 6326505.958686
3647297.854374 6344161.324153
3643324.490281 6360639.665254
3640471.190588 6372409.908898
3636450.186783 6388888.250000
3631239.622914 6410074.688559
3624515.139012 6437146.248941
3621570.703801 6448916.492585
3614747.440535 6475988.052966
3611160.541742 6490112.345339
3608150.031073 6501882.588983
3601178.994317 6528954.149364
3594787.175340 6553671.661017
3588977.093125 6576035.123941
3583437.627504 6597221.562500
3576326.186999 6624293.122881
3570113.223349 6647833.610169
3562599.988025 6676082.194915
3556928.627463 6697268.633475
3549933.889605 6723163.169492
3545114.872025 6740818.534958
3540247.306806 6758473.900424
3534049.264508 6780837.363347
3526821.997511 6806731.899364
3523182.795918 6819679.167373
3516501.312869 6843219.654661
3513136.715860 6854989.898305
3509077.520708 6869114.190678
3503948.645336 6886769.556144
3496719.536846 6911487.067797
3488719.076414 6938558.628178
3480678.501056 6965630.188559
3476792.399038 6978577.456568
3472877.644513 6991524.724576
3468575.377771 7005649.016949
3461731.858415 7028012.479873
3453393.571030 7055084.040254
3444635.781804 7083332.625000
3436147.963935 7110404.185381
3428725.409788 7133944.672669
3421620.412433 7156308.135593
3413718.873469 7181025.647246
3407267.203336 7201035.061441
3403439.181538 7212805.305085
3395731.277873 7236345.792373
3386387.139565 7264594.377119
3378562.328716 7288134.864407
3373448.780259 7303436.181144
3365504.109634 7326976.668432
3357508.267579 7350517.155720
3350640.548756 7370526.569915
3344950.787651 7387004.911017
3340022.151043 7401129.203390
3332968.945925 7421138.617585
3328360.749975 7434085.885593
3323700.277091 7447033.153602
3313864.649020 7474104.713983
3306518.840380 7494114.128178
3298239.774586 7516477.591102
3293416.273358 7529424.859110
3283651.042917 7555319.395127
3276946.616224 7572974.760593
3271548.477887 7587099.052966
3261101.187780 7614170.613347
3250110.603677 7642419.198093
3245012.327699 7655366.466102
3236093.811831 7677729.929025
3228512.158674 7696562.318856
3218011.287453 7722456.854873
3209823.566569 7742466.269068
3202549.848377 7760121.634534
3193214.771461 7782485.097458
3188247.526359 7794255.341102
3177694.435638 7818972.852754
3172121.147670 7831920.120763
3163908.623579 7850752.510593
3151954.441191 7877824.070975
3144097.111520 7895479.436441
3137246.169144 7910780.753178
3130328.277894 7926082.069915
3118994.399615 7950799.581568
3111363.215500 7967277.922669
3105833.376916 7979048.166314
3098594.518682 7994349.483051
3088481.979183 8015535.921610
3075444.168539 8042607.481992
3063989.392615 8066147.969280
3053000.734966 8088511.432203
3047140.833373 8100281.675847
3037702.761561 8119114.065678
3025786.706335 8142654.552966
3011935.138158 8169726.113347
3002140.834441 8188558.503178
2988515.337971 8214453.039195
2982278.864121 8226223.282839
2971527.579063 8246232.697034
2963830.285976 8260356.989407
2953456.556631 8279189.379237
2945551.472710 8293313.671610
2938876.487362 8305083.915254
2931479.549420 8318031.183263
2919165.771163 8339217.621822
2904690.842035 8363935.133475
2892054.340191 8385121.572034
2884968.663543 8396891.815678
2876331.961103 8411016.108051
2867626.816375 8425140.400424
2852209.763791 8449857.912076
2838877.810816 8471044.350636
2825426.538912 8492230.789195
2817070.533023 8505178.057203
2806257.315398 8521656.398305
2797638.589517 8534603.666314
2780103.863575 8560498.202331
2766341.027603 8580507.616525
2748277.925793 8606402.152542
2733340.461241 8627588.591102
2718158.968360 8648775.029661
2701957.821433 8671138.492585
2693271.892374 8682908.736229
2676534.860088 8705272.199153
2658681.155638 8728812.686441
2645056.731913 8746468.051907
2632165.484273 8762946.393008
2612539.333162 8787663.904661
2592695.687207 8812381.416314
2575390.767803 8833567.854873
2561749.996269 8850046.195975
2544800.090584 8870055.610169
2521547.958189 8897127.170551
2507163.159280 8913605.511653
2492571.864088 8930083.852754
2466907.144089 8958332.437500
2446071.221370 8980695.900424
2429151.883449 8998351.265890
2415370.635854 9012475.558263
2395510.914471 9032484.972458
2376324.176580 9051317.362288
2364054.114045 9063087.605932
2345061.896697 9080742.971398
2325604.683485 9098398.336864
2305714.989290 9116053.702331
2292249.565305 9127823.945975
2265999.617561 9150187.408898
2233757.650278 9177258.969280
2203247.000209 9201976.480932
2181049.733157 9219631.846398
2164199.584818 9232579.114407
2143696.664494 9247880.431144
2112974.001512 9270243.894068
2096442.520167 9282014.137712
2071122.817916 9299669.503178
2036387.932275 9323209.990466
1997333.839883 9349104.526483
1952757.362466 9377353.111229
1929986.352137 9391477.403602
1900477.192446 9409132.769068
1853604.931814 9436204.329449
1813791.578530 9458567.792373
1763750.519248 9485639.352754
1708681.868883 9513887.937500
1666273.183444 9535074.376059
1607583.607521 9563322.960805
1576594.088382 9577447.253178
1530606.737100 9597456.667373
1480370.619196 9618643.105932
1413078.073845 9645714.666314
1350601.917352 9669255.153602
1317665.895871 9681025.397246
1282329.893025 9692795.640890
1219751.453305 9712805.055085
1155491.565922 9731637.444915
1112671.767072 9743407.688559
1030908.574182 9764594.127119
946156.131280 9784603.541314
844661.142788 9806967.004237
741354.347873 9826976.418432
654178.107074 9842277.735169
577002.875012 9854047.978814
412034.499303 9876411.441737
283032.313142 9891712.758475
58605.230810 9912899.197034
-108550.008390 9925846.465042
-366575.737052 9941147.781780
-1119536.723964 9969396.366525
-1860550.376689 9988228.756356
-4292013.298317 9999999.000000
-4354048.289355 9998797.798919
-5122475.501945 9969968.972973
-5385801.218547 9954353.358919
-5702253.196969 9927926.935135
-5821829.607558 9915914.924324
-5954839.103127 9900299.310270
-6120241.529147 9877476.489730
-6296310.263379 9851050.065946
-6368744.475926 9839038.055135
-6467354.874634 9819818.837838
-6557045.762967 9800599.620541
-6658282.968479 9776575.598919
-6725056.864586 9759758.783784
-6822484.499763 9733332.360000
-6920448.869918 9704503.534054
-7007513.507749 9676875.909189
-7080839.203831 9651650.686486
-7157111.740276 9624023.061622
-7230435.108371 9596395.436757
-7297542.409713 9569969.012973
-7343245.656552 9550749.795676
-7397849.487577 9526725.774054
-7426308.448214 9513512.562162
-7481351.430973 9487086.138378
-7517417.916607 9469068.122162
-7567856.658104 9442641.698378
-7610044.034804 9419818.877838
-7631568.999245 9407806.867027
-7675710.528960 9382581.644324
-7704166.361373 9365764.829189
-7742003.661303 9342942.008649
-7773111.127571 9323722.791351
-7804966.206837 9303302.372973
-7848687.657748 9274473.547027
-7880136.981543 9252851.927568
-7898759.191914 9239638.715676
-7923183.174409 9221620.699459
-7960943.461958 9192791.873514
-7982621.874032 9175975.058378
-8002194.207470 9160359.444324
-8037353.013575 9131530.618378
-8060109.526907 9112311.401081
-8075354.638224 9099098.189189
-8093069.427320 9083482.575135
-8121174.674532 9058257.352432
-8144651.722009 9036635.732973
-8161142.947259 9021020.118919
-8184843.279446 8998197.298378
-8214103.849359 8969368.472432
-8234522.142406 8948948.054054
-8247383.311577 8935734.842162
-8265714.080372 8916515.624865
-8284828.212805 8896095.206486
-8295841.106283 8884083.195676
-8317593.874220 8860059.174054
-8338937.412107 8836035.152432
-8349366.519812 8824023.141622
-8372015.943880 8797596.717838
-8391166.534217 8774773.897297
-8414981.679140 8745945.071351
-8431542.258628 8725524.652973
-8446894.462837 8706305.435676
-8463826.018429 8684683.816216
-8483329.872075 8659458.593514
-8494367.544429 8645044.180541
-8505196.304601 8630629.767568
-8524789.111560 8604203.343784
-8539609.776048 8583782.925405
-8554202.655180 8563362.507027
-8565173.197209 8547746.892973
-8575989.484213 8532131.278919
-8589151.292013 8512912.061622
-8606130.356364 8487686.838919
-8615685.189989 8473272.425946
-8623508.571050 8461260.415135
-8636579.746502 8440839.996757
-8651660.793007 8416815.975135
-8659817.336952 8403602.763243
-8670036.131118 8386785.948108
-8686616.472254 8359158.323243
-8693699.133349 8347146.312432
-8703465.892306 8330329.497297
-8714528.032571 8311110.280000
-8726762.762101 8289488.660541
-8741553.102899 8263062.236757
-8748208.088652 8251050.225946
-8756712.051606 8235434.611892
-8767754.029617 8215014.193514
-8779258.219414 8193392.574054
-8790643.207373 8171770.954595
-8804992.079461 8144143.329730
-8811752.816662 8130930.117838
-8817833.225383 8118918.107027
-8830450.027932 8093692.884324
-8843511.767897 8067266.460541
-8856972.768347 8039638.835676
-8869651.025065 8013212.411892
-8875330.160900 8001200.401081
-8888212.698237 7973572.776216
-8896500.174701 7955554.760000
-8906383.970851 7933933.140541
-8912928.824194 7919518.727568
-8925867.840980 7890689.901622
-8932779.893546 7875074.287568
-8941727.362613 7854653.869189
-8948002.106729 7840239.456216
-8958313.221039 7816215.434595
-8967539.144135 7794593.815135
-8972608.419137 7782581.804324
-8980142.553997 7764563.788108
-8989615.025711 7741740.967568
-8996015.675716 7726125.353514
-9007719.603742 7697296.527568
-9014474.734438 7680479.712432
-9021166.421050 7663662.897297
-9030626.416182 7639638.875676
-9041861.085747 7610810.049730
-9047867.866575 7595194.435676
-9056118.099722 7573572.816216
-9062022.687321 7557957.202162
-9066979.209648 7544743.990270
-9076332.440093 7519518.767568
-9086501.552773 7491891.142703
-9094365.257465 7470269.523243
-9104758.470361 7441440.697297
-9112501.456843 7419819.077838
-9120197.030855 7398197.458378
-9126142.955696 7381380.643243
-9135392.342587 7354954.219459
-9144132.886600 7329728.996757
-9152777.869964 7304503.774054
-9161767.302790 7278077.350270
-9170301.574944 7252852.127568
-9174329.668729 7240840.116757
-9183526.495487 7213212.491892
-9189075.702024 7196395.676757
-9197753.701676 7169969.252973
-9206377.363279 7143542.829189
-9211054.088531 7129128.416216
-9214914.203301 7117116.405405
-9219903.729697 7101500.791351
-9227883.843339 7076275.568649
-9232394.743629 7061861.155676
-9236869.851911 7047446.742703
-9241317.896881 7033032.329730
-9246841.887132 7015014.313514
-9251222.398011 7000599.900541
-9255193.779427 6987386.688649
-9258774.523245 6975374.677838
-9262681.198407 6962161.465946
-9268667.041426 6941741.047568
-9272873.315043 6927326.634595
-9277053.175022 6912912.221622
-9281540.962671 6897296.607568
-9288380.923232 6873272.585946
-9292466.715819 6858858.172973
-9297875.991293 6839638.955676
-9302234.370683 6824023.341622
-9306554.668704 6808407.727568
-9314141.709895 6780780.102703
-9320354.965389 6757957.282162
-9327508.835670 6731530.858378
-9331050.428212 6718317.646486
-9338072.999802 6691891.222703
-9345059.576236 6665464.798919
-9349151.175761 6649849.184865
-9354456.450264 6629428.766486
-9360026.456742 6607807.147027
-9365570.675450 6586185.527568
-9371383.643006 6563362.707027
-9374727.937304 6550149.495135
-9379248.482998 6532131.478919
-9385223.409811 6508107.457297
-9391757.756913 6481681.033514
-9394699.796528 6469669.022703
-9399362.680124 6450449.805405
-9405432.699831 6425224.582703
-9408583.765995 6412011.370811
-9413977.965179 6389188.550270
-9417922.102296 6372371.735135
-9422117.292207 6354353.718919
-9425175.194822 6341140.507027
-9430683.794168 6317116.485405
-9434235.774886 6301500.871351
-9440201.316173 6275074.447568
-9445575.031337 6251050.425946
-9449576.581900 6233032.409730
-9455925.981653 6204203.583784
-9461970.058353 6176575.958919
-9466148.175711 6157356.741622
-9470819.042321 6135735.122162
-9474172.622927 6120119.508108
-9476731.151011 6108107.497297
-9480805.623482 6088888.280000
-9485109.462746 6068467.861622
-9490902.864071 6040840.236757
-9495911.274939 6016816.215135
-9498648.828355 6003603.003243
-9503351.720291 5980780.182703
-9507767.598851 5959158.563243
-9513137.743420 5932732.139459
-9516289.054638 5917116.525405
-9519425.835464 5901500.911351
-9524473.487180 5876275.688649
-9528760.349904 5854654.069189
-9534212.865133 5827026.444324
-9538441.033435 5805404.824865
-9542405.426286 5784984.406486
-9544956.960000 5771771.194595
-9548411.235288 5753753.178378
-9552756.801396 5730930.357838
-9558202.342504 5702101.531892
-9561131.949794 5686485.917838
-9564267.855700 5669669.102703
-9568506.056361 5646846.282162
-9573376.501059 5620419.858378
-9577344.899590 5598798.238919
-9579752.719590 5585585.027027
-9583666.168405 5563963.407568
-9587769.152571 5541140.587027
-9590339.177118 5526726.174054
-9594373.409809 5503903.353514
-9596691.573034 5490690.141622
-9600868.706766 5466666.120000
-9605633.042557 5439038.495135
-9609533.659185 5416215.674595
-9613618.164020 5392191.652973
-9618278.681496 5364564.028108
-9620894.290524 5348948.414054
-9624683.069440 5326125.593514
-9628653.474326 5302101.571892
-9631414.196727 5285284.756757
-9635532.230742 5260059.534054
-9640010.695686 5232431.909189
-9644269.035244 5206005.485405
-9646197.462062 5193993.474595
-9648114.455413 5181981.463784
-9650210.648776 5168768.251892
-9652857.799369 5151951.436757
-9657171.299295 5124323.811892
-9659963.634916 5106305.795676
-9663851.190576 5081080.572973
-9667724.337489 5055855.350270
-9669926.906282 5041440.937297
-9673027.576586 5021020.518919
-9676649.775896 4996996.497297
-9679714.954075 4976576.078919
-9683846.585236 4948948.454054
-9687245.753994 4926125.633514
-9690438.617927 4904504.014054
-9693959.972683 4880479.992432
-9696591.189181 4862461.976216
-9698511.443570 4849248.764324
-9700244.191493 4837236.753514
-9703337.707827 4815615.134054
-9706921.368974 4790389.911351
-9708784.590793 4777176.699459
-9710631.216794 4763963.487568
-9713967.493071 4739939.465946
-9715626.936718 4727927.455135
-9718271.161944 4708708.237838
-9719911.497429 4696696.227027
-9721872.553413 4682281.814054
-9725603.220637 4654654.189189
-9727532.959349 4640239.776216
-9729614.125998 4624624.162162
-9732320.379624 4604203.743784
-9735009.413569 4583783.325405
-9738464.576314 4557356.901622
-9741269.275076 4535735.282162
-9744366.878061 4511711.260541
-9747897.014796 4484083.635676
-9750182.810999 4466065.619459
-9753062.861493 4443242.798919
-9755620.304558 4422822.380541
-9758168.069686 4402401.962162
-9760107.509178 4386786.348108
-9762035.929102 4371170.734054
-9763807.904290 4356756.321081
-9765710.802733 4341140.707027
-9767888.099948 4323122.690811
-9770198.156773 4303903.473514
-9772640.412530 4283483.055135
-9774922.329669 4264263.837838
-9778315.106421 4235435.011892
-9779862.371662 4222221.800000
-9783083.884539 4194594.175135
-9785167.112973 4176576.158919
-9786686.568344 4163362.947027
-9789564.965160 4138137.724324
-9792566.422152 4111711.300541
-9793918.576758 4099699.289730
-9795394.974597 4086486.077838
-9798333.968660 4060059.654054
-9801511.421473 4031230.828108
-9803354.787313 4014414.012973
-9805705.347947 3992792.393514
-9808681.736096 3965164.768649
-9811760.635962 3936335.942703
-9813162.320502 3923122.730811
-9814931.454038 3906305.915676
-9816188.592339 3894293.904865
-9817940.175791 3877477.089730
-9819808.636276 3859459.073514
-9822408.808736 3834233.850811
-9824750.040184 3811411.030270
-9827439.208441 3784984.606486
-9828774.059150 3771771.394595
-9831543.725229 3744143.769730
-9833696.380593 3722522.150270
-9835357.763722 3705705.335135
-9838071.619336 3678077.710270
-9840178.180697 3656456.090811
-9842155.489123 3636035.672432
-9844930.934064 3607206.846486
-9847564.485040 3579579.221622
-9849837.492350 3555555.200000
-9852553.779514 3526726.374054
-9854242.284265 3508708.357838
-9855359.982771 3496696.347027
-9856691.691937 3482281.934054
-9859330.554096 3453453.108108
-9860418.974814 3441441.097297
-9861606.612372 3428227.885405
-9863751.272214 3404203.863784
-9865343.321908 3386185.847568
-9867766.681696 3358558.222703
-9869650.171419 3336936.603243
-9871104.989945 3320119.788108
-9872239.644112 3306906.576216
-9874689.435517 3278077.750270
-9876922.307212 3251651.326486
-9879233.138904 3224023.701622
-9881427.901633 3197597.277838
-9882417.571998 3185585.267027
-9884187.885450 3163963.647568
-9886527.244466 3135134.821622
-9888077.022438 3115915.604324
-9890190.705466 3089489.180541
-9891997.185496 3066666.360000
-9893793.799506 3043843.539459
-9894731.188361 3031831.528649
-9896030.295563 3015014.713514
-9897042.544809 3001801.501622
-9898590.251876 2981381.083243
-9899581.429390 2968167.871351
-9901452.356975 2942942.648649
-9903574.374116 2914113.822703
-9905148.497089 2892492.203243
-9906710.564299 2870870.583784
-9908782.295544 2842041.757838
-9909813.158932 2827627.344865
-9911521.279136 2803603.323243
-9912368.698283 2791591.312432
-9913880.643783 2769969.692973
-9915383.672662 2748348.073514
-9916291.776953 2735134.861622
-9917109.533291 2723122.850811
-9917999.621756 2709909.638919
-9918882.089140 2696696.427027
-9920156.571925 2677477.209730
-9921343.489480 2659459.193514
-9922283.798381 2645044.780541
-9923368.403645 2628227.965405
-9924215.726088 2615014.753514
-9925965.255336 2587387.128649
-9927096.653947 2569369.112432
-9928370.086349 2548948.694054
-9929113.190874 2536936.683243
-9930727.927859 2510510.259459
-9931891.513004 2491291.042162
-9933184.203112 2469669.422703
-9934320.039133 2450450.205405
-9935235.252259 2434834.591351
-9936351.016760 2415615.374054
-9937937.858305 2387987.749189
-9939094.851566 2367567.330811
-9940173.223101 2348348.113514
-9941636.386354 2321921.689730
-9942556.676937 2305104.874595
-9943666.311085 2284684.456216
-9944957.148724 2260660.434595
-9946432.783207 2233032.809730
-9947319.196953 2216215.994595
-9948450.615425 2194594.375135
-9949754.582088 2169369.152432
-9951225.653076 2140540.326486
-9952377.989991 2117717.505946
-9953220.184365 2100900.690811
-9953874.004826 2087687.478919
-9955108.736047 2062462.256216
-9955690.301213 2050450.245405
-9956892.653244 2025225.022703
-9957915.142656 2003603.403243
-9958648.739546 1987987.789189
-9959265.361245 1974774.577297
-9960147.930940 1955555.360000
-9961183.952457 1932732.539459
-9962365.568480 1906306.115676
-9963477.900856 1881080.892973
-9964628.547306 1854654.469189
-9965198.181312 1841441.257297
-9966216.918433 1817417.235676
-9967271.912233 1792192.012973
-9968366.638253 1765765.589189
-9969251.759492 1744143.969730
-9969734.707834 1732131.958919
-9970547.644460 1711711.540541
-9971298.754471 1692492.323243
-9972321.917486 1666065.899459
-9973373.191768 1638438.274595
-9973912.974122 1624023.861622
-9974799.571007 1599999.840000
-9975365.517600 1584384.225946
-9976178.270194 1561561.405405
-9976684.669298 1547146.992432
-9977511.401313 1523122.970811
-9977998.392603 1508708.557838
-9978956.029528 1479879.731892
-9979660.729291 1458258.112432
-9980047.225742 1446246.101622
-9980502.455523 1431831.688649
-9981098.024733 1412612.471351
-9981611.175892 1395795.656216
-9982403.480780 1369369.232432
-9982792.214448 1356156.020541
-9983386.956497 1335735.602162
-9984042.243859 1312912.781622
-9984480.937748 1297297.167568
-9984842.812397 1284083.955676
-9985584.851982 1256456.330811
-9986059.803760 1238438.314595
-9986804.518413 1209609.488649
-9987442.113512 1184384.265946
-9987769.523572 1171171.054054
-9988088.057702 1157957.842162
-9988687.336530 1132732.619459
-9989050.579769 1117117.005405
-9989621.931026 1091891.782703
-9989888.411901 1079879.771892
-9990508.696652 1051050.945946
-9990759.826303 1039038.935135
-9991301.581655 1012612.511351
-9991758.217478 989789.690811
-9992016.846303 976576.478919
-9992518.047616 950150.055135
-9993027.655556 922522.430270
-9993414.613751 900900.810811
-9993892.317543 873273.185946
-9994216.874157 854053.968649
-9994452.814542 839639.555676
-9994781.181962 819219.137297
-9995190.914271 792792.713514
-9995592.283902 766366.289730
-9995878.662181 747147.072432
-9996067.192584 733933.860541
-9996230.994479 721921.849730
-9996596.637381 694294.224865
-9996854.593903 673873.806486
-9997032.547953 659459.393514
-9997201.826883 645044.980541
-9997443.359474 623423.361081
-9997573.761294 611411.350270
-9997700.725015 599399.339459
-9997880.860222 581381.323243
-9998133.721939 554954.899459
-9998365.714538 529729.676757
-9998513.647232 512912.861622
-9998749.949292 484084.035676
-9998843.948515 472072.024865
-9999007.559728 449249.204324
-9999105.133286 434834.791351
-9999243.995697 412011.970811
-9999347.775806 392792.753514
-9999446.075223 373573.536216
-9999573.201761 345945.911351
-9999660.365239 324324.291892
-9999759.329055 295495.465946
-9999803.060431 281081.052973
-9999865.798777 258258.232432
-9999913.530802 236636.612973
-9999959.926883 207807.787027
-9999980.165031 192192.172973
-9999995.612799 166966.950270
-9999999.000000 145345.330811
-9999996.553688 129729.716757
-9999988.598877 111711.700541
-9999963.810391 86486.477838
-9999944.017058 70870.863784
-9999905.336003 50450.445405
-9999857.603978 28828.825946
-9999801.469669 8408.407568
-9999708.203971 -19219.217297
-9999647.032899 -34834.831351
-9999542.651866 -58858.852973
-9999467.681324 -74474.467027
-9999390.668388 -88888.880000
-9999292.666197 -105705.695135
-9999214.782698 -117717.705946
-9999025.401282 -145345.330811
-9998910.336291 -160960.944865
-9998805.050382 -174174.156757
-9998613.414127 -196996.977297
-9998357.343626 -225825.803243
-9998166.037474 -246246.221622
-9997926.544378 -270270.243243
-9997775.837903 -284684.656216
-9997618.117794 -299099.069189
-9997303.954605 -326726.694054
-9997090.807219 -344744.710270
-9996899.814215 -360360.324324
-9996732.901171 -373573.536216
-9996576.338541 -385585.547027
-9996267.735586 -408408.367568
-9996052.103066 -424023.981622
-9995760.151216 -444444.400000
-9995546.196363 -458858.812973
-9995199.558954 -481681.633514
-9994768.022359 -509309.258378
-9994323.760555 -536936.883243
-9993849.388177 -565765.709189
-9993643.769541 -577777.720000
-9993203.238917 -603002.942703
-9992686.462324 -631831.768649
-9992396.166732 -647447.382703
-9991909.721001 -672672.605405
-9991554.958868 -690690.621622
-9991121.730165 -712312.241081
-9990824.555475 -726726.654054
-9990393.487238 -747147.072432
-9990132.243705 -759159.083243
-9989601.377561 -783183.104865
-9989249.501643 -798798.718919
-9988860.276436 -815615.534054
-9988437.999022 -833633.550270
-9987860.248335 -857657.571892
-9987326.382011 -879279.191351
-9986961.198474 -893693.604324
-9986619.096824 -906906.816216
-9986014.144402 -929729.636757
-9985273.726801 -957357.261622
-9984748.493344 -976576.478919
-9984144.889295 -998198.098378
-9983465.023836 -1022222.120000
-9982736.295945 -1047447.342703
-9981965.069975 -1073873.766486
-9981398.503989 -1093092.983784
-9980715.590371 -1115915.804324
-9980129.131903 -1135135.021622
-9979274.639106 -1162762.646486
-9978518.062402 -1186786.668108
-9977868.301746 -1207207.086486
-9977404.506005 -1221621.499459
-9976931.701630 -1236035.912432
-9976247.283924 -1256456.330811
-9975589.921935 -1275675.548108
-9974962.861660 -1293693.564324
-9974075.907022 -1318918.787027
-9973264.524502 -1341741.607568
-9972441.488796 -1364564.428108
-9972002.531315 -1376576.438919
-9971554.887256 -1388588.449730
-9970598.840745 -1413813.672432
-9970090.860658 -1427026.884324
-9969017.841422 -1454654.509189
-9968309.301996 -1472672.525405
-9967214.484593 -1500300.150270
-9966099.497522 -1527927.775135
-9964915.816744 -1556756.601081
-9963966.185483 -1579579.421622
-9963259.767765 -1596396.236757
-9962438.292643 -1615615.454054
-9961550.413603 -1636035.872432
-9960383.483050 -1662462.296216
-9959208.397413 -1688888.720000
-9958285.857043 -1709309.138378
-9957300.343005 -1730930.757838
-9956579.861358 -1746546.371892
-9955348.262496 -1772972.795676
-9954611.745661 -1788588.409730
-9953290.568232 -1816216.034595
-9952365.478636 -1835435.251892
-9951780.902322 -1847447.262703
-9951132.479284 -1860660.474595
-9949945.980814 -1884684.496216
-9948805.879405 -1907507.316757
-9948020.887609 -1923122.930811
-9946558.019923 -1951951.756757
-9945943.553329 -1963963.767568
-9944830.665950 -1985585.387027
-9943891.825891 -2003603.403243
-9942693.194985 -2026426.223784
-9941413.869450 -2050450.245405
-9940060.102982 -2075675.468108
-9938696.651891 -2100900.690811
-9937259.807557 -2127327.114595
-9936201.254032 -2146546.331892
-9935533.471617 -2158558.342703
-9934114.849674 -2183783.565405
-9932614.141827 -2210209.989189
-9931720.779561 -2225825.603243
-9930682.370547 -2243843.619459
-9929071.258124 -2271471.244324
-9927586.246302 -2296696.467027
-9925875.887997 -2325525.292973
-9924581.069268 -2347146.912432
-9923783.278526 -2360360.124324
-9922093.320620 -2387987.749189
-9920532.801117 -2413212.971892
-9918813.588676 -2440840.596757
-9917907.990400 -2455255.009730
-9916463.487878 -2478077.830270
-9914701.973627 -2505705.455135
-9913239.180272 -2528528.275676
-9911524.161685 -2554954.699459
-9910582.883024 -2569369.112432
-9909715.595294 -2582582.324324
-9907812.635826 -2611411.150270
-9906054.859336 -2637837.574054
-9904525.181548 -2660660.394595
-9903225.280224 -2679879.611892
-9902160.066804 -2695495.225946
-9901333.695701 -2707507.236757
-9900087.352278 -2725525.252973
-9898410.717517 -2749549.274595
-9897146.421497 -2767567.290811
-9895788.560792 -2786786.508108
-9894422.064629 -2806005.725405
-9892873.519908 -2827627.344865
-9891313.709392 -2849248.964324
-9889831.311194 -2869669.382703
-9888339.648035 -2890089.801081
-9886217.630894 -2918918.627027
-9884520.875045 -2941741.447568
-9882456.207859 -2969369.072432
-9880555.940802 -2994594.295135
-9878733.406054 -3018618.316757
-9876716.425246 -3045044.740541
-9875791.063446 -3057056.751351
-9874208.468961 -3077477.169730
-9872894.315239 -3094293.984865
-9871286.818493 -3114714.403243
-9869766.958180 -3133933.620541
-9868235.994728 -3153152.837838
-9866020.226775 -3180780.462703
-9864659.888802 -3197597.277838
-9862895.110411 -3219218.897297
-9860620.895939 -3246846.522162
-9859422.690631 -3261260.935135
-9857010.322667 -3290089.761081
-9855491.921004 -3308107.777297
-9854471.174586 -3320119.788108
-9853238.218368 -3334534.201081
-9851993.935255 -3348948.614054
-9850742.615338 -3363363.027027
-9849377.018465 -3378978.641081
-9846936.923450 -3406606.265946
-9845762.895672 -3419819.477838
-9843297.590122 -3447447.102703
-9841349.216462 -3469068.722162
-9840044.772437 -3483483.135135
-9838507.384091 -3500299.950270
-9836511.498360 -3521921.569730
-9835171.944393 -3536335.982703
-9833938.353898 -3549549.194595
-9832354.512651 -3566366.009730
-9830530.813095 -3585585.227027
-9828236.023716 -3609609.248649
-9826389.539891 -3628828.465946
-9824408.976543 -3649248.884324
-9822185.383995 -3672071.704865
-9820886.922336 -3685284.916757
-9819582.082238 -3698498.128649
-9817550.671642 -3718918.547027
-9815501.866735 -3739338.965405
-9813191.552879 -3762161.785946
-9811718.221692 -3776576.198919
-9808881.821307 -3804203.823784
-9806517.944880 -3827026.644324
-9804257.802284 -3848648.263784
-9802239.957013 -3867867.481081
-9799695.483444 -3891891.502703
-9798032.364199 -3907507.116757
-9795582.334265 -3930329.937297
-9793118.722490 -3953152.757838
-9791293.385259 -3969969.572973
-9789454.357153 -3986786.388108
-9787071.267544 -4008408.007568
-9784938.823930 -4027627.224865
-9782389.676982 -4050450.045405
-9780903.464556 -4063663.257297
-9778865.742934 -4081681.273514
-9776399.502090 -4103302.892973
-9774464.153129 -4120119.708108
-9772930.542848 -4133332.920000
-9769700.330662 -4160960.544865
-9766596.259350 -4187386.968649
-9764042.861078 -4209008.588108
-9761477.673182 -4230630.207568
-9759752.407377 -4245044.620541
-9757003.965607 -4267867.441081
-9753799.604472 -4294293.864865
-9751012.078275 -4317116.685405
-9749094.628623 -4332732.299459
-9746721.188717 -4351951.516757
-9744932.295778 -4366365.929730
-9741936.061728 -4390389.951351
-9738923.882709 -4414413.972973
-9736804.950624 -4431230.788108
-9734674.765001 -4448047.603243
-9731143.295254 -4475675.228108
-9727586.419593 -4503302.852973
-9725568.419608 -4518918.467027
-9723063.124687 -4538137.684324
-9719438.665278 -4565765.309189
-9716418.566653 -4588588.129730
-9714022.618439 -4606606.145946
-9712415.707821 -4618618.156757
-9709014.543682 -4643843.379459
-9707220.939022 -4657056.591351
-9705254.742965 -4671471.004324
-9703279.707653 -4685885.417297
-9701287.631657 -4700299.830270
-9698613.626485 -4719519.047568
-9696264.251566 -4736335.862703
-9694572.936627 -4748347.873514
-9691510.366278 -4769969.492973
-9688941.058793 -4787987.509189
-9687041.407935 -4801200.721081
-9683399.928893 -4826425.943784
-9679381.864316 -4854053.568649
-9676740.848249 -4872071.584865
-9673555.095411 -4893693.204324
-9670000.871518 -4917717.225946
-9665699.202213 -4946546.051892
-9663180.556977 -4963362.867027
-9661013.685014 -4977777.280000
-9656641.142017 -5006606.105946
-9653525.467425 -5027026.524324
-9651684.532850 -5039038.535135
-9648720.385148 -5058257.752432
-9644422.874586 -5085885.377297
-9641412.132256 -5105104.594595
-9638948.579317 -5120720.208649
-9635137.318656 -5144744.230270
-9632842.049845 -5159158.643243
-9628789.341751 -5184383.865946
-9624511.959979 -5210810.289730
-9621772.725041 -5227627.104865
-9618622.307031 -5246846.322162
-9616046.343839 -5262461.936216
-9613050.742432 -5280479.952432
-9608624.327153 -5306906.376216
-9605177.026034 -5327326.794595
-9601906.981654 -5346546.011892
-9597188.708226 -5374173.636757
-9593879.340006 -5393392.854054
-9590126.946845 -5415014.473514
-9585924.716671 -5439038.495135
-9581490.832807 -5464263.717838
-9577450.542661 -5487086.538378
-9575097.339170 -5500299.750270
-9570154.778183 -5527927.375135
-9566699.633622 -5547146.592432
-9562781.762697 -5568768.211892
-9557752.917823 -5596395.836757
-9554016.278823 -5616816.255135
-9550695.521075 -5634834.271351
-9547806.639736 -5650449.885405
-9545346.439880 -5663663.097297
-9540390.520845 -5690089.521081
-9535404.452375 -5716515.944865
-9530626.929505 -5741741.167568
-9525123.167848 -5770569.993514
-9519579.468687 -5799398.819459
-9514693.476199 -5824624.042162
-9512348.082603 -5836636.052973
-9507384.930402 -5861861.275676
-9502155.468954 -5888287.699459
-9499764.720680 -5900299.710270
-9493989.316634 -5929128.536216
-9488906.576292 -5954353.758919
-9486474.064740 -5966365.769730
-9482317.992657 -5986786.188108
-9479367.234255 -6001200.601081
-9473925.999675 -6027627.024865
-9471435.381507 -6039639.035676
-9467929.493899 -6056455.850811
-9465402.756851 -6068467.861622
-9461585.923847 -6086485.877838
-9457995.557607 -6103302.692973
-9454891.423382 -6117717.105946
-9451242.765294 -6134533.921081
-9448624.224587 -6146545.931892
-9442831.502011 -6172972.355676
-9439655.545043 -6187386.768649
-9434859.399097 -6209008.388108
-9431105.274664 -6225825.203243
-9426245.755118 -6247446.822703
-9422435.822963 -6264263.637838
-9417766.654664 -6284684.056216
-9414994.572910 -6296696.067027
-9408572.334586 -6324323.691892
-9402401.949776 -6350750.115676
-9395637.830828 -6379578.941622
-9392513.603419 -6392792.153514
-9387372.011619 -6414413.772973
-9381046.675042 -6440840.196757
-9374682.394615 -6467266.620541
-9368844.196282 -6491290.642162
-9365913.055284 -6503302.652973
-9359994.837081 -6527326.674595
-9356418.802408 -6541741.087568
-9350699.937290 -6564563.908108
-9346749.244384 -6580179.522162
-9341860.276988 -6599398.739459
-9337557.178563 -6616215.554595
-9333235.908579 -6633032.369730
-9325774.612941 -6661861.195676
-9318879.758096 -6688287.619459
-9313508.641616 -6708708.037838
-9306195.112832 -6736335.662703
-9300417.210041 -6757957.282162
-9293930.547976 -6781981.303784
-9286399.434229 -6809608.928649
-9282449.594316 -6824023.341622
-9276804.917020 -6844443.760000
-9273117.057536 -6857656.971892
-9265672.727065 -6884083.395676
-9261917.429890 -6897296.607568
-9253661.823072 -6926125.433514
-9247442.405300 -6947747.052973
-9239772.439982 -6974173.476757
-9233808.176527 -6994593.895135
-9226390.450465 -7019819.117838
-9221767.173564 -7035434.731892
-9217464.392493 -7049849.144865
-9212028.949970 -7067867.161081
-9205820.361203 -7088287.579459
-9201415.483250 -7102701.992432
-9192882.116338 -7130329.617297
-9185036.011098 -7155554.840000
-9179758.427582 -7172371.655135
-9174052.951270 -7190389.671351
-9169820.980328 -7203602.883243
-9161259.327297 -7230029.307027
-9153385.490409 -7254053.328649
-9147052.769124 -7273272.545946
-9141852.022748 -7288888.160000
-9132972.791825 -7315314.583784
-9124425.865844 -7340539.806486
-9119906.544211 -7353753.018378
-9115777.557618 -7365765.029189
-9107461.572920 -7389789.050811
-9097845.221515 -7417416.675676
-9089816.606562 -7440239.496216
-9084704.511606 -7454653.909189
-9074851.153683 -7482281.534054
-9065743.015391 -7507506.756757
-9058277.507603 -7527927.175135
-9049402.336922 -7551951.196757
-9040433.281805 -7575975.218378
-9034556.898706 -7591590.832432
-9029550.039173 -7604804.044324
-9021273.178322 -7626425.663784
-9016635.068683 -7638437.674595
-9007252.406752 -7662461.696216
-9000133.977656 -7680479.712432
-8991981.312405 -7700900.130811
-8984252.553903 -7720119.348108
-8976929.376448 -7738137.364324
-8967558.685172 -7760960.184865
-8960114.436931 -7778978.201081
-8948066.738902 -7807807.027027
-8942487.310486 -7821020.238919
-8937382.644710 -7833032.249730
-8929167.455129 -7852251.467027
-8920840.602658 -7871470.684324
-8915040.708332 -7884683.896216
-8902789.643512 -7912311.521081
-8889858.471630 -7941140.347027
-8881132.000506 -7960359.564324
-8869021.996660 -7986785.988108
-8862918.095761 -7999999.200000
-8857309.978886 -8012011.210811
-8844839.543773 -8038437.634595
-8838508.519741 -8051650.846486
-8828648.621716 -8072071.264865
-8819284.447490 -8091290.482162
-8809859.223454 -8110509.699459
-8803914.272528 -8122521.710270
-8789447.179109 -8151350.536216
-8779124.295098 -8171770.954595
-8769283.854732 -8190990.171892
-8759363.077884 -8210209.389189
-8748647.638926 -8230629.807568
-8737183.438014 -8252251.427027
-8728128.471510 -8269068.242162
-8715091.832159 -8293092.263784
-8699938.622252 -8320719.888649
-8692633.959994 -8333933.100541
-8676499.042760 -8362761.926486
-8666280.903027 -8380779.942703
-8656623.149030 -8397596.757838
-8639842.286820 -8426425.583784
-8626385.230738 -8449248.404324
-8614186.842958 -8469668.822703
-8597555.036322 -8497296.447568
-8585858.116130 -8516515.664865
-8575485.288324 -8533332.480000
-8559726.333203 -8558557.702703
-8545283.112709 -8581380.523243
-8527525.867970 -8609008.148108
-8508671.342004 -8637836.974054
-8497514.607151 -8654653.789189
-8487762.156016 -8669068.202162
-8472942.223971 -8690689.821622
-8456301.782426 -8714713.843243
-8442799.576851 -8733933.060541
-8427348.293065 -8755554.680000
-8417802.256275 -8768767.891892
-8407214.376774 -8783182.304865
-8392898.098695 -8802401.522162
-8380216.510877 -8819218.337297
-8363611.992651 -8840839.956757
-8353325.678491 -8854053.168649
-8340975.846666 -8869668.782703
-8323458.923301 -8891290.402162
-8309523.523395 -8908107.217297
-8288200.480287 -8933332.440000
-8269649.275537 -8954954.059459
-8249769.355684 -8977776.880000
-8228519.942145 -9001800.901622
-8216609.629922 -9015014.113513
-8203454.186069 -9029428.526486
-8181225.616582 -9053452.548108
-8166591.905434 -9069068.162162
-8141387.098342 -9095494.585946
-8127305.738510 -9109908.998919
-8100717.432241 -9136335.422703
-8080784.855111 -9155554.640000
-8050379.197615 -9184383.465946
-8033491.460733 -9199999.080000
-8011078.424978 -9220419.498378
-7985223.725014 -9243242.318919
-7961562.237625 -9263662.737297
-7945848.454951 -9276875.949189
-7927001.927937 -9292491.563243
-7898614.754981 -9315314.383784
-7874072.436563 -9334533.601081
-7844417.163950 -9357356.421622
-7810782.538666 -9382581.644324
-7785777.081454 -9400599.660541
-7749601.385783 -9425824.883243
-7719195.897189 -9446245.301622
-7686097.993956 -9467866.921081
-7656059.486697 -9487086.138378
-7624828.576320 -9506305.355676
-7596891.930655 -9523122.170811
-7552083.110842 -9549548.594595
-7514166.601249 -9571170.214054
-7471979.224549 -9593993.034595
-7444403.076426 -9608407.447568
-7418397.927993 -9621620.659459
-7379162.258854 -9640839.876757
-7317713.941624 -9669668.702703
-7291358.891113 -9681680.713513
-7231294.676985 -9708107.137297
-7199413.059320 -9721320.349189
-7156576.288568 -9738137.164324
-7106999.481590 -9756155.180541
-7068041.076805 -9769368.392432
-7011903.619209 -9787386.408649
-6930601.677225 -9811410.430270
-6827361.265422 -9839038.055135
-6722666.124532 -9864263.277838
-6666924.472682 -9876275.288649
-6565917.528217 -9896695.707027
-6471113.549350 -9914713.723243
-6347975.388020 -9935134.141622
-6220743.765948 -9953152.157838
-6070942.312433 -9972371.375135
-5851673.823076 -9995194.195676
-5835665.453139 -9996395.396757
-5814547.632222 -9997596.597838
-5782529.831698 -9998797.798919
-5699816.403870 -9999999.000000
0.000000 -9999999.000000
