2000
9999977.607160 21162.615754
9999860.045022 52906.332057
9999440.184006 105811.183212
9999322.623974 116391.845419
9998566.891914 169292.964765
9997531.290012 222189.345434
9996501.321421 264502.043136
9995292.272984 306810.002482
9994267.978416 338537.406507
9992337.026417 391408.674541
9991917.270694 401981.660790
9991486.327598 412554.196963
9990590.881227 433697.871732
9989163.818839 465409.712400
9988156.521573 486548.353775
9987104.491668 507684.816111
9986561.703440 518252.200556
9984866.252988 549950.825027
9983070.187300 581643.907768
9981816.921718 602769.393144
9980518.951889 623892.178976
9977078.484879 676686.712271
9974880.149372 708354.435059
9971792.683281 750566.906857
9969359.849899 782217.478215
9966826.557536 813860.167345
9965081.897981 834950.756953
9963292.609128 856037.607177
9959580.175782 898199.711736
9958624.186898 908737.753221
9955689.324006 940345.725718
9953677.012863 961412.462789
9951620.123500 982474.894109
9947372.647161 1024586.462198
9941812.717570 1077200.022637
9938343.174538 1108753.780206
9934773.485073 1140296.365115
9928601.553159 1192841.648590
9927333.811738 1203346.745675
9920828.407509 1255851.786147
9915424.135542 1297830.579205
9912655.383104 1318811.304095
9908419.018687 1350271.287600
9902615.226042 1392196.712023
9896634.035449 1434097.196283
9888908.244883 1486436.586031
9885740.412177 1507360.774019
9882528.305510 1528278.211188
9875971.328033 1570092.458383
9869237.429914 1611878.578546
9864070.974604 1643199.259974
9855239.357452 1695363.444023
9849807.959197 1726639.269489
9844277.306658 1757897.696003
9838647.455568 1789138.408579
9829044.083725 1841166.043624
9821163.283284 1882751.115543
9817156.897068 1903531.050010
9806948.616489 1955443.385411
9798584.333548 1996933.914366
9794336.357223 2017665.810182
9792195.918638 2028028.375296
9790044.516296 2038388.669744
9783524.550877 2069455.813104
9774677.918589 2110846.178158
9770188.927651 2131527.226664
9767928.022246 2141864.176883
9761079.696705 2172860.592529
9749447.277134 2224472.474630
9739944.839941 2265717.218653
9735128.179148 2286324.416079
9732703.497607 2296624.180762
9730267.918920 2306921.374046
9717926.664153 2358368.366085
9715425.760278 2368649.888973
9712913.978601 2378928.759820
9707857.793103 2399478.499361
9702758.130303 2420017.492673
9692428.464348 2461062.872723
9681925.165785 2502064.164671
9668552.158671 2553252.661814
9657658.879428 2594152.071217
9643799.008596 2645210.895524
9629669.198229 2696195.677744
9623941.779352 2716568.539104
9621061.905248 2726750.413108
9615269.843833 2747104.990763
9609434.719777 2767447.265322
9603556.559214 2787777.145680
9591671.234061 2828399.359654
9576572.970276 2879105.789126
9561206.648680 2929731.629560
9554985.159949 2949959.083303
9542413.832587 2990374.265481
9532873.141842 3020650.536152
9520002.809999 3060971.495719
9506961.934426 3101237.620270
9497069.498843 3131400.794238
9480369.489605 3181602.479972
9473615.157289 3201658.297132
9459979.238404 3241726.825160
9456543.769629 3251734.911259
9439207.683894 3301720.506089
9425148.558534 3341642.507745
9407337.244075 3391460.743727
9403743.366611 3401413.043856
9392898.577400 3431247.049496
9385616.127746 3451117.196300
9370925.158878 3490811.032797
9363516.705460 3510634.544719
9356066.316894 3530442.334025
9352325.407351 3540340.304973
9333463.874925 3589770.479498
9322021.519961 3619380.441647
9318186.521275 3629242.338937
9298855.118586 3678490.652910
9287131.305617 3707990.306383
9271353.999940 3747265.003680
9259412.008962 3776677.011382
9247376.712986 3806050.962365
9239301.406078 3825612.307546
9235248.233291 3835386.560635
9227110.871742 3854922.173090
9218932.185949 3874440.521014
9214827.357900 3884193.193457
9202450.988331 3913425.073688
9198304.918730 3923160.285034
9177420.181799 3971770.235892
9168994.326212 3991183.163662
9156278.559739 4020269.012946
9152019.461062 4029955.307983
9147750.115396 4039637.090911
9139180.702232 4058987.077087
9117578.183037 4107282.322438
9108865.682431 4126568.305435
9104494.131680 4136204.371910
9091318.336398 4165084.741788
9082483.569557 4184315.022645
9069155.163233 4213125.280027
9055735.369087 4241893.082701
9042224.322347 4270618.140779
9028622.159162 4299300.164806
9010344.441923 4337475.422168
8991905.311101 4375572.976901
8987270.346170 4385085.144539
8963944.687772 4432572.124011
8940368.119638 4479935.031377
8921326.653360 4517735.134341
8911745.966703 4536604.878646
8892464.900893 4574283.330358
8877899.540694 4602488.429681
8868139.591140 4621266.081070
8858339.925020 4640023.035805
8853425.211955 4649393.725671
8833667.288195 4686824.323727
8813751.115890 4724170.960829
8808747.388227 4733494.422770
8798710.350576 4752125.436756
8783580.922651 4780032.026592
8778518.103531 4789323.533232
8773445.455611 4798609.677543
8747934.983174 4844959.600467
8722179.647327 4891173.908149
8706609.210999 4918836.859151
8685712.180541 4955643.643039
8664659.552045 4992361.650277
8659372.126862 5001527.203617
8648768.196229 5019841.500276
8632789.688736 5047270.766469
8627444.180336 5056402.566567
8616724.190577 5074649.172457
8605965.610232 5092873.051186
8578900.642183 5138332.781317
8573458.808375 5147407.508746
8562546.349243 5165539.663682
8551595.542163 5183648.684398
8529579.080511 5219796.998860
8501843.673477 5264850.819516
8479483.968312 5300787.831176
8451320.769597 5345575.483462
8439989.208695 5363448.718605
8411495.046957 5408026.541634
8388530.157854 5443579.869054
8359612.771786 5487884.319644
8336310.348262 5523217.339328
8312858.585972 5558451.414705
8306972.360392 5567244.399493
8283334.515751 5602353.907079
8265508.728244 5628620.209547
8247599.651078 5654829.793684
8223591.631868 5689687.220952
8199436.293164 5724442.721728
8175134.067689 5759095.673394
8150685.390801 5793645.455167
8132253.037769 5819489.713858
8119919.264875 5836686.656992
8113738.737865 5845275.330869
8095142.677654 5871002.046365
8070221.072005 5905212.261127
8038865.813169 5947826.194322
8007285.538475 5990273.641941
7994590.621954 6007205.738725
7988229.733514 6015661.702971
7975481.131887 6032553.415836
7969093.432973 6040989.145542
7937021.243775 6083066.149227
7904726.889450 6124972.881835
7891747.143761 6141687.636060
7865681.679493 6175034.551879
7839475.307418 6208270.846571
7806519.906168 6249659.747106
7779998.211855 6282644.970356
7746650.156807 6323718.158492
7713085.265309 6364614.339461
7679304.476876 6405332.368537
7658932.766388 6429677.198736
7652125.035548 6437777.756364
7645308.737065 6445871.105984
7617958.019480 6478172.243267
7590470.831875 6510357.328938
7562847.666660 6542425.786426
7542041.355034 6566400.246631
7507195.385224 6606210.521022
7479167.265972 6637925.655474
7451005.163032 6669521.876452
7443943.761414 6677402.285089
7415614.888600 6708849.068505
7387153.170590 6740175.667906
7380017.043724 6747988.473192
7365720.009053 6763591.409025
7337027.040254 6794706.337332
7322631.234629 6810218.190458
7286498.384263 6848864.234027
7257445.206664 6879643.091925
7220945.966920 6917943.288494
7198949.339149 6940830.527565
7176880.169196 6963647.825458
7154738.679447 6986394.952250
7125104.581391 7016614.903516
7102795.214376 7039197.407563
7072938.094470 7069197.034444
7035438.576613 7106518.418657
7027915.007883 7113958.858608
7005297.122928 7136232.354646
6975030.174585 7165818.450368
6959849.809268 7180563.392411
6952247.933545 7187923.808063
6921762.675586 7217284.909359
6906473.513062 7231917.008192
6891153.419425 7246516.718393
6868115.433263 7268355.412016
6829565.108075 7304590.367335
6806343.083842 7326233.263078
6798587.156194 7333431.166898
6767487.412709 7362140.593525
6751892.043132 7376445.881174
6728442.312865 7397841.850327
6712771.477523 7412064.428387
6704924.781609 7419163.273104
6673463.014757 7447475.504536
6633967.755117 7482678.118432
6610181.396510 7503699.214736
6570389.563500 7538566.241922
6554421.272461 7552454.023899
6538423.627000 7566307.981697
6506340.559529 7593914.176723
6482201.737393 7614529.574159
6466072.885549 7628230.557525
6449915.074959 7641897.377341
6409394.329168 7675914.560053
6384995.694336 7696221.799254
6368694.178048 7709716.886274
6344188.446534 7729894.757037
6303203.618581 7763351.347370
6294985.444239 7770016.618825
6270288.669266 7789960.205552
6262042.357683 7796590.633770
6253789.034852 7803212.332595
6220705.815985 7829611.685836
6179195.150537 7862413.579275
6162542.389817 7875472.766362
6129154.144984 7901485.269684
6112418.810402 7914438.469420
6070460.873088 7946666.268840
6062048.857769 7953085.165269
6028333.017530 7978671.633158
6002975.233788 7997767.709963
5994509.184212 8004115.169112
5969070.803197 8023103.747704
5960577.963744 8029415.317327
5926539.963980 8054571.624571
5909481.112338 8067095.696898
5883843.235008 8085814.045960
5858146.067523 8104450.916106
5832389.868827 8123006.119535
5806574.898459 8141479.469272
5763420.050930 8172085.983183
5720103.879535 8202463.752272
5702732.511735 8214550.620673
5659192.524872 8244606.719937
5641732.107927 8256564.589609
5597970.694295 8286297.370105
5562848.685649 8309916.636199
5536441.746571 8327533.415533
5527627.022729 8333387.036350
5518806.109921 8339231.326753
5474609.057315 8368312.593920
5430258.764951 8397159.623686
5412476.018806 8408632.668029
5385756.474238 8425771.608595
5376837.885838 8431465.729600
5367913.277302 8437150.410379
5332154.841753 8459794.604100
5296300.884638 8482287.246927
5251350.089702 8510189.318422
5215283.560048 8532339.502639
5170069.090864 8559812.240680
5151942.711874 8570734.291388
5124709.906299 8587045.381054
5079207.276001 8614038.161479
5033562.473635 8640789.826400
5006107.880957 8656724.778126
4987776.776843 8667299.627011
4941851.467214 8693566.821276
4905011.561990 8714405.405806
4895787.830243 8719590.673951
4868083.787152 8735087.878280
4849587.155296 8745370.456601
4831068.804233 8755613.868186
4821801.509913 8760720.872109
4784678.449553 8781050.742046
4756779.868086 8796194.932275
4747469.675257 8801223.306025
4700839.187782 8826217.249230
4654077.119138 8850964.137828
4635335.742028 8860793.562581
4616573.605251 8870583.303667
4597790.792835 8880333.317242
4578987.388900 8890043.559640
4541319.143413 8909344.557130
4503569.543591 8928485.950375
4494119.511237 8933246.320276
4484664.447076 8937996.688136
4446794.084181 8956898.032963
4418338.997329 8970968.760657
4380329.673771 8989589.086776
4351771.147657 9003448.665840
4342241.879882 9008048.371129
4304076.297977 9026346.283031
4284964.550123 9035434.621765
4265833.611763 9044482.494690
4227514.506331 9062456.681208
4208326.510872 9071382.914302
4179509.205918 9084696.076240
4160274.253580 9093520.667761
4112105.546070 9115403.884523
4092805.758913 9124085.763506
4063821.736631 9137031.952056
4015424.176776 9158404.264967
3996033.606063 9166881.444592
3986331.604085 9171104.641332
3976625.138842 9175317.569715
3937754.862642 9192066.505511
3918293.227747 9200379.241172
3869562.557365 9220980.729545
3820723.574074 9241324.113487
3791368.762472 9253406.016541
3742359.323242 9273335.251987
3703076.284210 9289091.776558
3653879.280411 9308553.389447
3604580.000892 9327754.446659
3594707.993287 9331563.343995
3584831.960894 9335361.793319
3535391.814296 9354197.171292
3515587.969507 9361658.038438
3475933.134294 9376453.959036
3426277.108212 9394712.618156
3396437.369141 9405541.621699
3356597.863308 9419832.842680
3316698.226535 9433955.314400
3286734.467965 9444436.274182
3276739.173593 9447908.783865
3236721.420319 9461693.001110
3216690.755044 9468521.562864
3186617.773618 9478684.885830
3176586.295762 9482051.439724
3146470.567300 9492087.387351
3096207.378156 9508601.362527
3045857.523084 9524849.182484
2995422.411428 9540830.392430
2944903.454917 9556544.545034
2894302.067625 9571991.200442
2863902.257597 9581130.614856
2813171.928080 9596148.378545
2772530.900925 9607969.213284
2762362.855081 9610897.536488
2731840.205953 9619617.928439
2701290.028689 9628241.385679
2660514.169583 9639588.391288
2629900.957662 9647985.331295
2589042.171477 9659030.004835
2578820.199328 9661764.144272
2537903.551665 9672592.494386
2496941.439358 9683247.567238
2466190.460355 9691125.043732
2455934.596213 9693729.171951
2425150.551123 9701476.423946
2414883.756835 9704037.120754
2373789.656621 9714171.228989
2342941.134360 9721657.617964
2312069.002812 9729046.043998
2260563.830195 9741142.190196
2229630.262076 9748269.020418
2219314.064530 9750622.804877
2178024.541513 9759928.744441
2126357.855875 9771315.278342
2084981.584302 9780227.594137
2053924.828542 9786796.861011
2033208.807079 9791121.587786
2012483.679751 9795402.464357
1971006.478819 9803832.590393
1939875.365860 9810039.936969
1929493.968779 9812087.088099
1887946.893299 9820165.809602
1877554.810786 9822158.007917
1856764.350828 9826109.410417
1825563.098163 9831953.995754
1794343.449713 9837699.506718
1763105.720071 9843345.885412
1742270.677306 9847055.036253
1690149.137008 9856134.936915
1679719.105164 9857917.819081
1648417.772246 9863200.233603
1637980.287752 9864938.954547
1596212.127149 9871783.367008
1543961.802485 9880090.179369
1533506.504686 9881718.362718
1523049.489908 9883335.482077
1512590.769860 9884941.535636
1470739.071188 9891255.056083
1449803.294779 9894345.375337
1439332.965821 9895873.918634
1418387.485017 9898897.764011
1386957.382487 9903350.403735
1376477.560209 9904812.442759
1365996.196769 9906263.391936
1355513.303901 9907703.249641
1303076.309013 9914736.110098
1292584.486121 9916109.385552
1240103.898171 9922809.195069
1187588.598479 9929231.255277
1177081.502471 9930482.321445
1156063.368489 9932951.096630
1103495.587905 9938928.387280
1061419.053463 9943509.923209
1029849.133112 9946829.181354
1008796.734594 9948986.337727
987739.818111 9951098.936887
945612.808490 9955190.425924
903468.858923 9959103.575170
882390.767579 9960993.250339
829678.456429 9965522.247175
787491.815726 9968944.610146
734738.765006 9972971.420153
681965.148217 9976719.076762
650291.720916 9978833.633131
639732.439866 9979516.140845
608050.346380 9981496.620060
597488.271187 9982134.429359
576362.125708 9983376.517995
565798.079076 9983980.795941
534102.185546 9985726.556210
523535.675922 9986286.116271
512968.580126 9986834.495264
491832.677342 9987897.707601
460124.722675 9989408.653148
417840.292572 9991266.660935
375548.377172 9992945.682651
322674.110934 9994792.715116
269790.812727 9996359.983382
238057.114234 9997166.038951
216899.962806 9997647.443581
206321.016894 9997871.355343
174582.840504 9998475.925450
142842.904882 9998979.743180
89939.971473 9999595.531897
79359.035302 9999685.102218
47615.741057 9999886.636418
-5290.657641 9999998.600447
-47615.741057 9999886.636418
-89939.971473 9999595.531897
-100520.806942 9999494.765605
-132262.590681 9999125.292100
-164003.041640 9998655.059673
-206321.016894 9997871.355343
-227478.665868 9997412.338029
-259213.199508 9996639.861333
-280368.123877 9996068.913083
-290945.121115 9995766.650763
-301521.792598 9995453.196758
-354399.849239 9993718.064207
-364974.317526 9993337.467911
-396695.223185 9992128.547007
-417840.292572 9991266.660935
-428412.131436 9990818.937687
-449554.358324 9989889.933273
-470694.571852 9988916.188458
-491832.677342 9987897.707601
-512968.580126 9986834.495264
-544668.097166 9985155.815706
-586925.527021 9982761.062238
-597488.271187 9982134.429359
-608050.346380 9981496.620060
-660850.273873 9978139.952693
-703076.968333 9975253.519415
-745291.067696 9972188.386930
-755842.535926 9971394.188421
-776942.921753 9969772.299122
-808586.946733 9967255.748177
-861308.724387 9962838.314521
-871850.234063 9961921.359324
-914006.393152 9958142.011102
-956146.178500 9954184.270212
-998268.835205 9950048.207555
-1008796.734594 9948986.337727
-1040373.608669 9945733.897224
-1071939.999135 9942381.235813
-1082459.744619 9941241.416507
-1124526.489111 9936570.845885
-1177081.502471 9930482.321445
-1219101.861407 9925411.359310
-1229603.568147 9924115.832919
-1261100.381045 9920162.590851
-1313566.672927 9913351.733686
-1345028.893344 9909132.014262
-1386957.382487 9903350.403735
-1428861.025326 9897391.382092
-1460272.000475 9892805.753912
-1481204.495200 9889693.283586
-1491668.260793 9888120.438169
-1502130.356251 9886536.521595
-1543961.802485 9880090.179369
-1585765.589798 9873466.842716
-1637980.287752 9864938.954547
-1648417.772246 9863200.233603
-1658853.411102 9861450.469402
-1679719.105164 9857917.819081
-1731850.224011 9848893.074940
-1742270.677306 9847055.036253
-1763105.720071 9843345.885412
-1794343.449713 9837699.506718
-1804752.023757 9835795.348254
-1846365.996661 9828068.610178
-1856764.350828 9826109.410417
-1877554.810786 9822158.007917
-1898336.861986 9818162.616214
-1919110.411356 9814123.253201
-1950254.590973 9807981.802103
-1971006.478819 9803832.590393
-2002117.730392 9797526.452817
-2033208.807079 9791121.587786
-2053924.828542 9786796.861011
-2105674.435292 9775793.327017
-2126357.855875 9771315.278342
-2147031.753420 9766793.468166
-2178024.541513 9759928.744441
-2208995.382146 9752965.672125
-2239943.963233 9745904.321384
-2270869.972913 9738744.763373
-2291474.619125 9733917.200691
-2301773.099549 9731487.070237
-2322362.317383 9726594.124708
-2363509.458315 9716677.572116
-2414883.756835 9704037.120754
-2466190.460355 9691125.043732
-2476443.563246 9688510.064920
-2527667.257248 9675272.514851
-2558367.604408 9667199.966935
-2578820.199328 9661764.144272
-2589042.171477 9659030.004835
-2629900.957663 9647985.331295
-2660514.169583 9639588.391288
-2711476.460795 9625377.675840
-2762362.855081 9610897.536488
-2813171.928080 9596148.378545
-2843619.665938 9587169.926286
-2874038.749284 9578094.866288
-2924672.712427 9562755.331241
-2955013.885965 9553423.100321
-2995422.411428 9540830.392430
-3025693.630208 9531273.684882
-3066007.774880 9518382.022401
-3086144.295351 9511872.233597
-3096207.378156 9508601.362527
-3126375.781651 9498724.886631
-3166551.261267 9485407.377112
-3176586.295763 9482051.439724
-3216690.755044 9468521.562864
-3256737.589716 9454822.064520
-3286734.467965 9444436.274182
-3336655.516641 9426915.188081
-3356597.863308 9419832.842680
-3376525.177223 9412708.309917
-3386483.169007 9409130.233238
-3436216.030338 9391081.907472
-3446151.105130 9387440.682135
-3466009.668225 9380126.703823
-3475933.134294 9376453.959036
-3495768.379919 9369076.978761
-3545287.804671 9350451.025595
-3555179.825591 9346694.410737
-3594707.993287 9331563.343995
-3604580.000892 9327754.446659
-3644027.562448 9312414.462647
-3693245.131649 9293004.917547
-3712903.290651 9285168.235109
-3752169.635218 9269370.152742
-3801157.959262 9249389.070027
-3830499.970190 9237276.112490
-3879317.400166 9216881.061876
-3898814.044509 9208650.772309
-3937754.862642 9192066.505511
-3957198.862034 9183712.602554
-3966914.221201 9179520.225025
-3996033.606063 9166881.444592
-4034796.764138 9149886.068804
-4054151.281389 9141326.894254
-4063821.736631 9137031.952056
-4102457.949134 9119749.929444
-4121748.538918 9111047.633611
-4131386.916882 9106681.181584
-4141020.669171 9102304.533331
-4169894.064144 9089113.460278
-4198725.440040 9075830.798288
-4217922.869884 9066924.873611
-4246683.568578 9053489.861284
-4294522.828215 9030895.508085
-4332707.750348 9012637.990626
-4361295.543006 8998838.879909
-4399344.186931 8980299.033157
-4418338.997329 8970968.760657
-4456269.169648 8952187.726341
-4465739.265687 8947467.396470
-4503569.543591 8928485.950375
-4513014.533557 8923715.583763
-4541319.143414 8909344.557130
-4578987.388900 8890043.559640
-4588391.659546 8885193.412560
-4616573.605251 8870583.303667
-4644709.030790 8855883.807916
-4672797.652648 8841095.073429
-4682150.076848 8836145.690168
-4728833.353625 8811250.485240
-4747469.675257 8801223.306025
-4756779.868086 8796194.932275
-4793967.276329 8775983.007817
-4803250.735576 8770905.447626
-4812528.816900 8765818.067158
-4840330.689484 8750497.061107
-4886558.616964 8724766.179272
-4895787.830243 8719590.673951
-4905011.561990 8714405.405806
-4941851.467214 8693566.821276
-4987776.776843 8667299.627011
-5006107.880957 8656724.778126
-5015265.030568 8651422.812067
-5060966.344243 8624767.803392
-5097425.460183 8603269.941010
-5106525.996432 8597871.378880
-5151942.711874 8570734.291388
-5179123.602489 8554336.836374
-5188172.315348 8548851.854270
-5233328.543784 8521283.492104
-5251350.089702 8510189.318422
-5287322.545347 8487886.680527
-5332154.841753 8459794.604100
-5341103.430840 8454147.747767
-5376837.885838 8431465.729600
-5403575.550698 8414355.071418
-5430258.764951 8397159.623686
-5474609.057315 8368312.593920
-5492306.336503 8356708.150103
-5509979.018024 8345066.280200
-5536441.746571 8327533.415533
-5562848.685649 8309916.636199
-5580422.186123 8298125.585012
-5624246.424101 8268485.481694
-5632992.419482 8262529.661191
-5667913.233823 8238613.935236
-5711421.393010 8208511.781771
-5728779.961590 8196406.538947
-5754769.683826 8178179.863889
-5763420.050930 8172085.983183
-5797956.892909 8147619.030610
-5832389.868827 8123006.119535
-5858146.067523 8104450.916106
-5900941.756983 8073344.188172
-5918013.851189 8060838.173363
-5943572.273209 8042011.479297
-5986036.422929 8010453.666514
-5994509.184212 8004115.169112
-6028333.017530 7978671.633158
-6053630.055125 7959495.157087
-6095656.100937 7927356.223806
-6104040.872841 7920901.780902
-6120789.904241 7907966.296599
-6154205.655029 7881989.136989
-6162542.389817 7875472.766362
-6187511.157824 7855870.777438
-6212417.575684 7836189.626683
-6253789.034852 7803212.332595
-6286760.221765 7776673.190641
-6303203.618581 7763351.347370
-6336005.650716 7736603.414554
-6352364.139130 7723177.444802
-6384995.694336 7696221.799254
-6393135.733674 7689461.326440
-6409394.329168 7675914.560053
-6449915.074959 7641897.377341
-6457997.595578 7635068.241706
-6498301.558254 7600794.488604
-6522396.698763 7580128.053270
-6562409.091756 7545514.357049
-6594286.804116 7517671.284718
-6610181.396510 7503699.214736
-6649788.203962 7468622.151538
-6681339.686345 7440409.934653
-6704924.781609 7419163.273104
-6712771.477523 7412064.428387
-6720610.657534 7404957.284809
-6728442.312865 7397841.850327
-6767487.412709 7362140.593525
-6798587.156194 7333431.166898
-6821832.068454 7311812.855224
-6852718.312327 7282873.864890
-6875802.463289 7261083.974575
-6914121.964996 7224605.003262
-6944638.273791 7195276.175811
-6959849.809268 7180563.392411
-6997742.129825 7143640.884344
-7027915.007884 7113958.858608
-7035438.576613 7106518.418657
-7042954.268167 7099070.021947
-7065453.995676 7076677.174705
-7080414.274103 7061708.979211
-7110239.633748 7031677.776369
-7147342.150340 6993961.694631
-7169507.697142 6971238.009179
-7206289.619609 6933209.207742
-7213621.831603 6925580.125204
-7250161.577553 6887318.571067
-7286498.384263 6848864.234027
-7293741.303291 6841150.327297
-7300976.055937 6833428.760925
-7308202.634101 6825699.543557
-7337027.040254 6794706.337332
-7365720.009053 6763591.409025
-7372872.653879 6755793.723145
-7387153.170590 6740175.667906
-7415614.888600 6708849.068505
-7436874.025242 6685275.217423
-7458058.222189 6661634.000337
-7479167.265972 6637925.655474
-7500200.943882 6614150.421739
-7507195.385225 6606210.521022
-7535089.018685 6574377.041248
-7548985.246995 6558416.099994
-7576676.215598 6526406.172159
-7604231.453712 6494279.328639
-7624808.512122 6470107.816217
-7631650.467706 6462036.144960
-7665731.921963 6421569.442169
-7672522.494660 6413454.495741
-7679304.476876 6405332.368537
-7706346.349207 6372772.233971
-7733250.168105 6340097.935955
-7753337.144690 6315517.644719
-7779998.211855 6282644.970356
-7806519.906168 6249659.747106
-7826319.427565 6224847.324853
-7859143.278285 6183354.019574
-7885244.013380 6150034.703110
-7917671.233281 6108230.696501
-7930580.117283 6091461.155040
-7956291.274703 6057840.304274
-7975481.131887 6032553.415836
-8000942.559312 5998743.048556
-8007285.538475 5990273.641941
-8019944.593823 5973314.717309
-8045154.894381 5939316.688426
-8076465.044524 5896669.601104
-8101350.437319 5862433.035161
-8113738.737865 5845275.330869
-8119919.264875 5836686.656992
-8150685.390801 5793645.455167
-8175134.067689 5759095.673394
-8181223.370929 5750442.083437
-8187303.514125 5741782.055042
-8211532.350469 5707077.751108
-8229607.464719 5680982.395383
-8241611.481044 5663553.671992
-8265508.728244 5628620.209547
-8271459.920708 5619871.064369
-8283334.515751 5602353.907079
-8289257.905037 5593585.914580
-8312858.585972 5558451.414704
-8336310.348262 5523217.339328
-8365414.994507 5479035.678811
-8394285.484457 5434700.654630
-8417212.740612 5399123.047244
-8439989.208695 5363448.718605
-8468247.126732 5318720.767308
-8485088.151260 5291812.455610
-8496268.010101 5273843.939720
-8524051.074470 5228819.491991
-8529579.080511 5219796.998860
-8551595.542163 5183648.684398
-8562546.349243 5165539.663682
-8573458.808375 5147407.508745
-8578900.642183 5138332.781317
-8584332.870689 5129252.300794
-8595168.487484 5111074.121137
-8622089.012285 5065528.705302
-8632789.688736 5047270.766469
-8659372.126862 5001527.203617
-8664659.552045 4992361.650277
-8690951.040143 4946450.244149
-8706609.210999 4918836.859151
-8711809.112489 4909621.369062
-8732511.119289 4872704.541780
-8747934.983174 4844959.600467
-8758168.595899 4826435.832558
-8778518.103531 4789323.533232
-8793677.051825 4761432.967942
-8803733.797918 4742812.584890
-8813751.115890 4724170.960829
-8833667.288195 4686824.323727
-8858339.925020 4640023.035805
-8882764.608091 4593091.869018
-8887619.729970 4583690.165735
-8897300.115436 4564871.373420
-8911745.966703 4536604.878646
-8916541.301700 4527172.540901
-8935622.754794 4489392.607471
-8940368.119638 4479935.031377
-8949828.813982 4461004.842009
-8959249.425907 4442054.673727
-8968629.913225 4423084.611400
-8991905.311101 4375572.976901
-9014929.016596 4327938.865758
-9024067.880331 4308851.226391
-9037700.385252 4280183.611297
-9046738.135386 4261047.888696
-9064692.046061 4222719.279099
-9078050.929961 4193923.141050
-9082483.569557 4184315.022645
-9086906.040020 4174702.219303
-9095720.453751 4155462.600868
-9100112.387151 4145835.807315
-9108865.682432 4126568.305435
-9113227.034512 4116927.618680
-9121919.123136 4097632.427509
-9134880.644327 4068655.258669
-9143470.527522 4049314.350891
-9147750.115396 4039637.090911
-9152019.461062 4029955.307983
-9164765.997066 4000882.929933
-9185804.935685 3952339.520278
-9202450.988331 3913425.073688
-9218932.185949 3874440.521014
-9227110.871742 3854922.173090
-9239301.406078 3825612.307546
-9255410.604889 3786472.571525
-9267383.710950 3757073.216484
-9283202.565584 3717815.235637
-9302742.239281 3668649.183214
-9318186.521275 3629242.338937
-9337257.098646 3579892.438858
-9352325.407351 3540340.304973
-9359796.750989 3520540.410245
-9374613.649532 3480893.408597
-9392898.577400 3431247.049496
-9403743.366611 3401413.043856
-9418055.663311 3361581.104595
-9435708.745550 3311706.579569
-9449641.072095 3271740.149916
-9453097.712906 3261739.356578
-9456543.769629 3251734.911259
-9470222.078646 3211680.834256
-9483730.735716 3171569.222392
-9487081.363441 3161532.413790
-9490421.369029 3151492.065401
-9497069.498843 3131400.794238
-9513503.675650 3081111.457478
-9526459.308369 3040817.825190
-9532873.141842 3020650.536152
-9545572.699390 2980275.463889
-9561206.648680 2929731.629560
-9570458.584656 2899365.875390
-9576572.970276 2879105.789125
-9591671.234061 2828399.359654
-9603556.559214 2787777.145680
-9612357.663006 2757277.671625
-9623941.779352 2716568.539104
-9638179.455214 2665613.773428
-9640994.629138 2655413.821032
-9649375.371568 2624796.170863
-9660398.426578 2583931.547038
-9665845.069248 2563481.830888
-9679272.233031 2512307.512800
-9689818.910468 2471317.357674
-9702758.130303 2420017.492673
-9712913.978601 2378928.759820
-9725364.081025 2327508.000309
-9730267.918920 2306921.374046
-9739944.839941 2265717.218653
-9742336.813801 2255409.808981
-9747088.035058 2234787.425425
-9758775.060269 2183187.880846
-9765656.180256 2152198.728981
-9767928.022246 2141864.176883
-9776905.999097 2100502.103026
-9785708.829988 2059102.400244
-9796465.829655 2007300.986004
-9802788.426246 1976193.075146
-9811064.885645 1934684.938089
-9817156.897068 1903531.050010
-9819165.587153 1893142.142598
-9823149.983225 1872357.980481
-9832918.462655 1820361.092413
-9840535.091178 1778726.825372
-9844277.306658 1757897.696003
-9853439.923020 1705790.632945
-9860571.446693 1664070.534764
-9862326.731787 1653635.823109
-9870937.484211 1601434.726360
-9875971.328033 1570092.458383
-9884139.892194 1517820.342311
-9890475.554059 1475971.989764
-9892031.789439 1465505.740937
-9895111.031859 1444568.332475
-9902615.226042 1392196.712023
-9906984.707324 1360754.940780
-9908419.018687 1350271.287600
-9909842.236166 1339786.122599
-9911254.358165 1329299.457517
-9912655.383104 1318811.304095
-9919493.997435 1266348.622948
-9923463.902835 1234853.905983
-9928601.553159 1192841.648590
-9932338.072911 1161318.391053
-9938343.174538 1108753.780206
-9939510.818010 1098237.086723
-9940667.332786 1087719.163608
-9946282.931324 1035111.515760
-9951620.123500 982474.894109
-9952654.139888 971944.222564
-9953677.012863 961412.462789
-9955689.324006 940345.725718
-9957657.047917 919274.777244
-9958624.186898 908737.753220
-9963292.609128 856037.607177
-9964192.831720 845494.655391
-9967682.148878 803313.499789
-9970992.902463 761117.953427
-9974125.033167 718908.772205
-9976356.876055 687243.393273
-9978488.189454 655571.089145
-9979853.204691 634452.530000
-9983070.187300 581643.907768
-9985442.583474 539385.216845
-9987636.097910 497116.863239
-9988665.762072 475979.299551
-9989163.818839 465409.712400
-9991044.197610 423126.271223
-9992745.594296 380835.250054
-9994267.978416 338537.406507
-9995919.180905 285656.662475
-9997038.691926 243346.239206
-9997290.587664 232767.922628
-9997760.798701 211610.519466
-9997979.113474 201031.456571
-9998902.770479 148133.002748
-9999193.868278 126972.377308
-9999641.716560 84649.515235
-9999860.045022 52906.332057
-9999994.401788 10581.313800
-10000000.000000 -0.000000
-9999910.428739 -42325.136729
-9999860.045022 -52906.332057
-9999725.688857 -74068.533157
-9999193.868278 -126972.377308
-9999053.917060 -137552.767033
-9998382.160306 -179872.667376
-9997290.587664 -232767.922628
-9996215.847256 -275079.506801
-9995611.322699 -296233.498316
-9995292.272984 -306810.002482
-9994620.600467 -327961.968419
-9992745.594296 -380835.250055
-9991486.327598 -412554.196963
-9989650.691315 -454839.604157
-9987104.491668 -507684.816111
-9984278.743023 -560515.817461
-9983070.187300 -581643.907768
-9982449.142895 -592206.981986
-9981173.524475 -613331.129416
-9979853.204691 -634452.530000
-9978488.189454 -655571.089145
-9977078.484879 -676686.712271
-9975624.097279 -697799.304809
-9973358.749509 -729462.304431
-9971792.683281 -750566.906857
-9967682.148878 -803313.499789
-9966826.557536 -813860.167345
-9965081.897981 -834950.756953
-9963292.609128 -856037.607177
-9960525.013499 -887660.664589
-9958624.186898 -908737.753221
-9953677.012863 -961412.462789
-9948451.225498 -1014060.261466
-9947372.647161 -1024586.462198
-9944070.092044 -1056158.134236
-9939510.818010 -1098237.086724
-9933561.340010 -1150808.022331
-9931103.685146 -1171827.459515
-9929858.178097 -1182335.215949
-9926054.955254 -1213850.495443
-9920828.407509 -1255851.786147
-9918148.481077 -1276844.041893
-9915424.135542 -1297830.579205
-9909842.236166 -1339786.122599
-9904082.809376 -1381717.664727
-9899646.798866 -1413150.118598
-9895111.031859 -1444568.332475
-9890475.554059 -1475971.989765
-9887329.863666 -1496899.518021
-9882528.305510 -1528278.211188
-9879271.939267 -1549188.803859
-9877627.163355 -1559641.504241
-9869237.429914 -1611878.578546
-9860571.446693 -1664070.534764
-9851629.456259 -1716215.911991
-9847975.433873 -1737060.693769
-9846131.882339 -1747480.173162
-9838647.455568 -1789138.408579
-9834839.139174 -1809955.553754
-9829044.083725 -1841166.043624
-9819165.587152 -1893142.142598
-9817156.897068 -1903531.050010
-9809012.242359 -1945065.250639
-9800691.866532 -1986564.606877
-9796465.829654 -2007300.986004
-9790044.516296 -2038388.669744
-9785708.829988 -2059102.400244
-9774677.918589 -2110846.178158
-9763373.404224 -2162530.871385
-9754133.010976 -2203835.112751
-9747088.035058 -2234787.425425
-9735128.179148 -2286324.416079
-9732703.497607 -2296624.180762
-9725364.081025 -2327508.000309
-9712913.978601 -2378928.759820
-9700192.002044 -2430282.930747
-9689818.910468 -2471317.357675
-9679272.233031 -2512307.512800
-9668552.158671 -2553252.661814
-9663127.157536 -2573708.129779
-9649375.371568 -2624796.170863
-9638179.455214 -2665613.773428
-9632516.736589 -2686004.713199
-9626810.878083 -2706383.623515
-9618171.258996 -2736929.234126
-9606501.017418 -2777613.760468
-9594658.682558 -2818248.527936
-9585664.122700 -2848691.511340
-9579614.081290 -2868970.904968
-9570458.584656 -2899365.875391
-9561206.648680 -2929731.629560
-9558101.255141 -2939847.002220
-9548720.878566 -2970173.325454
-9536064.050258 -3010561.812914
-9526459.308369 -3040817.825190
-9516758.570507 -3071043.195833
-9503675.095384 -3111295.498884
-9500377.615626 -3121349.893959
-9490421.369028 -3151492.065401
-9487081.363441 -3161532.413790
-9473615.157289 -3201658.297132
-9456543.769628 -3251734.911259
-9446173.851066 -3281737.280075
-9432199.242587 -3321688.945122
-9421607.385338 -3351613.682474
-9418055.663311 -3361581.104595
-9414493.396431 -3371544.762947
-9410920.588686 -3381504.646375
-9400138.960319 -3411361.535619
-9389262.608881 -3441184.049346
-9381959.138078 -3461046.479237
-9370925.158878 -3490811.032797
-9356066.316894 -3530442.334025
-9344812.178687 -3560124.344045
-9329660.201063 -3599644.500879
-9322021.519961 -3619380.441647
-9314341.089552 -3639100.172774
-9310485.229099 -3648953.932120
-9291049.647384 -3698161.225507
-9287131.305617 -3707990.306383
-9271353.999940 -3747265.003680
-9251398.838066 -3796263.892174
-9247376.712986 -3806050.962365
-9243344.234152 -3815833.771140
-9239301.406078 -3825612.307546
-9227110.871742 -3854922.173090
-9214827.357900 -3884193.193457
-9210712.212541 -3893941.516992
-9206586.754478 -3903685.480706
-9194148.550318 -3932891.103844
-9185804.935684 -3952339.520278
-9164765.997066 -4000882.929933
-9147750.115396 -4039637.090911
-9139180.702232 -4058987.077087
-9117578.183037 -4107282.322438
-9108865.682431 -4126568.305435
-9091318.336398 -4165084.741788
-9069155.163233 -4213125.280027
-9051241.819313 -4251472.865763
-9033166.329164 -4289744.289541
-9028622.159162 -4299300.164806
-9024067.880331 -4308851.226392
-9014929.016596 -4327938.865758
-9010344.441923 -4337475.422168
-9005749.778887 -4347007.122156
-8987270.346170 -4385085.144539
-8963944.687772 -4432572.124011
-8959249.425907 -4442054.673727
-8954544.132888 -4451532.249930
-8930867.385248 -4498845.157051
-8916541.301700 -4527172.540901
-8902125.368185 -4555454.305458
-8892464.900893 -4574283.330358
-8868139.591140 -4621266.081070
-8843566.053331 -4668119.477945
-8818744.975304 -4714842.209507
-8813751.115890 -4724170.960829
-8793677.051825 -4761432.967942
-8788633.907301 -4770735.168025
-8768362.984571 -4807890.449128
-8763270.696099 -4817165.837594
-8758168.595899 -4826435.832558
-8742803.482106 -4854213.352673
-8732511.119289 -4872704.541781
-8716999.259869 -4900400.381954
-8696180.168988 -4937251.307003
-8675205.292542 -4974013.784888
-8664659.552045 -4992361.650277
-8638125.531499 -5038133.315233
-8611349.721220 -5083763.957821
-8600571.863640 -5101976.442356
-8573458.808375 -5147407.508746
-8568007.375361 -5156476.472919
-8562546.349242 -5165539.663682
-8546105.773463 -5192694.494074
-8518513.524541 -5237836.130714
-8501843.673477 -5264850.819516
-8479483.968312 -5300787.831176
-8451320.769597 -5345575.483462
-8445659.717205 -5354515.098605
-8422921.009999 -5390213.507767
-8400031.412462 -5425815.355286
-8388530.157854 -5443579.869054
-8382765.439098 -5452452.988615
-8365414.994507 -5479035.678811
-8342149.971005 -5514393.335741
-8324603.108268 -5540846.784546
-8295172.013318 -5584811.659266
-8283334.515751 -5602353.907079
-8271459.920707 -5619871.064369
-8259548.281367 -5637363.052684
-8241611.481044 -5663553.671992
-8211532.350469 -5707077.751109
-8205488.915423 -5715763.436224
-8175134.067689 -5759095.673394
-8144550.389814 -5802266.707742
-8119919.264875 -5836686.656992
-8107549.126370 -5853857.460128
-8095142.677654 -5871002.046365
-8063968.063726 -5913748.309424
-8032567.731302 -5956329.040780
-8026260.655833 -5964825.218280
-8019944.593823 -5973314.717309
-8013619.552343 -5981797.528362
-8000942.559311 -5998743.048556
-7994590.621954 -6007205.738725
-7988229.733514 -6015661.702971
-7956291.274703 -6057840.304274
-7924130.111378 -6099849.340595
-7911203.490225 -6116605.213373
-7885244.013380 -6150034.703110
-7852596.077648 -6191666.564125
-7819728.339935 -6233125.114228
-7813128.497006 -6241395.924733
-7806519.906168 -6249659.747106
-7779998.211854 -6282644.970356
-7746650.156807 -6323718.158492
-7733250.168105 -6340097.935955
-7713085.265309 -6364614.339461
-7686077.861017 -6397203.069653
-7658932.766388 -6429677.198736
-7645308.737065 -6445871.105984
-7617958.019480 -6478172.243267
-7604231.453712 -6494279.328639
-7597355.395954 -6502321.968926
-7576676.215597 -6526406.172159
-7542041.355034 -6566400.246631
-7507195.385224 -6606210.521022
-7500200.943882 -6614150.421739
-7479167.265972 -6637925.655475
-7458058.222189 -6661634.000337
-7443943.761414 -6677402.285089
-7436874.025242 -6685275.217423
-7401400.603433 -6724527.426333
-7365720.009053 -6763591.409025
-7329833.240837 -6802466.072060
-7308202.634101 -6825699.543557
-7300976.055937 -6833428.760925
-7293741.303291 -6841150.327297
-7257445.206664 -6879643.091925
-7235569.974733 -6902646.386767
-7220945.966920 -6917943.288494
-7198949.339149 -6940830.527565
-7176880.169195 -6963647.825458
-7154738.679447 -6986394.952250
-7117676.092195 -7024150.272211
-7110239.633748 -7031677.776369
-7102795.214376 -7039197.407563
-7065453.995676 -7076677.174705
-7057961.986100 -7084149.391619
-7027915.007883 -7113958.858608
-6990179.301753 -7151041.415720
-6975030.174585 -7165818.450368
-6952247.933545 -7187923.808063
-6929395.636278 -7209956.734678
-6891153.419425 -7246516.718393
-6860420.713404 -7275618.711498
-6837290.501026 -7297359.700918
-6814091.390821 -7319027.156497
-6790823.616560 -7340620.859898
-6759693.512140 -7369297.362838
-6751892.043132 -7376445.881174
-6720610.657534 -7404957.284809
-6689208.877221 -7433336.034171
-6649788.203962 -7468622.151538
-6610181.396510 -7503699.214736
-6570389.563500 -7538566.241922
-6554421.272461 -7552454.023899
-6514372.276029 -7587025.362374
-6482201.737392 -7614529.574159
-6474140.935832 -7621384.332455
-6457997.595578 -7635068.241706
-6441825.332742 -7648717.956785
-6433728.377984 -7655529.972400
-6409394.329168 -7675914.560053
-6384995.694336 -7696221.799254
-6360532.719350 -7716451.485371
-6336005.650716 -7736603.414554
-6319618.786070 -7749994.735402
-6278527.960368 -7783321.055364
-6253789.034852 -7803212.332595
-6237261.392418 -7816429.512421
-6204122.379697 -7842758.793801
-6179195.150537 -7862413.579275
-6162542.389817 -7875472.766362
-6145862.029731 -7888496.682608
-6112418.810402 -7914438.469421
-6078866.091661 -7940238.474987
-6045204.474579 -7965896.237118
-6019887.159915 -7985045.934864
-5986036.422929 -8010453.666514
-5969070.803197 -8023103.747704
-5960577.963744 -8029415.317327
-5943572.273208 -8042011.479297
-5918013.851188 -8060838.173363
-5900941.756983 -8073344.188172
-5892395.794684 -8079583.640188
-5883843.235008 -8085814.045960
-5840981.811407 -8116830.137364
-5823791.396056 -8129173.006845
-5797956.892909 -8147619.030610
-5754769.683826 -8178179.863889
-5720103.879535 -8202463.752272
-5676627.596738 -8232611.926233
-5650465.479650 -8250590.273628
-5615494.131575 -8274432.044452
-5580422.186122 -8298125.585012
-5562848.685649 -8309916.636199
-5545250.271579 -8321670.470858
-5509979.018024 -8345066.280200
-5474609.057315 -8368312.593920
-5448017.191313 -8385648.972093
-5430258.764951 -8397159.623687
-5412476.018806 -8408632.668030
-5385756.474238 -8425771.608595
-5358982.658623 -8442825.644568
-5323200.282561 -8465431.988490
-5296300.884638 -8482287.246927
-5260352.048253 -8504627.935920
-5251350.089702 -8510189.318422
-5215283.560048 -8532339.502639
-5206252.304249 -8537853.181245
-5170069.090864 -8559812.240680
-5142870.864803 -8576180.925561
-5106525.996432 -8597871.378880
-5070089.648466 -8619407.807763
-5051837.373549 -8630118.142367
-5042702.746603 -8635458.818696
-5006107.880957 -8656724.778126
-4987776.776843 -8667299.627011
-4978602.842865 -8672572.497997
-4932649.764803 -8698791.082546
-4905011.561990 -8714405.405806
-4858838.191304 -8740234.060408
-4812528.816900 -8765818.067158
-4793967.276329 -8775983.007817
-4784678.449553 -8781050.742046
-4756779.868086 -8796194.932275
-4719507.245688 -8816249.279478
-4682150.076848 -8836145.690168
-4635335.742028 -8860793.562581
-4607184.778242 -8875463.279127
-4578987.388900 -8890043.559640
-4569577.991425 -8894883.753051
-4550743.858138 -8904534.257198
-4522454.470562 -8918935.225782
-4494119.511237 -8933246.320276
-4465739.265687 -8947467.396470
-4456269.169648 -8952187.726341
-4427828.987404 -8966288.555378
-4380329.673770 -8989589.086776
-4361295.543006 -8998838.879909
-4351771.147657 -9003448.665840
-4313624.948713 -9021786.951699
-4284964.550123 -9035434.621765
-4246683.568578 -9053489.861284
-4198725.440040 -9075830.798288
-4189119.668137 -9080268.520591
-4141020.669170 -9102304.533331
-4112105.546070 -9115403.884523
-4083148.986213 -9128411.381856
-4073487.641846 -9132726.779649
-4044476.286947 -9145611.601436
-4005731.133913 -9162647.984224
-3986331.604085 -9171104.641332
-3957198.862034 -9183712.602554
-3947479.072221 -9187894.697611
-3908555.824220 -9204520.159626
-3889067.899520 -9212771.074597
-3850039.885110 -9229149.087704
-3810942.900114 -9245361.767506
-3801157.959262 -9249389.070027
-3761975.746106 -9265394.675118
-3742359.323242 -9273335.251987
-3712903.290651 -9285168.235109
-3703076.284210 -9289091.776558
-3673570.432197 -9300799.980630
-3634171.764477 -9316265.109274
-3584831.960894 -9335361.793319
-3565067.865982 -9342927.330925
-3525491.865546 -9357932.843634
-3485852.708560 -9372770.715974
-3456082.321466 -9383788.946223
-3446151.105130 -9387440.682135
-3406387.766479 -9401942.479317
-3386483.169007 -9409130.233238
-3356597.863308 -9419832.842680
-3346628.563488 -9423379.290788
-3296726.082370 -9440953.190109
-3256737.589716 -9454822.064520
-3216690.755044 -9468521.562864
-3196645.683601 -9475307.719199
-3156512.681366 -9488752.694236
-3136424.930313 -9495411.452724
-3106266.994315 -9505319.845225
-3066007.774880 -9518382.022402
-3015606.596583 -9534469.930450
-3005516.186557 -9537655.500821
-2995422.411428 -9540830.392430
-2985325.282497 -9543994.601721
-2965121.008455 -9550290.959192
-2944903.454916 -9556544.545034
-2904428.871592 -9568923.289998
-2894302.067625 -9571991.200442
-2884172.023075 -9575048.393680
-2843619.665938 -9587169.926287
-2803016.367480 -9599119.711913
-2772530.900925 -9607969.213284
-2731840.205952 -9619617.928439
-2721659.857016 -9622503.189020
-2701290.028689 -9628241.385679
-2691100.572105 -9631094.315332
-2680908.102451 -9633936.461604
-2629900.957662 -9647985.331295
-2599261.244825 -9656285.050740
-2568595.339822 -9664487.465988
-2537903.551665 -9672592.494386
-2496941.439358 -9683247.567238
-2466190.460355 -9691125.043732
-2414883.756835 -9704037.120754
-2363509.458315 -9716677.572116
-2312069.002811 -9729046.043998
-2270869.972912 -9738744.763373
-2239943.963233 -9745904.321384
-2208995.382146 -9752965.672125
-2178024.541513 -9759928.744441
-2167696.035337 -9762227.916740
-2126357.855875 -9771315.278342
-2074631.651364 -9782428.303400
-2043567.961843 -9788964.704468
-2002117.730392 -9797526.452817
-1950254.590973 -9807981.802103
-1939875.365859 -9810039.936969
-1919110.411356 -9814123.253201
-1867160.626083 -9824139.208929
-1856764.350828 -9826109.410417
-1825563.098163 -9831953.995754
-1783932.866646 -9839592.650476
-1742270.677306 -9847055.036253
-1721427.831663 -9850720.086388
-1669287.192635 -9859689.663904
-1627540.969306 -9866666.630288
-1606656.877313 -9870088.838434
-1596212.127149 -9871783.367008
-1543961.802485 -9880090.179369
-1533506.504686 -9881718.362718
-1502130.356251 -9886536.521595
-1449803.294778 -9894345.375337
-1439332.965821 -9895873.918634
-1397435.651868 -9901877.276501
-1376477.560209 -9904812.442759
-1324055.566115 -9911956.257866
-1313566.672926 -9913351.733686
-1282091.215995 -9917471.558511
-1229603.568147 -9924115.832919
-1219101.861407 -9925411.359310
-1177081.502470 -9930482.321446
-1135040.056999 -9935375.386416
-1103495.587905 -9938928.387280
-1061419.053462 -9943509.923209
-1029849.133112 -9946829.181354
-1008796.734594 -9948986.337727
-998268.835204 -9950048.207555
-945612.808490 -9955190.425925
-935078.379732 -9956185.435384
-903468.858923 -9959103.575170
-892930.313132 -9960053.988603
-840222.823766 -9964638.759455
-829678.456429 -9965522.247175
-819133.160149 -9966394.577075
-798039.827989 -9968105.759518
-766393.157882 -9970588.825518
-755842.535926 -9971394.188421
-703076.968333 -9975253.519415
-660850.273872 -9978139.952693
-608050.346379 -9981496.620060
-586925.527020 -9982761.062238
-555233.398952 -9984573.895399
-512968.580126 -9986834.495264
-470694.571851 -9988916.188458
-460124.722675 -9989408.653148
-428412.131436 -9990818.937687
-407267.985875 -9991703.197538
-386122.016337 -9992542.708865
-375548.377171 -9992945.682651
-343824.984151 -9994087.471114
-301521.792598 -9995453.196758
-248635.296062 -9996908.546623
-206321.016894 -9997871.355343
-153423.059150 -9998822.998979
-100520.806942 -9999494.765605
-47615.741057 -9999886.636418
5290.657641 -9999998.600447
37034.520554 -9999931.421979
47615.741057 -9999886.636418
89939.971473 -9999595.531897
121682.128393 -9999259.645575
164003.041640 -9998655.059673
195741.839977 -9998084.073065
238057.114235 -9997166.038951
248635.296063 -9996908.546623
280368.123877 -9996068.913083
301521.792599 -9995453.196758
354399.849240 -9993718.064207
386122.016338 -9992542.708865
407267.985876 -9991703.197537
460124.722676 -9989408.653148
481263.894019 -9988412.539754
502400.909989 -9987371.692575
512968.580126 -9986834.495264
555233.398952 -9984573.895399
597488.271187 -9982134.429359
618611.740774 -9980847.635055
650291.720917 -9978833.633131
681965.148217 -9976719.076762
703076.968334 -9975253.519415
755842.535926 -9971394.188421
798039.827989 -9968105.759518
829678.456429 -9965522.247175
850766.250354 -9963744.114903
861308.724387 -9962838.314521
871850.234064 -9961921.359324
924542.904021 -9957169.297477
977209.695103 -9952138.524548
998268.835205 -9950048.207555
1008796.734594 -9948986.337727
1050896.919381 -9944627.477429
1082459.744619 -9941241.416507
1114011.662155 -9937755.179948
1166573.088553 -9931722.269026
1177081.502471 -9930482.321445
1208598.789709 -9926695.772789
1229603.568148 -9924115.832919
1240103.898171 -9922809.195069
1261100.381046 -9920162.590851
1292584.486121 -9916109.385552
1345028.893344 -9909132.014262
1386957.382487 -9903350.403735
1428861.025326 -9897391.382092
1439332.965822 -9895873.918634
1460272.000475 -9892805.753912
1470739.071189 -9891255.056083
1491668.260793 -9888120.438169
1512590.769860 -9884941.535636
1554415.371599 -9878450.933853
1596212.127149 -9871783.367008
1648417.772247 -9863200.233603
1690149.137008 -9856134.936915
1721427.831664 -9850720.086388
1731850.224011 -9848893.074940
1763105.720071 -9843345.885412
1815158.577125 -9833880.177218
1835965.575225 -9830016.806018
1846365.996661 -9828068.610178
1887946.893299 -9820165.809602
1908724.705216 -9816148.429995
1950254.590973 -9807981.802103
2002117.730392 -9797526.452817
2053924.828543 -9786796.861011
2064279.395581 -9784618.059842
2105674.435292 -9775793.327017
2147031.753421 -9766793.468166
2178024.541514 -9759928.744441
2219314.064531 -9750622.804876
2270869.972913 -9738744.763373
2322362.317384 -9726594.124708
2363509.458315 -9716677.572116
2373789.656621 -9714171.228989
2394342.068340 -9709125.916362
2435414.630109 -9698904.864955
2466190.460355 -9691125.043732
2507186.189630 -9680600.054260
2527667.257249 -9675272.514851
2548137.004538 -9669901.644076
2599261.244826 -9656285.050740
2619690.649355 -9650762.710878
2650312.729204 -9642398.168372
2680908.102451 -9633936.461603
2731840.205953 -9619617.928439
2752191.716378 -9613815.098924
2803016.367481 -9599119.711913
2823324.338934 -9593166.300924
2874038.749284 -9578094.866288
2904428.871593 -9568923.289998
2924672.712428 -9562755.331241
2965121.008455 -9550290.959192
2985325.282498 -9543994.601721
2995422.411428 -9540830.392430
3045857.523085 -9524849.182484
3076077.757169 -9515132.454772
3086144.295352 -9511872.233597
3116323.132567 -9502027.685364
3136424.930313 -9495411.452723
3156512.681366 -9488752.694236
3186617.773618 -9478684.885830
3206670.014485 -9471919.943613
3236721.420319 -9461693.001110
3246731.322607 -9458262.827750
3286734.467965 -9444436.274182
3336655.516641 -9426915.188081
3346628.563488 -9423379.290788
3376525.177224 -9412708.309917
3386483.169007 -9409130.233238
3396437.369141 -9405541.621698
3436216.030338 -9391081.907472
3456082.321466 -9383788.946223
3495768.379919 -9369076.978761
3535391.814296 -9354197.171292
3574951.914772 -9339149.790375
3584831.960895 -9335361.793318
3604580.000893 -9327754.446659
3634171.764477 -9316265.109274
3644027.562448 -9312414.462647
3653879.280411 -9308553.389447
3663726.907336 -9304681.893996
3712903.290651 -9285168.235109
3722726.139968 -9281234.297592
3771777.644927 -9261408.823566
3810942.900115 -9245361.767506
3820723.574074 -9241324.113487
3869562.557365 -9220980.729545
3898814.044509 -9208650.772309
3928026.244187 -9196228.021585
3957198.862035 -9183712.602554
3976625.138842 -9175317.569715
4005731.133913 -9162647.984224
4034796.764139 -9149886.068804
4063821.736631 -9137031.952055
4073487.641847 -9132726.779649
4092805.758913 -9124085.763506
4112105.546070 -9115403.884523
4141020.669171 -9102304.533331
4150649.784997 -9097917.693753
4198725.440040 -9075830.798288
4217922.869884 -9066924.873611
4256260.972916 -9048991.243804
4275401.474404 -9039963.618990
4304076.297977 -9026346.283031
4342241.879882 -9008048.371129
4361295.543006 -8998838.879909
4380329.673771 -8989589.086776
4427828.987404 -8966288.555378
4475204.361696 -8942737.048636
4503569.543591 -8928485.950375
4522454.470563 -8918935.225782
4541319.143414 -8909344.557130
4550743.858139 -8904534.257198
4588391.659546 -8885193.412560
4635335.742028 -8860793.562581
4644709.030790 -8855883.807915
4682150.076848 -8836145.690168
4710175.853592 -8821238.202670
4747469.675257 -8801223.306025
4784678.449553 -8781050.742046
4803250.735576 -8770905.447626
4821801.509913 -8760720.872109
4849587.155296 -8745370.456601
4858838.191305 -8740234.060408
4886558.616964 -8724766.179272
4905011.561991 -8714405.405806
4932649.764804 -8698791.082546
4951047.636520 -8688332.826320
4969423.334632 -8677835.658804
4987776.776844 -8667299.627011
5006107.880958 -8656724.778126
5015265.030569 -8651422.812067
5042702.746604 -8635458.818696
5088319.216641 -8608658.870554
5124709.906299 -8587045.381054
5133793.259558 -8581617.957479
5151942.711874 -8570734.291388
5197215.219310 -8543357.300510
5242342.251518 -8515741.172555
5278338.286145 -8493476.610730
5323200.282561 -8465431.988489
5358982.658623 -8442825.644568
5385756.474239 -8425771.608594
5394669.032518 -8420068.053739
5430258.764952 -8397159.623686
5465751.218360 -8374100.764799
5501145.756922 -8350891.890158
5527627.022729 -8333387.036349
5554052.587891 -8315798.208888
5562848.685650 -8309916.636198
5580422.186123 -8298125.585012
5615494.131576 -8274432.044451
5624246.424101 -8268485.481694
5641732.107927 -8256564.589609
5659192.524872 -8244606.719937
5702732.511736 -8214550.620672
5711421.393010 -8208511.781771
5746112.873439 -8184264.587958
5763420.050930 -8172085.983183
5797956.892910 -8147619.030610
5815186.402723 -8135330.792389
5823791.396057 -8129173.006845
5858146.067523 -8104450.916105
5900941.756984 -8073344.188172
5909481.112339 -8067095.696898
5943572.273209 -8042011.479297
5960577.963745 -8029415.317327
5986036.422929 -8010453.666514
6028333.017530 -7978671.633158
6036772.125568 -7972288.398193
6070460.873088 -7946666.268839
6078866.091661 -7940238.474986
6104040.872841 -7920901.780901
6145862.029731 -7888496.682607
6162542.389817 -7875472.766362
6187511.157825 -7855870.777437
6204122.379697 -7842758.793801
6220705.815985 -7829611.685835
6245528.710014 -7809825.294614
6253789.034852 -7803212.332595
6270288.669266 -7789960.205551
6278527.960369 -7783321.055364
6303203.618581 -7763351.347370
6327815.760839 -7743303.409843
6368694.178049 -7709716.886273
6376848.506087 -7702973.655051
6384995.694337 -7696221.799253
6401268.614987 -7682692.244180
6433728.377985 -7655529.972400
6466072.885550 -7628230.557525
6482201.737393 -7614529.574159
6514372.276030 -7587025.362373
6546426.114559 -7559385.234702
6562409.091757 -7545514.357049
6578362.678759 -7531609.686296
6594286.804116 -7517671.284717
6610181.396511 -7503699.214736
6633967.755118 -7482678.118432
6641881.697806 -7475654.320014
6681339.686345 -7440409.934652
6720610.657534 -7404957.284808
6751892.043132 -7376445.881174
6790823.616561 -7340620.859898
6829565.108075 -7304590.367335
6868115.433263 -7268355.412015
6898817.328348 -7239220.915961
6921762.675587 -7217284.909358
6929395.636279 -7209956.734677
6944638.273791 -7195276.175811
6982608.647181 -7158433.940486
7012844.272605 -7128815.834919
7027915.007884 -7113958.858608
7057961.986100 -7084149.391618
7080414.274104 -7061708.979211
7110239.633749 -7031677.776368
7117676.092195 -7024150.272210
7154738.679447 -6986394.952250
7162127.197805 -6978820.387605
7176880.169196 -6963647.825458
7213621.831603 -6925580.125204
7220945.966920 -6917943.288494
7228262.017361 -6910298.706161
7242869.830855 -6894986.338876
7271988.079511 -6864269.034024
7279247.306964 -6856570.472478
7286498.384263 -6848864.234026
7315421.029693 -6817962.683847
7322631.234629 -6810218.190457
7337027.040254 -6794706.337332
7358559.117256 -6771381.522101
7380017.043725 -6747988.473192
7415614.888600 -6708849.068504
7429795.962431 -6693140.664639
7451005.163032 -6669521.876452
7458058.222189 -6661634.000337
7479167.265973 -6637925.655474
7514181.421193 -6598263.223712
7528128.245731 -6582346.474915
7548985.246995 -6558416.099993
7562847.666660 -6542425.786426
7590470.831875 -6510357.328938
7617958.019481 -6478172.243267
7624808.512123 -6470107.816216
7645308.737065 -6445871.105984
7658932.766389 -6429677.198736
7692842.639501 -6389066.608189
7713085.265310 -6364614.339460
7726537.182290 -6348277.181307
7753337.144691 -6315517.644719
7773345.992654 -6290873.713443
7799902.574821 -6257916.572095
7806519.906169 -6249659.747106
7826319.427565 -6224847.324852
7846040.084913 -6199972.176223
7872211.273950 -6166708.170353
7898241.438209 -6133333.692517
7904726.889450 -6124972.881834
7937021.243775 -6083066.149227
7956291.274703 -6057840.304273
7969093.432973 -6040989.145541
7994590.621954 -6007205.738724
8026260.655833 -5964825.218279
8045154.894381 -5939316.688426
8057706.026686 -5922277.736438
8082699.974291 -5888120.338919
8101350.437320 -5862433.035160
8113738.737865 -5845275.330869
8132253.037769 -5819489.713857
8150685.390802 -5793645.455166
8156811.265937 -5785017.715780
8181223.370929 -5750442.083437
8211532.350470 -5707077.751108
8241611.481044 -5663553.671991
8247599.651078 -5654829.793684
8253578.586751 -5646099.583989
8265508.728244 -5628620.209546
8295172.013318 -5584811.659265
8306972.360392 -5567244.399493
8324603.108268 -5540846.784546
8336310.348262 -5523217.339328
8347980.253523 -5505563.158005
8371207.850955 -5470180.903418
8394285.484457 -5434700.654630
8400031.412462 -5425815.355285
8405767.935437 -5416923.980968
8428619.848728 -5381297.933179
8439989.208695 -5363448.718605
8462614.480683 -5327678.307794
8485088.151260 -5291812.455609
8496268.010102 -5273843.939720
8507409.817828 -5255851.804562
8535097.536474 -5210768.661423
8557075.736135 -5174597.070888
8562546.349243 -5165539.663682
8573458.808376 -5147407.508745
8595168.487485 -5111074.121136
8622089.012285 -5065528.705302
8643451.702652 -5028990.223089
8669937.275908 -4983190.507278
8690951.040143 -4946450.244148
8701399.561221 -4928046.841902
8706609.210999 -4918836.859151
8711809.112489 -4909621.369062
8737662.192226 -4863461.669895
8742803.482107 -4854213.352672
8747934.983174 -4844959.600467
8753056.689683 -4835700.423640
8763270.696100 -4817165.837594
8768362.984571 -4807890.449127
8773445.455612 -4798609.677543
8783580.922651 -4780032.026591
8803733.797919 -4742812.584890
8828703.067031 -4696168.880501
8838621.618811 -4677474.519384
8853425.211956 -4649393.725671
8868139.591140 -4621266.081070
8873024.533224 -4611879.837203
8877899.540694 -4602488.429681
8882764.608092 -4593091.869018
8897300.115436 -4564871.373419
8902125.368185 -4555454.305458
8916541.301700 -4527172.540900
8921326.653360 -4517735.134340
8930867.385248 -4498845.157050
8945103.474468 -4470472.439357
8959249.425908 -4442054.673726
8977970.233923 -4404094.739988
8982625.318710 -4394592.402449
8987270.346170 -4385085.144538
8996530.208315 -4366055.910186
9014929.016596 -4327938.865758
9033166.329165 -4289744.289541
9037700.385252 -4280183.611297
9046738.135386 -4261047.888695
9069155.163233 -4213125.280027
9086906.040020 -4174702.219302
9100112.387151 -4145835.807315
9104494.131680 -4136204.371910
9108865.682432 -4126568.305435
9121919.123136 -4097632.427508
9126249.849948 -4087977.944696
9139180.702232 -4058987.077086
9143470.527523 -4049314.350890
9152019.461062 -4029955.307983
9160527.406660 -4010578.216646
9177420.181799 -3971770.235891
9185804.935685 -3952339.520278
9202450.988331 -3913425.073688
9206586.754478 -3903685.480705
9214827.357900 -3884193.193456
9218932.185949 -3874440.521013
9239301.406078 -3825612.307546
9251398.838067 -3796263.892173
9259412.008962 -3776677.011381
9263403.045805 -3766877.222710
9275313.908329 -3737452.595278
9291049.647384 -3698161.225506
9302742.239281 -3668649.183213
9310485.229099 -3648953.932119
9322021.519962 -3619380.441647
9333463.874925 -3589770.479497
9348574.026549 -3550234.312004
9363516.705460 -3510634.544719
9378291.643971 -3470971.887040
9389262.608881 -3441184.049345
9407337.244075 -3391460.743726
9410920.588686 -3381504.646374
9414493.396431 -3371544.762946
9418055.663312 -3361581.104594
9435708.745550 -3311706.579568
9453097.712906 -3261739.356578
9456543.769629 -3251734.911258
9470222.078646 -3211680.834255
9473615.157289 -3201658.297131
9490421.369029 -3151492.065401
9506961.934426 -3101237.620270
9510238.129070 -3091176.269379
9516758.570508 -3071043.195833
9523236.390494 -3050896.368410
9529671.560017 -3030735.877340
9539244.281694 -3000469.718924
9551858.366590 -2960067.861487
9564301.337086 -2919612.976647
9579614.081290 -2868970.904967
9588673.046323 -2838547.024575
9597635.388469 -2808094.540788
9609434.719777 -2767447.265321
9621061.905248 -2726750.413107
9623941.779352 -2716568.539103
9638179.455214 -2665613.773427
9649375.371568 -2624796.170862
9663127.157536 -2573708.129779
9673933.858537 -2532785.758933
9687198.507456 -2481569.075634
9695027.166176 -2450805.632260
9707857.793103 -2399478.499360
9720416.687426 -2348084.202668
9722895.827308 -2337797.410236
9725364.081026 -2327508.000308
9732703.497608 -2296624.180761
9744717.879729 -2245099.874057
9751795.603317 -2214155.033220
9756459.497495 -2193512.724772
9761079.696706 -2172860.592528
9770188.927651 -2131527.226663
9772438.893938 -2121187.889896
9783524.550877 -2069455.813103
9785708.829988 -2059102.400243
9794336.357223 -2017665.810181
9796465.829655 -2007300.986003
9800691.866532 -1986564.606876
9802788.426246 -1976193.075145
9806948.616489 -1955443.385410
9809012.242360 -1945065.250638
9817156.897068 -1903531.050010
9827090.385651 -1851565.432880
9829044.083725 -1841166.043623
9836748.804191 -1799547.988591
9846131.882339 -1747480.173162
9849807.959197 -1726639.269489
9855239.357452 -1695363.444023
9857027.757541 -1684934.356900
9862326.731788 -1653635.823109
9865804.173189 -1632760.857042
9872626.486589 -1590989.081140
9879271.939268 -1549188.803858
9880905.653929 -1538734.368939
9888908.244883 -1486436.586031
9895111.031859 -1444568.332474
9896634.035449 -1434097.196283
9901136.555320 -1402674.200556
9902615.226042 -1392196.712022
9905539.303681 -1371237.070400
9906984.707324 -1360754.940779
9911254.358165 -1329299.457517
9915424.135542 -1297830.579205
9922151.709803 -1245353.543240
9928601.553159 -1192841.648589
9931103.685146 -1171827.459514
9934773.485073 -1140296.365114
9939510.818010 -1098237.086723
9940667.332786 -1087719.163608
9944070.092044 -1056158.134236
9948451.225498 -1014060.261465
9952654.139888 -971944.222564
9957657.047917 -919274.777243
9960525.013499 -887660.664588
9964192.831720 -845494.655390
9967682.148878 -803313.499789
9971792.683281 -750566.906856
9973358.749509 -729462.304430
9976356.876055 -687243.393273
9977078.484879 -676686.712270
9980518.951889 -623892.178975
9981816.921718 -602769.393143
9983680.054237 -571080.182317
9985442.583474 -539385.216845
9987104.491668 -507684.816110
9988156.521573 -486548.353775
9990126.378955 -444268.986655
9991044.197610 -423126.271222
9992745.594296 -380835.250054
9993529.164706 -359687.133722
9993904.166360 -349112.465555
9994620.600467 -327961.968418
9994962.032117 -317386.163129
9995292.272984 -306810.002481
9995611.322699 -296233.498315
9996215.847256 -275079.506800
9997038.691926 -243346.239205
9997760.798701 -211610.519466
9998186.234087 -190452.168592
9998382.160306 -179872.667375
9998566.891914 -169292.964765
9999193.868278 -126972.377307
9999641.716560 -84649.515234
9999949.616133 -31743.894011
10000000.000000 0.000001
