2000
9999990.167211 14023.397495
9999911.505018 42070.082175
9999584.567486 91150.851341
9999203.554557 126207.268145
9999016.737083 140229.424656
9998463.665854 175283.549124
9997482.911283 224355.607473
9996261.314470 273422.261030
9995664.052850 294448.879384
9995455.136983 301457.467237
9995022.562874 315474.194874
9994570.332976 329490.302112
9994098.448179 343505.761389
9993095.717635 371534.625810
9992564.873862 385547.975833
9991444.234529 413572.373717
9990245.000227 441593.518346
9987957.249776 490622.030336
9986541.929809 518633.092055
9984662.311266 553641.156328
9981399.671599 609639.726236
9979201.029656 644629.203277
9975916.878365 693601.063976
9974934.404915 707590.006749
9972392.404365 742556.215626
9968627.692561 791493.478883
9965209.655638 833424.573183
9962226.558575 868355.915297
9957844.522778 917241.767569
9952542.748687 973084.187294
9946927.819365 1028895.989074
9941758.009706 1077704.818789
9938696.294004 1105583.997511
9936348.700234 1126487.686285
9931521.625581 1168280.018068
9930700.021262 1175243.416368
9927364.784816 1203091.197377
9923951.457464 1230929.514597
9920460.066056 1258758.149046
9914162.372411 1307434.301778
9906672.566304 1363025.555170
9902810.756163 1390805.208366
9899863.276470 1411632.780580
9893836.916939 1453269.094494
9891789.211520 1467142.186309
9890758.063767 1474077.651964
9884469.078726 1515675.107568
9875811.648071 1571096.525303
9869114.636101 1612630.242645
9863400.356581 1647219.902076
9858741.643360 1674877.072943
9852809.199952 1709429.983750
9844300.346730 1757768.666054
9836818.282389 1799168.163138
9829162.116237 1840535.816750
9823961.349029 1868096.200088
9818683.304311 1895641.888556
9810621.432888 1936932.394423
9807895.549022 1950688.314281
9803770.560297 1971314.992852
9796799.189805 2005673.361898
9791135.392453 2033142.328184
9781038.446552 2081174.405731
9776639.038609 2101744.301467
9775162.955167 2108598.871273
9770705.872619 2129156.347188
9769210.570130 2136006.750096
9758609.012142 2183929.977850
9757075.306997 2190771.885337
9755536.804889 2197612.715755
9744633.038988 2245468.088277
9735100.101175 2286443.968283
9730269.008541 2306916.778173
9727024.359877 2320559.652835
9722121.522468 2341015.399856
9710514.314159 2388705.037152
9698673.176765 2436337.129854
9688337.658048 2477117.967247
9684854.370720 2490701.872554
9676062.841992 2524640.148182
9665356.031842 2565325.082273
9650814.213782 2619500.908771
9641571.345005 2653319.053410
9635968.734335 2673594.313076
9626536.313789 2707360.079358
9624635.627602 2714109.252757
9611198.385086 2761315.918638
9609259.870451 2768054.324277
9601458.578559 2794994.304864
9591600.760741 2828638.337885
9589615.046459 2835362.985707
9573559.687893 2889109.707566
9567461.239984 2909241.382458
9559264.128432 2936063.576094
9555137.370350 2949466.025188
9548912.003155 2969558.815043
9534221.882601 3016390.739498
9527855.784956 3036439.385378
9523588.296770 3049797.690607
9510673.493846 3089836.515652
9506331.141636 3103170.672966
9497590.361546 3129820.653692
9479884.740101 3183046.546061
9473168.200721 3202980.524581
9470920.038024 3209622.039018
9464147.616695 3229537.101413
9459609.402549 3242805.876276
9452767.203751 3262697.073235
9448182.499248 3275949.856287
9441270.607078 3295816.943328
9427321.527607 3335507.280029
9422634.743477 3348724.308005
9410836.733975 3381738.009733
9408463.247205 3388335.775271
9391719.389435 3434473.308983
9377187.419997 3473953.956266
9372306.535886 3487100.543058
9357553.335036 3526499.054581
9352598.784150 3539618.056049
9350114.610938 3546174.948072
9342634.514882 3565835.150610
9335113.079968 3585479.575205
9330075.840419 3598567.049818
9317402.490224 3631254.719126
9307181.348169 3657372.739043
9286519.507832 3709522.264478
9265565.468584 3761555.070365
9246991.507907 3806986.741860
9225491.379975 3858796.288742
9211906.349557 3891115.702081
9192697.129474 3936282.444866
9173266.454670 3981354.361474
9156435.685349 4019911.135842
9142286.235899 4051987.460604
9122288.268295 4096810.558242
9102070.542141 4141534.962533
9090419.075882 4167047.038953
9066901.713676 4217972.654552
9043099.062799 4268765.552289
9037103.911295 4281442.852176
9031090.987805 4294111.732360
9006861.810996 4344702.558014
9000760.205642 4357328.966296
8976176.899594 4407748.661982
8969986.912354 4420331.977601
8951311.159517 4458029.668532
8945050.685673 4470578.064495
8923000.579527 4514428.054335
8903929.379527 4551927.240675
8887916.316733 4583115.048388
8865314.548014 4626683.257450
8855562.665823 4645321.288316
8845771.599945 4663938.764779
8822773.642243 4707299.146829
8802891.918930 4744374.970808
8799563.141384 4750546.128689
8782854.393265 4781366.824111
8755895.946524 4830557.542733
8745715.455062 4848964.959565
8718378.412261 4897946.290092
8708056.250981 4916274.639373
8680342.238349 4965043.667999
8676858.764647 4971128.843469
8669879.021298 4983291.859410
8652355.100081 5013656.472287
8638259.383689 5037903.812114
8624095.716787 5062111.522645
8616988.436691 5074200.457405
8606295.747539 5092315.142043
8581198.129836 5134494.975799
8566763.780372 5158542.268055
8548626.092370 5188544.298052
8523056.860150 5230439.920183
8504667.378844 5260288.278719
8486173.366881 5290071.983181
8463842.892201 5325726.569788
8445119.714727 5355366.747846
8414946.825563 5402653.970314
8395954.253164 5432122.253666
8376858.486300 5461523.770937
8369191.337635 5473265.602368
8342226.805876 5514277.098525
8318954.372288 5549324.116665
8287695.496847 5595900.584494
8275906.135427 5613321.444351
8264080.155157 5630717.466641
8244288.955018 5659655.433519
8224396.424527 5688523.837713
8192358.219343 5734567.708726
8176242.389194 5757522.070574
8172203.377291 5763253.591522
8147885.002172 5797583.116383
8143817.907634 5803294.744134
8127509.511282 5826112.695788
8094701.048860 5871610.931388
8069927.499379 5905613.444408
8040844.535145 5945150.894774
8032499.507336 5956421.044944
8007369.711463 5990161.125041
7994751.639727 6006991.444899
7969409.427815 6040572.271884
7965172.000432 6046158.698176
7931131.781017 6090742.867019
7914018.022119 6112963.172274
7909729.850021 6118510.741976
7901141.841730 6129596.854351
7866634.597393 6173820.544128
7844941.805443 6201361.791511
7814409.967726 6239791.411282
7779285.970101 6283526.859606
7774878.236975 6288979.917301
7770466.681411 6294429.883086
7748351.643012 6321633.239618
7739478.946647 6332492.845192
7712769.606705 6364996.857335
7681436.212133 6402775.782341
7663448.283856 6424294.544981
7636353.406241 6456477.883102
7609123.372835 6488546.948044
7572607.252617 6531126.962294
7554259.768808 6552339.990063
7535852.861475 6573501.475637
7522008.771373 6589338.665100
7484928.647534 6631428.438981
7480277.048600 6636675.016617
7475621.772066 6641918.331402
7461633.899762 6657628.672878
7447613.011564 6673309.555984
7424171.664479 6699378.709727
7400639.067084 6725365.521572
7367540.681133 6761608.115815
7358051.364954 6771933.262422
7329496.671009 6802828.716767
7296018.939367 6838721.198908
7286421.554773 6848945.971910
7257543.501613 6879539.397532
7252717.990602 6884626.478524
7218839.706367 6920141.132505
7204267.158062 6935310.715121
7179908.771437 6960525.126299
7145658.840656 6995681.505969
7126010.110759 7015695.254311
7091490.044771 7050586.425604
7081595.754256 7060524.171285
7046856.195254 7095196.809350
7006946.020733 7134613.336582
6966815.373732 7173805.374300
6961783.603699 7178688.533101
6936573.462751 7203051.339249
6896060.031442 7241847.557271
6880811.484964 7256337.458277
6865532.492588 7270795.251774
6860432.741055 7275607.370211
6819513.516799 7313975.348208
6814383.499989 7318755.188902
6778379.717598 7352113.193093
6762899.486742 7366355.308579
6726662.694955 7399460.047078
6705883.144735 7418297.058568
6695473.578143 7427693.690803
6664165.958167 7455795.871804
6627491.366059 7488414.931934
6601197.427267 7511603.858447
6595928.892931 7516230.573858
6585382.098393 7525472.916579
6548366.468396 7557704.452781
6532454.283400 7571462.278536
6511193.086365 7589753.921707
6479205.308456 7617079.399013
6457816.379579 7635221.516606
6425637.791482 7662322.035303
6398735.402118 7684802.226061
6371754.366056 7707187.963106
6339273.776133 7733925.781337
6317557.681291 7751674.976646
6312120.886002 7756102.753348
6306680.987425 7760526.716844
6268515.030171 7791387.509072
6246638.052060 7808938.022968
6213730.506016 7835148.575401
6180712.983177 7861220.453568
6175199.411519 7865552.251938
6164163.163001 7874204.245503
6130981.771283 7900067.247827
6086571.220647 7934333.669313
6041969.156981 7968350.438208
6025194.294898 7981042.144277
6013996.237810 7989483.666145
5974710.046122 8018905.153746
5940921.573058 8043969.844720
5935279.921947 8048133.463613
5918337.471608 8060600.571431
5907027.951646 8068892.165501
5873029.781766 8093671.674987
5867353.297909 8097787.677972
5838927.665153 8118307.934608
5827537.297943 8126488.112406
5810430.266281 8138728.409321
5799011.290648 8146868.604006
5764686.029144 8171192.996460
5758955.216292 8175233.012994
5747485.099417 8183300.986275
5741745.801034 8187328.939056
5713007.022563 8207408.285211
5701491.830205 8215411.791877
5678427.831217 8231370.321256
5661100.508796 8243296.733062
5626370.793802 8267040.080383
5614772.062594 8274922.034987
5608968.554899 8278856.910839
5597353.269592 8286714.449973
5568266.948452 8306286.967760
5527431.200851 8333516.923836
5515739.343809 8341260.066151
5492323.111679 8356697.124876
5445361.220374 8387373.914381
5398227.991614 8417786.796454
5368683.375083 8436660.406708
5321274.888381 8466642.401937
5309396.546899 8474096.312161
5273698.968582 8496357.995563
5237908.051087 8518469.301956
5219977.788040 8529468.441373
5184048.050032 8551353.449306
5172051.049813 8558614.837585
5148026.559576 8573087.106865
5135999.116804 8580297.959406
5129981.606349 8583897.058942
5087788.580152 8608972.491748
5075710.873109 8616098.834890
5069668.274973 8619655.653315
5051525.537759 8630300.675027
5003035.848278 8658500.580403
4960478.184318 8682952.043107
4942202.544163 8693367.242471
4905585.740724 8714082.197249
4875005.386462 8731226.860068
4825952.345649 8758435.017600
4807518.224018 8768567.073686
4758256.791308 8795396.085906
4745917.979071 8802060.130216
4721212.379514 8815336.276486
4708845.640779 8821948.352338
4671689.960645 8841680.434827
4665489.290765 8844953.910437
4659286.327145 8848223.037519
4653081.072836 8851487.814465
4640663.704355 8858004.311530
4628237.209741 8864503.388818
4597131.206788 8880674.786725
4584672.963269 8887112.794371
4540998.270706 8909508.106817
4497214.184188 8931688.786648
4453321.758484 8953654.299525
4440761.314299 8959890.565706
4434477.815782 8963002.092008
4403027.682552 8978493.594511
4358906.665337 8999996.260159
4346281.326815 9006100.078734
4333647.441080 9012186.186294
4283026.923163 9036353.267522
4264009.399214 9045342.660365
4225917.833968 9063201.336203
4206843.961217 9072070.540178
4175012.850015 9086763.323770
4149510.995468 9098437.145933
4117587.799416 9112928.767092
4066405.582117 9135882.313259
4027934.864502 9152908.866985
4021516.128815 9155730.884298
4002248.071563 9164169.922785
3957220.550621 9183703.257060
3944337.987445 9189243.594595
3931447.667500 9194765.860951
3912097.699098 9203015.353280
3899188.098169 9208492.394257
3879809.327254 9216673.997932
3834525.582125 9235605.749491
3828048.909404 9238292.133680
3808607.611863 9246324.029519
3782659.682229 9256969.575862
3769674.546423 9262265.047711
3724168.359213 9280655.689780
3672051.495458 9301399.777168
3652477.795561 9309103.391462
3639419.678438 9314216.252815
3600202.487085 9329444.895169
3554368.611010 9347002.930195
3534699.244840 9354458.896619
3528139.309555 9356935.022344
3482171.375246 9374139.027848
3462445.087784 9381443.066719
3429533.939664 9393524.203231
3376788.594323 9412613.812818
3363585.591502 9417339.962465
3317323.161489 9433735.582591
3264354.022542 9452195.132112
3251095.623817 9456763.571370
3204641.050947 9472606.596634
3191354.087129 9477091.277948
3151455.644362 9490433.463315
3104837.014082 9505787.032960
3078164.142606 9514457.709779
3044789.027580 9525190.800059
3038109.500628 9527323.373445
3024745.969046 9531574.467146
2977926.937919 9546305.628484
2971232.622318 9548391.314985
2931036.167674 9560806.816571
2904209.667070 9568989.821799
2884074.787925 9575077.682069
2857208.446860 9583128.919679
2803408.549893 9599005.182955
2789944.726836 9602927.075699
2736034.833672 9618425.723003
2702297.325630 9627958.722590
2648248.400568 9642965.332764
2614425.399989 9652190.416061
2573795.419239 9663103.908160
2533119.884893 9673846.373018
2505977.909923 9680912.907106
2499189.327745 9682667.643996
2485608.480626 9686162.835769
2472022.745415 9689638.979144
2431236.478444 9699953.050705
2376787.977780 9713438.058107
2342719.579122 9721711.010599
2294975.540428 9733092.379549
2247176.215112 9744239.275502
2199322.754673 9755151.429925
2192482.194049 9756691.131156
2158263.289542 9764317.670632
2130869.046182 9770332.497312
2124017.857875 9771824.197120
2082888.916685 9780673.481962
2034858.609795 9790778.847372
1986779.282575 9800648.350101
1966159.137387 9804805.875002
1938652.093270 9810281.752389
1924892.838978 9812990.755037
1869818.238380 9823633.734796
1862929.741013 9824942.380495
1856040.327756 9826246.195865
1828473.583579 9831413.141261
1787096.566630 9839018.541579
1738783.455070 9847671.404773
1704248.376177 9853706.788427
1655864.170108 9861952.841611
1600519.157411 9871085.980112
1593597.454150 9872205.789697
1565902.840387 9876636.486905
1524337.892071 9883136.849746
1517407.757828 9884203.240347
1468876.120479 9891531.880487
1448065.946786 9894599.790480
1399484.116623 9901587.963924
1371707.858829 9905474.120406
1350868.572485 9908337.605263
1302220.485534 9914848.551897
1288315.218853 9916664.958386
1260497.112203 9920239.262746
1225710.561071 9924597.403446
1204831.371735 9927153.739400
1197870.452708 9927996.090779
1142162.186890 9934559.151711
1135196.090815 9935357.559514
1128229.436633 9936151.082704
1072476.522385 9942323.375798
1037613.703290 9946022.210047
988784.427054 9950995.194292
967850.233903 9953053.095645
925969.092752 9957036.770007
905022.330065 9958962.525388
877087.099947 9961461.650737
870102.205807 9962074.189216
842158.385822 9964475.362667
814207.941229 9966798.153291
765279.384064 9970674.373598
730319.058690 9973296.048575
688354.857301 9976280.248190
667368.141481 9977706.137371
618387.814772 9980861.511440
576392.775953 9983374.748442
520383.650241 9986450.863874
506378.741555 9987170.799085
485369.519966 9988213.875818
471362.173367 9988884.707590
443344.726836 9990167.438696
401312.086949 9991944.185636
394305.936323 9992223.117434
338250.041843 9994277.708229
331242.270523 9994512.422235
282183.504377 9996017.830609
261156.168984 9996589.291123
233117.940350 9997282.432036
198067.601683 9998038.268839
184046.760445 9998306.196050
141982.175396 9998992.002291
113937.676659 9999350.889225
71869.317007 9999741.736729
64857.779955 9999789.671207
29799.685340 9999955.598839
8764.625185 9999996.159067
-26293.848624 9999965.431616
-75375.072498 9999715.925887
-124454.480564 9999225.524123
-152498.586329 9998837.141446
-180541.492506 9998370.105646
-208582.978501 9997824.420397
-236622.823736 9997200.089990
-250642.062140 9996858.434363
-257651.498227 9996680.234231
-306713.811054 9995295.225160
-341753.865357 9994158.508625
-376789.719171 9992898.954134
-404815.088489 9991802.877566
-439842.296288 9990322.254782
-467860.190804 9989049.346252
-516882.517934 9986632.688882
-558891.789570 9984369.783194
-593891.991228 9982349.037314
-607890.052115 9981506.383534
-656873.670414 9978402.526513
-677861.874312 9976998.711003
-719829.191138 9974058.649095
-775765.667049 9969863.972484
-817702.101572 9966512.091654
-824690.120318 9965936.293467
-845651.730112 9964179.502165
-901530.811121 9959279.200655
-957381.525601 9954065.531954
-964360.782856 9953391.797799
-1006226.249832 9949246.641538
-1041100.566169 9945657.826968
-1082932.817158 9941189.894249
-1117778.416402 9937332.207983
-1131712.833274 9935754.931710
-1187427.971012 9929250.465854
-1201350.986050 9927575.525188
-1222231.070317 9925026.509322
-1257019.147210 9920680.564535
-1291791.774111 9916212.684908
-1305696.403133 9914391.403553
-1312647.756454 9913473.451191
-1354342.204453 9907863.402028
-1389069.298294 9903054.401776
-1444596.959081 9895106.852673
-1451534.756509 9894091.512142
-1479278.775798 9889981.511786
-1513942.410736 9884734.613381
-1520872.918414 9883670.652447
-1569365.345202 9876086.897819
-1624738.899829 9867128.432699
-1666235.612104 9860205.823661
-1700793.709203 9854303.666862
-1707702.833681 9853108.698875
-1728425.156085 9849494.732209
-1769846.765666 9842136.070288
-1818132.334696 9833330.809727
-1859485.148659 9825594.892011
-1873262.142546 9822977.600774
-1928333.008491 9812315.313338
-1969596.434867 9804115.966458
-1983343.199733 9801344.282907
-1990215.121221 9799951.212698
-2038290.985387 9790064.854683
-2052017.978274 9787196.851849
-2058879.963126 9785755.632420
-2100030.497431 9777007.308469
-2106885.325877 9775532.426605
-2120591.871916 9772568.245490
-2134294.247689 9769584.846056
-2189061.509309 9757459.183028
-2202742.629718 9754379.780756
-2243759.892445 9745026.503045
-2284737.442874 9735500.748145
-2339311.148657 9722531.735601
-2373382.445594 9714270.727489
-2380193.217834 9712604.194848
-2434636.987510 9699100.099445
-2475419.636015 9688771.729462
-2495794.575685 9683543.227351
-2502583.772630 9681790.870545
-2550073.514074 9669391.142819
-2597501.823512 9656758.476676
-2631340.943000 9647592.696714
-2644867.558384 9643893.176441
-2658388.972483 9640174.690895
-2692169.577634 9630795.552043
-2719170.257311 9623207.007633
-2773107.235606 9607802.884106
-2800043.109944 9599987.426161
-2853848.569586 9584130.025301
-2880717.731643 9576088.207123
-2907564.233320 9567971.061261
-2914272.293303 9565930.012314
-2941090.172554 9557718.796706
-2961188.410992 9551511.042479
-3014719.415325 9534750.486870
-3061481.288670 9519838.880943
-3081499.580023 9513377.966754
-3134814.790510 9495943.145849
-3174736.559820 9482670.919933
-3227878.057461 9464713.585004
-3254410.823904 9455623.204700
-3267667.620188 9451050.117525
-3307399.348477 9437219.375944
-3353678.997078 9420872.421626
-3373488.465165 9413797.085948
-3419652.357107 9397126.037067
-3459155.881359 9382656.371650
-3511731.889646 9363105.207955
-3531419.494220 9355697.534435
-3577296.321326 9338252.032872
-3629621.392325 9318038.878883
-3668790.338131 9302686.571891
-3681832.257845 9297532.534232
-3727421.789438 9279349.481705
-3766427.103148 9263586.070020
-3811849.000732 9244988.220415
-3844237.055453 9231567.660018
-3857179.069776 9226167.656383
-3863647.234016 9223460.849978
-3876577.860751 9218033.634650
-3895959.498823 9209858.825385
-3928223.878488 9196143.602645
-3941116.133665 9190625.855782
-3973312.808043 9176752.439150
-4011884.319139 9159955.469861
-4024725.743998 9154320.438219
-4076012.042575 9131600.398002
-4127170.090059 9108593.033379
-4171826.910110 9088226.462412
-4216383.229650 9067640.953452
-4241798.447817 9055779.697414
-4279858.649632 9037854.277381
-4286194.670268 9034851.147007
-4330487.637055 9013704.944434
-4336806.712456 9010666.320467
-4362061.661556 8998467.539575
-4368370.045184 8995406.780593
-4380980.366349 8989271.996645
-4387282.297687 8986197.974694
-4399879.686382 8980036.678397
-4425048.481164 8967661.118672
-4431335.248769 8964556.202792
-4450182.467509 8955215.017289
-4469009.995287 8945834.207162
-4481550.699905 8939558.340555
-4512863.849672 8923791.787930
-4519119.835830 8920625.309327
-4569087.482961 8895135.725387
-4581556.992679 8888719.565991
-4631344.687633 8862880.253300
-4637557.935322 8859630.714456
-4643768.903004 8856376.819868
-4680986.658038 8836762.071442
-4699564.508380 8826896.024740
-4711938.194558 8820296.959324
-4749003.558058 8800395.741417
-4792140.203017 8776980.817720
-4804443.800089 8770251.978808
-4816737.948944 8763505.892689
-4835161.403939 8753354.454028
-4859692.716346 8739758.961361
-4890303.076923 8722667.929931
-4920853.330905 8705469.688404
-4939154.475894 8695099.370522
-4987850.465127 8667257.221147
-5036389.512412 8639142.357854
-5042445.782222 8635608.868711
-5078731.236580 8614318.837063
-5084770.090473 8610755.665273
-5120950.612652 8589287.794851
-5169050.209595 8560427.555367
-5205018.255165 8538605.563170
-5252832.236087 8509274.557771
-5258797.393280 8505589.337397
-5288584.339147 8487100.546578
-5324242.839571 8464776.322223
-5359807.106240 8442302.279822
-5389371.556844 8423459.753705
-5401178.810030 8415893.741135
-5424761.428014 8400712.079886
-5448301.373592 8385464.336727
-5483530.876230 8362469.080925
-5495252.507187 8354771.084970
-5501109.271581 8350915.924743
-5536192.961443 8327698.811417
-5577000.047217 8300425.921201
-5588634.580678 8292596.910718
-5623472.147414 8269012.093791
-5669767.305923 8237338.083185
-5692848.076616 8221403.820307
-5727385.211199 8197381.206370
-5733131.561461 8193363.320333
-5738875.093090 8189341.406115
-5750353.689151 8181285.501048
-5756088.747941 8177251.514160
-5801867.104567 8144835.056706
-5841773.463675 8116260.394979
-5870191.900590 8095730.174002
-5892874.718581 8079234.341886
-5921163.033912 8058525.195458
-5943741.303490 8041886.552121
-5960644.332523 8029366.048522
-5977520.987171 8016810.016954
-5994371.192759 8004218.512973
-6039175.201175 7970468.172543
-6083789.187870 7936467.042555
-6111575.810152 7915089.457281
-6155878.020242 7880683.079524
-6188977.642286 7854715.510016
-6232939.977178 7819875.909558
-6249375.365063 7806747.565187
-6271246.188881 7789189.382628
-6287616.942639 7775980.528694
-6309401.324458 7758315.211883
-6320274.914368 7749459.659022
-6325707.049714 7745026.166593
-6352821.023573 7722801.631691
-6390649.334133 7691527.877356
-6412196.448326 7673573.920154
-6422951.101078 7664574.296930
-6465843.189920 7628425.253180
-6471190.423783 7623889.722389
-6487213.025905 7610260.649710
-6492547.518038 7605710.139495
-6529799.440504 7573751.994012
-6561604.491931 7546214.050202
-6603830.477569 7509289.115724
-6624865.632480 7490737.971094
-6666779.439153 7453459.056685
-6703281.988616 7420647.585022
-6718876.555648 7406530.755351
-6760316.537120 7368725.827301
-6765481.605136 7363983.884458
-6770643.346975 7359238.321190
-6791257.001819 7340219.910551
-6796402.074734 7335456.280188
-6806682.193899 7325918.202605
-6827202.254836 7306798.845703
-6837442.156256 7297217.603982
-6842557.065889 7292421.600542
-6857881.600309 7278012.088211
-6893520.724192 7244264.767741
-6903672.866379 7234590.586482
-6939098.318543 7200619.037665
-6979379.808326 7161582.052252
-6989415.916830 7151787.548687
-6999438.280245 7141978.980719
-7004444.301384 7137069.428611
-7014446.010216 7127239.800214
-7039389.889220 7102604.451013
-7069208.309442 7072926.825417
-7093961.439124 7048099.821954
-7128469.270668 7013196.550586
-7162805.375335 6978124.329294
-7172584.033424 6968072.781155
-7192099.014497 6947928.595320
-7216413.164742 6922671.524472
-7221265.360725 6917609.889984
-7226114.006448 6912544.854525
-7264775.077211 6871902.435100
-7279214.111777 6856605.713829
-7298416.044371 6836162.903506
-7327111.250562 6805397.910621
-7365169.709675 6764190.649862
-7402996.424853 6722770.554883
-7440590.205886 6681138.928961
-7445272.991339 6675920.167620
-7454627.578776 6665472.801067
-7491899.145434 6623552.460323
-7519698.185515 6591975.363937
-7542762.406238 6565571.969223
-7579472.209447 6523158.822704
-7597737.750352 6501875.196962
-7602294.802816 6496546.292537
-7638616.481539 6453800.295016
-7665700.074492 6421607.459814
-7674697.812368 6410851.229661
-7710537.660007 6367700.447855
-7719459.757850 6356881.393179
-7728366.674929 6346049.837328
-7750567.436912 6318916.394912
-7781488.402573 6280799.172129
-7785890.397981 6275341.481595
-7807842.914035 6248006.804554
-7834059.234512 6215103.853529
-7864469.664795 6176578.089162
-7877444.751756 6160021.443390
-7881762.037851 6154496.500827
-7894690.637740 6137903.529250
-7907584.305565 6121283.398960
-7933266.616973 6087961.956519
-7950310.179836 6065687.763511
-7979985.850135 6026593.219360
-8001065.100939 5998579.602751
-8022046.010849 5970492.257747
-8038759.760001 5947969.529259
-8042928.321990 5942331.529571
-8076134.294197 5897122.591748
-8092642.052417 5874448.451681
-8104981.102235 5857412.511717
-8113187.215173 5846040.815078
-8141782.858807 5806149.488261
-8166137.326723 5771845.559360
-8190347.262204 5737439.474584
-8194368.169561 5731695.238032
-8214412.236757 5702931.842887
-8230374.808838 5679870.641665
-8262105.601952 5633614.383519
-8269997.719382 5622022.565005
-8297491.954327 5581364.283747
-8301403.400097 5575544.958913
-8317008.351001 5552240.276625
-8344159.516290 5511352.099685
-8371109.668375 5470331.152686
-8386419.254401 5446831.380666
-8394049.316366 5435065.415836
-8409259.903176 5411501.444223
-8416840.398109 5399703.483782
-8439482.510223 5364245.982395
-8443241.684240 5358327.151408
-8446996.707225 5352405.686056
-8461975.251966 5328693.539238
-8480604.813763 5298994.432227
-8506511.034594 5257306.346251
-8521222.622351 5233427.655020
-8528553.287240 5221472.859903
-8554078.441389 5179550.368378
-8572184.564575 5149529.278571
-8590185.327252 5119444.896027
-8593772.817034 5113420.456916
-8604509.929106 5095332.067678
-8629415.047765 5053038.287348
-8650596.855370 5016689.550476
-8671625.556092 4980252.023234
-8689032.248118 4949820.056444
-8695965.033794 4937630.214084
-8706332.143462 4919327.251537
-8723525.029493 4888773.983301
-8750810.540817 4839763.927995
-8771094.027151 4802906.366658
-8791222.273922 4765963.798698
-8807876.970022 4735113.861456
-8811194.924881 4728936.877962
-8831011.626533 4691826.259788
-8853933.541431 4648425.630675
-8863691.957238 4629791.019818
-8866936.049156 4623574.926416
-8883091.086878 4592460.423589
-8886308.998930 4586230.737276
-8908711.966880 4542559.971114
-8918247.572154 4523810.367574
-8930900.321393 4498779.773376
-8955994.963426 4448612.616883
-8968436.658818 4423476.449216
-8990039.811647 4379404.546853
-8996172.385007 4366793.150499
-9002287.266873 4354173.166594
-9014463.908063 4328907.535421
-9032595.884155 4290945.303024
-9041601.941692 4271935.665245
-9050567.992365 4252907.125201
-9059493.996500 4233859.767090
-9080165.381425 4189343.223700
-9088957.612856 4170233.747849
-9106421.387788 4131959.524007
-9112206.844721 4119185.164450
-9115092.854016 4112794.945371
-9129455.652098 4080813.582653
-9132314.752150 4074411.278659
-9152202.659488 4029539.239127
-9157844.443368 4016700.779381
-9177448.790196 3971704.130889
-9199583.011462 3920162.294501
-9207808.754253 3900802.218148
-9229544.785555 3849091.198119
-9232241.384207 3842618.771584
-9245656.267015 3810228.364837
-9258957.511690 3777791.126666
-9274768.772876 3738805.184774
-9290415.879962 3699753.069781
-9305898.556010 3660635.472872
-9318674.981223 3627987.953995
-9321216.526993 3621453.086388
-9323753.490085 3614916.438332
-9341383.812254 3569110.319415
-9348870.800423 3549452.740494
-9356316.422138 3529779.456118
-9366179.513025 3503524.130042
-9371083.434610 3490386.119268
-9373528.485212 3483814.538249
-9392922.887247 3431180.501552
-9404894.344469 3398229.299116
-9414388.288629 3371838.245072
-9428490.327221 3332201.997103
-9444731.776991 3285885.217212
-9449330.417639 3272637.263476
-9453910.475632 3259382.873910
-9465279.262487 3226218.914323
-9472044.701477 3206301.478842
-9485449.815303 3166424.134788
-9492089.430825 3146464.402661
-9503062.108581 3113167.287578
-9509589.658894 3093170.625662
-9518227.600309 3066487.134935
-9535278.798160 3013047.998517
-9539494.739297 2999673.335369
-9554102.744460 2952815.732195
-9562346.860695 2926007.948684
-9564396.139212 2919302.398215
-9572546.220893 2892465.876871
-9580621.002752 2865606.602733
-9588620.421270 2838724.787084
-9592591.849589 2825275.492265
-9604392.917177 2784894.377257
-9606343.240750 2778159.380040
-9608288.841464 2771423.016971
-9619863.212336 2730976.341156
-9623683.510006 2717483.339277
-9629378.468806 2697233.824588
-9640640.538502 2656699.081075
-9646207.599567 2636414.031606
-9651731.978537 2616117.316654
-9662652.592601 2575489.249581
-9668048.779374 2555158.077231
-9678712.793022 2514461.904702
-9683980.572710 2494097.084594
-9692664.973583 2460131.238344
-9696105.382815 2446536.409978
-9709676.273137 2392109.251453
-9719653.970652 2351239.394616
-9726210.208592 2323969.659499
-9735901.095967 2283030.847261
-9739093.107768 2269375.561301
-9748554.203316 2228383.033731
-9753220.059076 2207871.934519
-9760900.573903 2173665.104470
-9766958.611134 2146280.384384
-9768461.117741 2139431.557957
-9777375.277907 2098316.628866
-9788991.609497 2043439.078906
-9794684.294338 2015976.084740
-9805838.478214 1961002.738186
-9809941.770446 1940371.732546
-9820671.624416 1885313.991192
-9827220.887102 1850872.668798
-9828516.247854 1843981.660884
-9832373.335052 1823303.211252
-9836186.916417 1802616.693951
-9843683.494343 1761219.822512
-9852209.293860 1712884.126255
-9858153.850638 1678333.297398
-9866272.654617 1629927.576537
-9871926.292301 1595327.953549
-9880719.706194 1539927.948843
-9889202.224758 1484479.490541
-9895359.927696 1442862.398619
-9899367.770732 1415103.437841
-9907149.813865 1359552.340157
-9913703.396223 1310909.978492
-9916438.974001 1290053.516302
-9918238.316701 1276146.031273
-9922651.332356 1241366.398974
-9924382.393067 1227450.249980
-9928624.651183 1192649.376772
-9932744.876819 1157833.844739
-9934358.786585 1143903.623303
-9935953.159860 1129971.152314
-9936743.019333 1123004.081799
-9941379.571544 1081190.184239
-9946566.492531 1032383.169982
-9949422.872620 1004482.205804
-9952200.988290 976573.340141
-9955563.540304 941676.481057
-9956221.368372 934695.706618
-9958165.482066 913750.639829
-9958803.728732 906768.047850
-9963733.415118 850891.551527
-9967224.948826 808966.513209
-9971075.438168 760035.924393
-9975181.862380 704092.900436
-9978055.711644 662120.997501
-9979873.502179 634133.172526
-9980752.959335 620137.375689
-9984074.493971 564142.268252
-9984467.599350 557141.595591
-9985239.083639 543139.431973
-9987081.881237 508129.410164
-9989131.205177 466109.177931
-9990089.570193 445095.921702
-9992153.845033 396057.492287
-9993731.636610 354016.914041
-9995132.549166 311970.070050
-9996543.358814 262908.492352
-9996725.245026 255899.150946
-9997560.952609 220850.625687
-9997860.829830 206830.431407
-9998401.599608 178788.850187
-9998524.503190 171778.226517
-9999330.763174 115690.486376
-9999409.423845 108679.226714
-9999778.148489 66610.667342
-9999969.887095 24540.929027
-9999999.385451 3505.850451
-9999999.385451 -3505.850451
-9999925.639615 -38564.260164
-9999615.909087 -87645.140933
-9999409.423845 -108679.226715
-9998642.491103 -164767.518394
-9998401.599608 -178788.850188
-9997713.348855 -213840.581114
-9996902.216453 -248889.683730
-9995560.209193 -297953.191621
-9994218.261975 -340001.958824
-9992429.092415 -389051.195947
-9991873.685113 -403063.593912
-9991588.612794 -410069.497373
-9989775.026504 -452100.563864
-9987081.881237 -508129.410165
-9984467.599350 -557141.595591
-9983676.480028 -571142.663558
-9981612.788764 -606140.359316
-9978974.419026 -648127.722304
-9978055.711644 -662120.997502
-9976640.859103 -683108.460262
-9972652.120616 -739059.998352
-9970540.072656 -767027.156997
-9966655.275597 -815955.033937
-9963733.415118 -850891.551527
-9959437.079256 -899785.010069
-9957522.339573 -920732.782571
-9954900.817687 -948656.792532
-9952200.988290 -976573.340142
-9950821.714888 -990528.746939
-9947287.923624 -1025408.681706
-9946566.492531 -1032383.169982
-9941379.571544 -1081190.184240
-9939083.284438 -1102099.571279
-9937527.993510 -1116036.459172
-9933554.273566 -1150869.016928
-9929458.460551 -1185687.429381
-9926942.388948 -1206571.509072
-9921778.484235 -1248323.559724
-9917341.083229 -1283100.089199
-9916438.974000 -1290053.516302
-9909987.725776 -1338709.555870
-9908100.655871 -1352605.409250
-9903297.743093 -1387333.345539
-9902322.552080 -1394276.900250
-9898373.109128 -1422044.230148
-9897373.581092 -1428984.323320
-9893326.814503 -1456737.636446
-9890240.666351 -1477545.113237
-9881797.028670 -1532999.505597
-9874153.777247 -1581482.590253
-9870805.269410 -1602249.460410
-9869679.393642 -1609170.179541
-9865127.372897 -1636845.110732
-9859328.224346 -1671420.642630
-9852209.293860 -1712884.126255
-9842446.159985 -1768121.485589
-9833649.363659 -1816408.597373
-9823305.818708 -1871540.219217
-9814001.656098 -1919732.141239
-9809941.770446 -1940371.732547
-9804461.071363 -1967877.816361
-9800299.931969 -1988497.232449
-9790422.001445 -2036574.828880
-9783221.922224 -2070885.998916
-9772939.819251 -2118878.781171
-9769958.821787 -2132581.679700
-9759374.065617 -2180508.621256
-9748554.203315 -2228383.033731
-9743845.212601 -2248884.272896
-9742265.967079 -2255715.812483
-9732689.937955 -2296681.643510
-9722941.649985 -2337606.825577
-9709676.273137 -2392109.251453
-9704622.968901 -2412528.348327
-9699526.724096 -2432936.770357
-9685726.978366 -2487306.354382
-9680473.479175 -2507674.863093
-9668048.779374 -2555158.077231
-9659031.380569 -2589037.038974
-9657213.650966 -2595809.026026
-9644356.653788 -2643177.015361
-9629378.468805 -2697233.824589
-9627484.882146 -2703984.993310
-9625586.562235 -2710734.832646
-9619863.212335 -2730976.341156
-9610229.718364 -2764685.291361
-9602437.871706 -2791628.005310
-9586627.635405 -2845447.342702
-9580621.002752 -2865606.602734
-9564396.139212 -2919302.398215
-9562346.860695 -2926007.948685
-9549952.499238 -2966210.926804
-9543691.920467 -2986292.773191
-9539494.739297 -2999673.335370
-9528919.729661 -3033098.875024
-9520375.389469 -3059812.485037
-9518227.600308 -3066487.134936
-9503062.108581 -3113167.287578
-9498687.046187 -3126490.748204
-9485449.815303 -3166424.134788
-9478768.228999 -3186369.856267
-9465279.262487 -3226218.914324
-9463014.807666 -3232854.891562
-9451622.770031 -3266010.871543
-9449330.417638 -3272637.263476
-9440114.562733 -3299126.709066
-9433153.935700 -3318976.773855
-9414388.288629 -3371838.245072
-9404894.344469 -3398229.299116
-9402509.295963 -3404822.893975
-9397725.332189 -3418005.058616
-9390514.737287 -3437765.694284
-9373528.485212 -3483814.538249
-9366179.513025 -3503524.130042
-9358789.097798 -3523218.219603
-9351357.272231 -3542896.719789
-9338878.962707 -3575659.340585
-9333855.490760 -3588752.105901
-9316128.854024 -3634521.037940
-9295595.055685 -3686721.112414
-9285218.434099 -3712777.751370
-9274768.772876 -3738805.184774
-9269516.578065 -3751807.885404
-9258957.511690 -3777791.126667
-9237620.963385 -3829668.254148
-9234933.443925 -3836144.455866
-9226843.649294 -3855561.732289
-9218713.028149 -3874961.948799
-9213269.950414 -3887885.906350
-9210541.616466 -3894345.019556
-9194076.566296 -3933059.380825
-9185783.000661 -3952390.500035
-9180231.374171 -3965268.202366
-9166273.348049 -3997428.286893
-9149375.017477 -4035955.498957
-9132314.752150 -4074411.278659
-9123723.988200 -4093612.168629
-9112206.844720 -4119185.164451
-9091879.421605 -4163859.817886
-9074281.570563 -4202072.581255
-9056523.113845 -4240210.972156
-9035602.346085 -4284610.862543
-9029584.981444 -4297277.633907
-9026569.639433 -4303607.852078
-9020525.643440 -4316261.937839
-8999232.038129 -4360484.230440
-8993108.309010 -4373099.923670
-8977721.638727 -4404601.477721
-8968436.658818 -4423476.449216
-8952873.527947 -4454891.198737
-8927743.716376 -4505040.747286
-8908711.966880 -4542559.971115
-8883091.086878 -4592460.423589
-8876642.162522 -4604913.019650
-8870175.781736 -4617356.559883
-8853933.541431 -4648425.630675
-8847406.163511 -4660837.282921
-8821122.791356 -4710391.990038
-8817817.837176 -4716575.939214
-8807876.970022 -4735113.861457
-8804554.684862 -4741288.516983
-8801228.071036 -4747460.841504
-8794561.863927 -4759798.485394
-8774459.525126 -4796755.157597
-8771094.027150 -4802906.366659
-8750810.540817 -4839763.927996
-8733789.308679 -4870413.156151
-8723525.029493 -4888773.983301
-8706332.143462 -4919327.251538
-8695965.033794 -4937630.214084
-8678601.034841 -4968086.561048
-8661130.367417 -4998481.845382
-8654112.281331 -5010622.777871
-8650596.855370 -5016689.550477
-8625869.887390 -5059087.732567
-8611646.855169 -5083260.611248
-8582997.679631 -5131486.220526
-8568571.761676 -5155538.571771
-8546806.540978 -5191540.999655
-8539517.832779 -5203521.421466
-8524890.050382 -5227451.542473
-8502822.677787 -5263269.564645
-8480604.813763 -5298994.432228
-8473165.484439 -5310881.911069
-8469439.570247 -5316821.735391
-8458236.851545 -5334625.512927
-8428180.100477 -5381986.640072
-8420624.439429 -5393800.520050
-8416840.398108 -5399703.483782
-8390236.347869 -5440949.735744
-8367271.978238 -5476199.379331
-8355734.233298 -5493787.893838
-8332547.878429 -5528891.919155
-8313113.241940 -5558070.548913
-8281805.396757 -5604614.114303
-8258153.449300 -5639406.139640
-8234355.340814 -5674098.353148
-8226390.230483 -5685640.137734
-8206406.711687 -5714445.632114
-8202397.896277 -5720198.313971
-8174223.385589 -5760388.185053
-8141782.858807 -5806149.488262
-8121377.373059 -5834657.621863
-8109086.152077 -5851728.101868
-8080267.194649 -5891458.398655
-8051253.581257 -5931046.768514
-8022046.010849 -5970492.257748
-8005269.158462 -5992968.020988
-7975758.221845 -6032187.064960
-7971526.672358 -6037777.944897
-7941796.207404 -6076830.835235
-7907584.305565 -6121283.398960
-7873123.592799 -6165543.357444
-7851459.779490 -6193107.405095
-7838415.153408 -6209609.318051
-7816597.065045 -6237051.412545
-7785890.397981 -6275341.481595
-7750567.436911 -6318916.394912
-7728366.674928 -6346049.837329
-7715000.605427 -6362292.484494
-7692647.992245 -6389300.968604
-7665700.074491 -6421607.459814
-7652175.207512 -6437718.120075
-7634089.392359 -6459154.677624
-7625023.956568 -6469853.913480
-7597737.750352 -6501875.196963
-7570317.071802 -6533781.403780
-7551962.152150 -6554987.997891
-7538156.969671 -6570859.114348
-7505815.271168 -6607778.531028
-7468631.966772 -6649777.180095
-7454627.578775 -6665472.801067
-7445272.991339 -6675920.167620
-7421822.506240 -6701981.101575
-7417121.453405 -6707183.413732
-7379381.949446 -6748682.985901
-7355676.774237 -6774512.469023
-7350924.880839 -6779668.383945
-7336647.525970 -6795116.119661
-7298416.044371 -6836162.903506
-7293620.937611 -6841278.653764
-7255131.191971 -6882083.360966
-7230959.099527 -6907476.420587
-7192099.014497 -6947928.595321
-7153012.631175 -6988162.154548
-7138297.145688 -7003193.118846
-7113701.179409 -7028175.832325
-7079120.004872 -7063006.438948
-7039389.889219 -7102604.451013
-7004444.301383 -7137069.428611
-6994428.817906 -7146885.021549
-6959266.435019 -7181128.789154
-6923936.401400 -7215199.561299
-6898598.491097 -7239429.456707
-6857881.600309 -7278012.088211
-6832323.885066 -7302010.019821
-6811817.235093 -7321143.760076
-6786108.590053 -7344979.932172
-6760316.537120 -7368725.827302
-6724068.141534 -7401817.859689
-6682443.106160 -7439418.937856
-6651086.273286 -7467466.195792
-6630116.285053 -7486090.972375
-6593293.409544 -7518542.545977
-6572180.395965 -7537005.031370
-6566894.058220 -7541611.394663
-6524487.347307 -7578328.632016
-6497878.818179 -7601155.890012
-6476534.476152 -7619350.443392
-6439059.390283 -7651046.606080
-6422951.101078 -7664574.296930
-6417575.352268 -7669075.993753
-6390649.334132 -7691527.877356
-6347404.464739 -7727254.141091
-6309401.324457 -7758315.211883
-6303959.875239 -7762737.267960
-6287616.942639 -7775980.528695
-6254847.686401 -7802363.771315
-6227455.382238 -7824244.338096
-6188977.642285 -7854715.510016
-6155878.020242 -7880683.079524
-6144820.572161 -7889307.963056
-6122669.445335 -7906511.168850
-6083789.187869 -7936467.042555
-6050346.567322 -7961991.359911
-6022395.890600 -7983153.996817
-5994371.192759 -8004218.512973
-5949378.572374 -8037717.001897
-5921163.033912 -8058525.195458
-5875866.941088 -8091612.181181
-5847462.906335 -8112162.323267
-5801867.104567 -8144835.056706
-5784721.536739 -8157021.315553
-5738875.093089 -8189341.406116
-5727385.211198 -8197381.206370
-5698611.279306 -8217410.144770
-5652427.449422 -8249246.264297
-5629268.748652 -8265067.050874
-5623472.147413 -8269012.093791
-5611870.653623 -8276889.981569
-5582818.686314 -8296513.455407
-5571178.666245 -8304334.306179
-5530352.467569 -8331578.576984
-5495252.507186 -8354771.084971
-5471798.461594 -8370150.631602
-5460055.286349 -8377815.721894
-5424761.428013 -8400712.079886
-5407078.454924 -8412104.527542
-5401178.810030 -8415893.741136
-5353886.299206 -8446058.340739
-5336108.096663 -8457301.601618
-5300480.937448 -8479675.809354
-5294533.939798 -8483390.263351
-5252832.236086 -8509274.557771
-5216987.163167 -8531297.963343
-5205018.255165 -8538605.563170
-5193039.111194 -8545896.371336
-5169050.209595 -8560427.555367
-5157040.499143 -8567667.902656
-5145020.647074 -8574891.401131
-5126971.905148 -8585695.026253
-5120950.612651 -8589287.794852
-5090806.444491 -8607188.260095
-5048499.572966 -8632071.133961
-5012139.702084 -8653233.823652
-4993926.460169 -8663757.759219
-4981772.017860 -8670752.421910
-4945250.004987 -8691634.045919
-4926956.135854 -8702017.193466
-4884185.801306 -8726094.719766
-4853563.464534 -8743164.283927
-4816737.948944 -8763505.892690
-4773667.144938 -8787041.708638
-4724302.614437 -8813680.548285
-4687181.580237 -8833477.731556
-4637557.935322 -8859630.714456
-4612691.295078 -8872602.719400
-4587788.370358 -8885504.930436
-4575323.362524 -8891929.831501
-4525373.600209 -8917454.444993
-4506605.644812 -8926953.879244
-4462736.345723 -8948965.544048
-4418759.538030 -8970761.625697
-4399879.686382 -8980036.678397
-4355751.133365 -9001523.874555
-4305190.076144 -9025815.110463
-4260837.975304 -9046837.002412
-4254493.556778 -9049822.350485
-4229094.997113 -9061719.235630
-4210024.234945 -9070595.126075
-4171826.910110 -9088226.462412
-4139939.373973 -9102796.382422
-4088813.640933 -9125875.465385
-4043973.033043 -9145834.139542
-3999035.004679 -9165572.487922
-3979746.295264 -9173964.215394
-3973312.808042 -9176752.439150
-3966877.367383 -9179536.151252
-3947559.356425 -9187860.203959
-3934670.973296 -9193386.989130
-3889500.863972 -9212588.291526
-3837763.211732 -9234260.854594
-3811849.000731 -9244988.220416
-3798880.638155 -9250324.637387
-3779414.094668 -9258295.150892
-3766427.103147 -9263586.070020
-3753432.704730 -9268858.771772
-3707894.350030 -9287169.616682
-3662266.671088 -9305256.731001
-3616550.767087 -9323119.679007
-3596931.501975 -9330706.498980
-3557645.312020 -9345756.247296
-3505165.897473 -9365565.227534
-3472310.152029 -9377796.234090
-3419652.357107 -9397126.037068
-3373488.465164 -9413797.085948
-3360283.806237 -9418518.606530
-3333854.689786 -9427906.072262
-3294161.908525 -9441848.194100
-3267667.620187 -9451050.117526
-3247780.024137 -9457902.775712
-3227878.057460 -9464713.585004
-3214602.139477 -9469230.860258
-3207961.808216 -9471482.515268
-3188031.364531 -9478209.536551
-3181384.744222 -9480442.558722
-3174736.559819 -9482670.919933
-3141472.290813 -9493742.773325
-3128155.749007 -9498138.849793
-3121495.169580 -9500329.884077
-3074828.326852 -9515536.283384
-3021404.155695 -9532634.312085
-3001345.491405 -9538968.772421
-2947791.035714 -9555654.242895
-2907564.233319 -9567971.061261
-2874002.557285 -9578105.726119
-2826956.958507 -9592096.452536
-2820230.572864 -9594076.272153
-2813502.800683 -9596051.374943
-2800043.109944 -9599987.426161
-2766369.850320 -9609744.942049
-2746149.547376 -9615542.764891
-2739406.741744 -9617465.919008
-2705672.577903 -9627010.745875
-2651628.917256 -9642036.303871
-2644867.558383 -9643893.176441
-2590730.155198 -9658577.393330
-2583957.213179 -9660391.561446
-2577183.000785 -9662200.980132
-2563630.778193 -9665805.565658
-2536511.235086 -9672957.704564
-2522943.967904 -9676505.243879
-2468625.550978 -9690505.037874
-2455033.743223 -9693957.361142
-2414229.459127 -9704199.921615
-2380193.217833 -9712604.194848
-2346127.721643 -9720889.090702
-2339311.148657 -9722531.735601
-2312033.389255 -9729054.507349
-2284737.442874 -9735500.748145
-2264253.677042 -9740285.174778
-2250592.261577 -9743450.850296
-2223256.179762 -9749724.711968
-2216419.418306 -9751281.195933
-2168531.765388 -9762042.305916
-2120591.871916 -9772568.245490
-2106885.325877 -9775532.426605
-2052017.978274 -9787196.851849
-2017692.988711 -9794330.758317
-1997086.064240 -9798553.324446
-1969596.434866 -9804115.966458
-1962721.598246 -9805494.578438
-1928333.008490 -9812315.313338
-1873262.142545 -9822977.600774
-1845704.497986 -9828192.860649
-1804340.876299 -9835870.780064
-1776747.341614 -9840892.687356
-1756043.006781 -9844608.319194
-1721518.560518 -9850704.230957
-1707702.833681 -9853108.698875
-1673148.883492 -9859035.085325
-1645490.896412 -9863688.950379
-1638574.368672 -9864840.294619
-1617819.965527 -9868265.225415
-1610900.235842 -9869397.166502
-1597058.403927 -9871646.491566
-1583213.431305 -9873876.403467
-1569365.345202 -9876086.897819
-1534731.687199 -9881528.153495
-1493146.435450 -9887897.335749
-1437658.451432 -9896117.328378
-1430719.236973 -9897122.938761
-1409897.386858 -9900110.573046
-1368235.063438 -9905954.411927
-1347394.774480 -9908810.590666
-1319598.464426 -9912550.624975
-1291791.774111 -9916212.684908
-1250062.754150 -9921559.510011
-1236148.127711 -9923302.767041
-1222231.070316 -9925026.509322
-1187427.971011 -9929250.465854
-1173502.620827 -9930905.880075
-1152610.277058 -9933352.382213
-1117778.416401 -9937332.207984
-1068990.826586 -9942698.759023
-1020177.484474 -9947825.787587
-999249.888744 -9949949.731523
-943421.602462 -9955398.318501
-922478.247661 -9957360.789014
-908513.737772 -9958644.626066
-852638.106445 -9963584.107109
-838664.938022 -9964769.998436
-803724.861472 -9967648.987954
-796735.646990 -9968210.085508
-761783.767708 -9970942.056358
-754792.254535 -9971473.745264
-698847.078838 -9975550.749728
-691852.349658 -9976038.308180
-649876.951971 -9978860.653767
-593891.991227 -9982349.037314
-572892.718644 -9983576.209602
-516882.517933 -9986632.688882
-481867.771725 -9988383.425288
-460856.053593 -9989374.940299
-439842.296287 -9990322.254782
-411820.941871 -9991516.577169
-383796.347979 -9992632.304017
-369782.905117 -9993160.691347
-362775.909264 -9993417.515528
-341753.865356 -9994158.508625
-313722.137281 -9995077.709582
-285687.941397 -9995918.286988
-250642.062140 -9996858.434363
-215593.102247 -9997675.710597
-180541.492505 -9998370.105646
-138476.669607 -9999041.164630
-117443.292538 -9999310.329870
-75375.072497 -9999715.925887
-26293.848623 -9999965.431616
8764.625186 -9999996.159067
43822.991269 -9999903.976811
99915.077405 -9999500.836407
106926.403317 -9999428.320873
163014.828571 -9998671.220000
170025.557270 -9998554.461015
177036.202377 -9998432.786344
226108.088052 -9997443.429823
233117.940351 -9997282.432036
261156.168985 -9996589.291123
268165.413772 -9996403.718881
275174.526718 -9996213.232012
317226.242773 -9994967.109045
366279.429702 -9993289.717574
415323.792854 -9991371.584877
429334.682001 -9990779.335509
450349.424027 -9989854.122873
464358.150737 -9989212.757162
492372.837047 -9987871.093949
541389.085855 -9985334.138511
555391.384493 -9984565.108708
597391.617019 -9982140.214198
653375.351347 -9978632.203376
660371.908747 -9978171.623205
695349.756982 -9975795.142016
744304.290066 -9972262.086597
765279.384065 -9970674.373598
793240.892645 -9968488.796515
814207.941230 -9966798.153291
828183.977862 -9965646.556988
877087.099948 -9961461.650737
932950.441072 -9956385.060578
946911.758254 -9955066.957187
960871.213279 -9953729.276582
988784.427055 -9950995.194292
1037613.703291 -9946022.210047
1072476.522385 -9942323.375798
1086417.983115 -9940809.623263
1114294.467649 -9937723.473682
1121262.227770 -9936939.720889
1163057.092224 -9932134.624552
1204831.371736 -9927153.739400
1211791.698419 -9926306.507440
1246584.326940 -9921997.153589
1274407.418627 -9918461.863180
1288315.218854 -9916664.958385
1309172.160249 -9913933.036632
1316123.191324 -9913012.647286
1371707.858829 -9905474.120406
1427249.365758 -9897623.919302
1468876.120479 -9891531.880487
1489679.794757 -9888420.202899
1524337.892071 -9883136.849745
1552050.900731 -9878822.703214
1572827.657128 -9875536.094865
1579751.700605 -9874430.847620
1628198.067648 -9866558.217155
1642032.733454 -9864265.228706
1683517.247165 -9857269.889706
1724971.964310 -9850100.086920
1759494.271316 -9843992.071777
1780197.302233 -9840269.181538
1835366.626520 -9830128.653596
1876705.816471 -9822320.259410
1883592.471899 -9821001.954984
1904246.868351 -9817018.073956
1945530.292430 -9808920.016049
1973033.490265 -9803424.852892
2027993.108721 -9792203.222512
2069171.041424 -9783584.782754
2082888.916686 -9780673.481962
2089746.319957 -9779210.618359
2124017.857875 -9771824.197120
2158263.289543 -9764317.670632
2213000.628739 -9752057.640170
2267668.336211 -9739490.762712
2288150.423436 -9734699.155071
2308622.386157 -9729864.473780
2335902.430669 -9723351.265608
2390407.181028 -9710095.442831
2410827.163395 -9705045.717988
2444836.717593 -9696534.093392
2458432.148829 -9693096.067284
2472022.745416 -9689638.979144
2485608.480627 -9686162.835769
2499189.327746 -9682667.643996
2539902.273520 -9672067.847207
2560241.933767 -9666703.742258
2607656.930503 -9654021.200142
2655009.108034 -9641106.089877
2688792.999295 -9631738.794576
2715796.337742 -9624159.716666
2742778.313119 -9616504.932931
2783210.756183 -9604880.940786
2803408.549894 -9599005.182954
2857208.446861 -9583128.919679
2870644.440037 -9579112.719813
2917625.786212 -9564907.724156
2957839.612083 -9552548.603864
2998001.087161 -9540020.413048
3011376.489127 -9535806.816454
3058143.587384 -9520911.605458
3078164.142607 -9514457.709779
3131485.462205 -9497041.581461
3138143.733517 -9494843.543091
3144800.461994 -9492640.836682
3197998.355170 -9474851.266396
3217921.712654 -9468103.286891
3237830.831626 -9461313.413357
3257725.623993 -9454481.675839
3270980.816206 -9449903.941311
3323936.998849 -9431407.255955
3350375.973996 -9422047.592369
3363585.591503 -9417339.962465
3416357.655098 -9398324.338543
3429533.939665 -9393524.203231
3449285.712715 -9386289.366521
3501882.254957 -9366793.510718
3554368.611010 -9347002.930194
3560921.575762 -9344508.415710
3606743.129402 -9326918.247659
3639419.678439 -9314216.252814
3691608.947431 -9293655.006468
3730674.761527 -9278042.133107
3776168.042583 -9259619.587984
3795637.379216 -9251655.899648
3841000.369642 -9232914.824713
3892730.420626 -9211224.124530
3924999.606661 -9197520.214042
3970095.331696 -9178144.859243
4002248.071564 -9164169.922784
4040766.391848 -9147251.333953
4053589.972792 -9141575.812325
4085613.994195 -9127308.381469
4136747.815274 -9104247.223842
4175012.850016 -9086763.323769
4225917.833968 -9063201.336203
4244973.008072 -9054292.029791
4295694.749132 -9030338.123364
4333647.441080 -9012186.186293
4352595.066031 -9003050.382574
4358906.665338 -8999996.260159
4396731.149425 -8981578.658548
4403027.682553 -8978493.594511
4415614.251607 -8972310.225410
4453321.758485 -8953654.299525
4503475.711332 -8928533.279181
4528499.648272 -8915867.368663
4559729.452679 -8899936.365973
4603356.939881 -8877449.232975
4653081.072837 -8851487.814464
4659286.327146 -8848223.037518
4702658.797311 -8825247.885248
4727392.268700 -8812023.736795
4770586.246160 -8788714.744941
4789062.830302 -8778660.331020
4825952.345650 -8758435.017600
4844365.113629 -8748264.207593
4868882.113341 -8734642.921516
4893360.813320 -8720952.926754
4899474.481410 -8717519.704940
4911694.588260 -8710640.405370
4917801.021012 -8707194.330996
4942202.544164 -8693367.242470
4948296.857992 -8689899.781078
4990888.769364 -8665508.022721
5033360.448788 -8640907.509780
5051525.537760 -8630300.675026
5063623.184389 -8623208.233977
5075710.873110 -8616098.834890
5123961.573794 -8587491.938295
5172051.049813 -8558614.837585
5196034.855522 -8544075.244297
5225957.112656 -8525806.252589
5261779.002523 -8503745.158964
5273698.968583 -8496357.995563
5309396.546900 -8474096.312160
5321274.888382 -8466642.401937
5339072.772197 -8455430.322176
5380509.160412 -8429123.393018
5392324.364659 -8421569.802970
5427706.258660 -8398809.723390
5474732.574962 -8368231.786503
5498181.227275 -8352844.018180
5539112.187881 -8325757.393179
5562441.460038 -8310189.227909
5574089.699287 -8302380.623911
5603162.289614 -8282787.716478
5614772.062595 -8274922.034986
5649535.039680 -8251227.413872
5655319.164427 -8247264.100807
5684198.025664 -8227386.754312
5718760.407048 -8203400.478264
5764686.029145 -8171192.996459
5781861.451554 -8159048.851124
5827537.297944 -8126488.112406
5861673.929431 -8101899.699764
5890041.897700 -8081299.799125
5895706.815172 -8077167.891627
5929635.352819 -8052293.125725
5935279.921948 -8048133.463612
5969085.961316 -8023092.470265
6013996.237811 -7989483.666145
6030788.881484 -7976815.496611
6064294.040372 -7951373.327414
6103247.695255 -7921512.959679
6119897.164493 -7908657.199299
6147586.067921 -7887153.196021
6186223.516152 -7856884.790310
6208235.207063 -7839503.531078
6246638.052061 -7808938.022967
6273976.576794 -7786990.298815
6284890.413751 -7778184.395291
6312120.886003 -7756102.753348
6350113.134403 -7725028.361132
6360940.004808 -7716115.749212
6387952.406749 -7693767.870758
6420263.621231 -7666825.616505
6425637.791482 -7662322.035302
6436376.652052 -7653303.573811
6452461.203490 -7639747.667132
6463168.380752 -7630691.612302
6505869.777671 -7594317.509558
6521830.097661 -7580615.553980
6548366.468397 -7557704.452780
6553664.094666 -7553111.076522
6569537.630824 -7539308.676343
6574822.353322 -7534700.460022
6585382.098394 -7525472.916578
6622239.084641 -7493060.089567
6658936.539241 -7460466.752580
6700680.008599 -7422997.199404
6711082.983995 -7413593.270603
6747389.331720 -7380564.829753
6788683.213135 -7342600.372600
6814383.499989 -7318755.188902
6850223.121920 -7285220.873791
6890980.569662 -7246681.087818
6921406.434828 -7217626.546444
6961783.603699 -7178688.533100
6991922.797057 -7149336.724479
7026928.745703 -7114933.056805
7051829.402479 -7090254.020719
7071687.537376 -7070448.032036
7091490.044771 -7050586.425604
7111236.768896 -7030669.357657
7135841.492230 -7005695.268691
7150562.246444 -6990669.464346
7170140.690523 -6970586.953629
7175026.494744 -6965557.752235
7194534.412368 -6945406.725978
7209128.219252 -6930257.593941
7247888.913869 -6889710.174762
7252717.990603 -6884626.478524
7291222.039397 -6843835.267758
7315170.645584 -6818231.326817
7343790.265215 -6787396.005873
7372279.907128 -6756440.554830
7381747.483276 -6746095.470207
7419472.435786 -6704582.669682
7442932.056018 -6678529.958718
7470962.820221 -6647158.380757
7503498.221565 -6610409.551531
7508131.398233 -6605146.698360
7540460.151354 -6568215.945434
7568025.960522 -6536435.042198
7572607.252618 -6531126.962293
7604571.927593 -6493880.642425
7613671.077132 -6483210.063637
7645400.073154 -6445762.772660
7667950.922938 -6418919.585367
7685923.758482 -6397388.215421
7694887.512863 -6386603.648606
7730591.030151 -6343339.997552
7757209.101796 -6310761.202186
7783689.878624 -6278070.712680
7788089.960377 -6272611.479207
7805651.976457 -6250743.733543
7814409.967727 -6239791.411281
7840591.667862 -6206860.905309
7849288.086141 -6195859.628878
7875284.656253 -6162782.779149
7888230.700732 -6146203.414469
7922582.691677 -6101859.019475
7931131.781018 -6090742.867018
7939665.273330 -6079614.736764
7943926.165355 -6074046.186801
7965172.000433 -6046158.698175
7998961.596934 -6001384.287877
8024138.683153 -5967679.481467
8049173.750170 -5933869.053120
8069927.499379 -5905613.444407
8094701.048860 -5871610.931387
8098816.056736 -5865933.726113
8111137.182095 -5848884.817915
8115236.251061 -5843196.093703
8147885.002173 -5797583.116382
8156007.171785 -5786151.312728
8160062.242866 -5780431.142445
8164113.302138 -5774708.130273
8184308.351727 -5746050.539619
8200391.976216 -5723073.600472
8208409.606543 -5711568.237465
8212412.369324 -5705811.342498
8228383.025336 -5682755.738932
8232365.580746 -5676984.846284
8264080.155158 -5630717.466640
8268026.214115 -5624921.557027
8271968.208184 -5619122.881980
8287695.496848 -5595900.584493
8311164.154644 -5560984.660521
8326728.230228 -5537652.659740
8357659.759675 -5490858.160754
8373026.970223 -5467396.030645
8395954.253165 -5432122.253665
8399761.030690 -5426233.926703
8430066.426554 -5379031.515421
8452621.454483 -5343518.554960
8463842.892201 -5325726.569787
8467575.051571 -5319790.667499
8482462.040791 -5296020.933356
8486173.366882 -5290071.983180
8489880.520834 -5284120.432197
8519387.337210 -5236414.746617
8541341.584776 -5200527.274438
8570378.689818 -5152534.241818
8573989.385727 -5146523.682394
8602723.053094 -5098348.367046
8620544.195840 -5068157.235877
8631186.037101 -5050012.632949
8634724.832981 -5043959.462436
8641789.687488 -5031845.684957
8645315.742642 -5025785.083948
8673371.025059 -4977211.574936
8683821.444453 -4958956.051516
8704606.965849 -4922379.259067
8714941.975881 -4904058.151881
8718378.412261 -4897946.290091
8735496.265961 -4867350.920920
8755895.946524 -4830557.542732
8766037.695300 -4812128.751870
8782854.393265 -4781366.824110
8786204.785468 -4775207.374327
8802891.918931 -4744374.970807
8819470.856267 -4713484.254292
8829366.199703 -4694921.992061
8849039.639644 -4657735.228200
8865314.548015 -4626683.257449
8875027.203370 -4608024.754647
8884700.588913 -4589345.862469
8903929.379527 -4551927.240674
8910303.972988 -4539436.430764
8913484.699516 -4533187.676624
8938772.620871 -4483117.668807
8941913.851371 -4476848.967148
8945050.685673 -4470578.064494
8957554.030091 -4445472.505595
8969986.912354 -4420331.977600
8979265.274410 -4401453.752089
8997702.764522 -4363638.958636
9012945.703837 -4332067.605623
9019011.872199 -4319424.133972
9022038.305971 -4313099.211192
9034099.670311 -4287778.346288
9049076.430527 -4256079.857626
9055036.002722 -4243385.793137
9060977.767667 -4230683.383786
9075754.196710 -4198891.015602
9078696.102322 -4192526.336434
9102070.542142 -4141534.962532
9110762.160014 -4122379.514753
9122288.268296 -4096810.558241
9142286.235899 -4051987.460603
9159252.075797 -4013489.929227
9167674.223313 -3994214.482874
9170472.593275 -3987785.402450
9173266.454670 -3981354.361473
9181620.973732 -3962049.506848
9184396.787148 -3955610.655288
9200956.796377 -3916936.817362
9209175.751309 -3897573.858376
9217353.957904 -3878193.653585
9225491.379975 -3858796.288741
9246991.507907 -3806986.741859
9268200.680671 -3755057.408723
9273457.433711 -3742056.550233
9294301.975138 -3689979.782457
9314854.072780 -3637786.910034
9317402.490224 -3631254.719125
9327550.339474 -3605108.134934
9347625.840840 -3552730.096653
9352598.784151 -3539618.056048
9372306.535886 -3487100.543057
9386893.856316 -3447640.313354
9391719.389435 -3434473.308982
9403702.398120 -3401526.305585
9408463.247206 -3388335.775270
9413205.594005 -3375138.581598
9427321.527607 -3335507.280028
9436639.468570 -3309053.571678
9443579.214349 -3289196.196993
9457333.318841 -3249437.873900
9466409.744903 -3222900.330698
9477650.552862 -3189692.774835
9493191.950854 -3143136.424693
9508504.655120 -3096504.355490
9519302.079897 -3063149.998231
9536334.541738 -3009704.887202
9548912.003155 -2969558.815042
9559264.128433 -2936063.576093
9561320.458413 -2929360.184671
9565419.015196 -2915949.084556
9579615.775156 -2868965.249073
9591600.760741 -2828638.337884
9607316.631524 -2774791.369029
9613132.174477 -2754576.155426
9628432.267191 -2700609.574914
9641571.345005 -2653319.053408
9650814.213783 -2619500.908770
9658123.109307 -2592423.191816
9667152.385016 -2558547.393520
9681352.037568 -2504280.879751
9693526.863142 -2456732.983769
9702080.212665 -2422733.899341
9713854.542039 -2375085.248176
9727024.359877 -2320559.652834
9730269.008542 -2306916.778172
9739888.118386 -2265961.041439
9750892.524360 -2218128.710958
9763181.338265 -2163397.826605
9772196.371443 -2122304.897501
9778110.315469 -2094888.698360
9782495.299336 -2074315.722948
9788274.608734 -2046870.827390
9798203.099645 -1998803.646713
9807895.549022 -1950688.314280
9818683.304311 -1895641.888555
9829162.116237 -1840535.816749
9835554.341480 -1806065.003204
9838077.387131 -1792270.438527
9839331.655085 -1785371.832766
9849191.600874 -1730151.672333
9854005.379039 -1702521.068846
9856383.202773 -1688700.731358
9864552.913219 -1640303.576263
9867981.482055 -1619549.773802
9874707.614577 -1578020.762414
9876910.826227 -1564171.515777
9879094.614361 -1550319.193106
9887635.446424 -1494879.687003
9895865.165557 -1439393.144740
9901833.130903 -1397748.420762
9908574.250198 -1349131.694209
9915986.091116 -1293529.992226
9917790.309462 -1279623.138874
9923951.457464 -1230929.514595
9925667.880839 -1217011.552647
9930700.021262 -1175243.416367
9933150.185634 -1154351.501773
9938696.294004 -1105583.997510
9942511.220164 -1070733.690935
9946203.943165 -1035870.223998
9949070.104740 -1007970.262939
9952542.748687 -973084.187293
9953222.599641 -966105.523221
9954567.621025 -952146.773583
9957198.932490 -924223.684405
9959121.016031 -903276.584469
9962226.558575 -868355.915296
9963434.492945 -854384.635163
9965791.578340 -826437.061785
9969180.213595 -784503.581168
9971869.294777 -749548.375942
9973932.315180 -721577.558005
9975916.878365 -693601.063975
9978746.581882 -651626.161669
9980534.935079 -623636.440304
9981399.671599 -609639.726234
9983876.100558 -567642.500788
9986175.824930 -525635.228639
9988298.804011 -483618.653275
9989294.002203 -462607.109271
9991731.762995 -406566.570627
9993353.770086 -364527.675082
9995022.562874 -315474.194873
9996067.141692 -280431.272833
9997482.911283 -224355.607471
9998584.111609 -168272.882795
9999370.708020 -112184.863439
9999518.197144 -98162.238115
9999702.559568 -77127.946795
9999977.876230 -21035.087624
10000000.000000 0.000001
