2000
9999993.345818 11536.186383
9999833.645892 57680.624860
9999625.704554 86520.337575
9999574.135326 92288.201436
9998875.464190 149964.834630
9998401.375186 178801.400111
9997338.444967 230703.309006
9996006.092678 282599.000590
9995502.109675 299895.941095
9994595.626907 328722.154133
9993398.113694 363309.979510
9992080.904386 397893.453336
9991615.238170 409420.239337
9989619.607714 455521.781236
9989087.462022 467045.689493
9988542.022489 478568.976188
9986825.948190 513134.953553
9985923.053183 530415.663328
9983369.154883 576489.650673
9980960.110407 616794.353468
9980241.923432 628308.164653
9978388.349076 657089.000833
9977236.364663 674354.894427
9975653.912819 697372.935856
9974432.224072 714634.037395
9973180.668069 731892.999046
9972329.706328 743397.759133
9969246.834453 783656.527912
9965044.335820 835398.937721
9962093.467351 869881.456154
9957973.371706 915841.868667
9954194.347006 956041.265863
9953084.816281 967523.973824
9947928.031394 1019180.004810
9941883.849573 1076543.320823
9940006.084533 1093745.418026
9934853.212926 1139601.525805
9928114.649752 1196887.422187
9923912.945106 1231239.967657
9920320.723626 1259855.841118
9917387.534561 1282741.006334
9915901.141418 1294181.035878
9913646.808997 1311337.846043
9910594.856574 1334207.475937
9907490.146647 1357070.003385
9903535.094204 1385637.989476
9901930.006400 1397061.970117
9900311.740748 1408484.091497
9897035.684530 1431322.695673
9889471.954343 1482681.511404
9882524.891022 1528300.290625
9878076.106854 1556795.563716
9875367.395669 1573886.527218
9867999.620690 1619439.250499
9860421.722971 1664957.490498
9850654.111963 1721805.321882
9846655.281975 1744528.520244
9844636.209216 1755886.644461
9834344.375765 1812641.911372
9824801.962482 1863670.141955
9817197.019593 1903324.112831
9810551.107946 1937288.558367
9809432.029636 1942947.054337
9806055.214074 1959918.656099
9795748.629854 2010798.045731
9787549.872050 2050333.509977
9786365.592174 2055978.719811
9782793.218047 2072910.237546
9776774.170015 2101115.615223
9765734.989980 2151841.096707
9756966.993626 2191254.226531
9749324.959813 2225008.500652
9748039.932116 2230631.632939
9735011.346825 2286821.828910
9733690.667000 2292436.694688
9732366.748687 2298050.797751
9723008.679976 2337328.006316
9720305.824957 2348543.095049
9714861.310123 2370963.881014
9702422.111376 2421364.320517
9688294.126897 2477288.217131
9682552.651920 2499634.801885
9675303.328680 2527549.306746
9667973.528950 2555442.788153
9657576.725033 2594457.901006
9656078.610707 2600028.050589
9645501.883835 2638994.772433
9634767.908993 2677918.471470
9631672.201182 2689031.537370
9617582.950939 2738995.834575
9609643.570331 2766721.968540
9593525.084766 2822104.967565
9582052.197782 2860817.309614
9575426.113556 2882917.748363
9562021.060792 2927072.468006
9546697.016308 2976671.980386
9531115.694261 3026191.273301
9525864.819831 3042679.647006
9508155.986828 3097574.814294
9504576.239888 3108541.539074
9497378.803682 3130462.563163
9486487.865520 3163312.816863
9468083.867907 3217978.848636
9451250.918044 3267086.788590
9441789.192043 3294331.017524
9439887.420211 3299776.582398
9424560.232401 3343301.426112
9410984.311141 3381327.297891
9403157.742993 3403031.657270
9389340.826116 3440970.626295
9385365.010430 3451800.055189
9373362.642305 3484260.721565
9363274.901218 3511279.414148
9357184.868230 3527476.625263
9355148.629890 3532873.350782
9334615.168907 3586775.661846
9317964.756354 3629811.675465
9309565.123757 3651300.755420
9292617.229492 3694220.489650
9286210.736027 3710295.158891
9271154.148366 3747759.431613
9268990.863141 3753106.497158
9264655.041779 3763796.880390
9249382.608324 3801173.682541
9236171.924925 3833161.641937
9218385.622413 3875740.770033
9204917.059160 3907621.006953
9193609.029247 3934152.134494
9189064.400424 3944755.435367
9182224.529444 3960650.538848
9179938.461418 3965946.273536
9177649.339143 3971240.688718
9173061.934892 3981825.553515
9161540.028340 4008264.500894
9145281.359463 4045222.967434
9142946.515410 4050497.378885
9124158.318547 4092644.008229
9119430.896758 4103167.084004
9100399.908053 4145204.640728
9081175.141374 4187153.932171
9061757.006081 4229014.065092
9042145.915651 4270784.148149
9032268.142595 4291635.142958
9022342.287669 4312463.291917
9007363.467432 4343662.436881
8982159.109886 4395545.213587
8956655.908528 4447281.746892
8933448.216935 4493718.165989
8928258.235425 4504020.968154
8904756.378335 4550309.202955
8896869.066140 4565711.425393
8878361.776242 4601596.697905
8859709.744848 4637406.951848
8857033.371003 4642516.544391
8846298.416385 4662939.451490
8821972.676242 4708800.070044
8819255.128452 4713887.883613
8813811.231038 4724058.803998
8805623.393921 4739303.392318
8789168.642095 4769749.949506
8786415.943298 4774818.831260
8758728.324282 4825419.996376
8744775.178037 4850660.479315
8722298.900393 4890961.244193
8696791.110305 4936175.076284
8685379.042738 4956227.485090
8668174.269330 4986256.595536
8662416.262825 4996253.044987
8653757.639981 5011235.247768
8650865.672717 5016225.983009
8645073.104485 5026202.444998
8624708.563127 5061067.298617
8610076.357243 5085920.282745
8607141.318214 5090885.809787
8586515.916930 5125596.980676
8580597.219096 5135499.134810
8553821.878206 5179974.061317
8523801.167804 5229226.869409
8496540.027023 5273405.689798
8481295.961074 5297888.147240
8475178.574955 5307668.803027
8459835.781545 5332089.510623
8447510.876743 5351594.153831
8416502.019450 5400230.898452
8388354.597825 5443850.396654
8359981.115246 5487323.186466
8356814.584848 5492144.389442
8328190.820506 5535452.796045
8302559.031894 5573823.958641
8276750.454010 5612076.435869
8247505.169868 5654967.592569
8234435.874369 5673981.479605
8204869.795119 5716652.136096
8191658.292319 5735567.489088
8165104.536237 5773306.497348
8158438.909048 5782722.072461
8155102.023318 5787426.974854
8128309.352958 5824996.743571
8114848.077386 5843735.165196
8097960.743974 5867114.434632
8063984.148398 5913726.376353
8040040.828127 5946237.758622
8019413.642662 5974027.521521
8012516.556903 5983274.891341
8009064.014694 5987895.590984
7974392.224696 6033992.761573
7939455.120116 6079889.176264
7914841.906840 6111896.398806
7883006.803069 6152902.058604
7868789.625548 6171073.636643
7850959.257154 6193741.901509
7818700.132758 6234414.826911
7800687.293948 6256938.368087
7764467.114832 6301829.133092
7727988.605516 6346510.231065
7716994.859552 6359873.452959
7694938.077732 6386542.725127
7672789.129661 6413135.502370
7657972.091768 6430821.366023
7643114.287857 6448472.996203
7628215.797020 6466090.298943
7598297.072026 6501221.547159
7579515.667725 6523108.326766
7564445.144864 6540578.693842
7530389.360598 6579759.575986
7526592.840611 6584102.080896
7492311.625101 6623085.875359
7457828.496440 6661891.181766
7453984.614240 6666191.819223
7427008.070318 6696234.100106
7392146.090024 6734699.413021
7384371.896389 6743222.649135
7345353.724732 6785703.991375
7310028.383085 6823744.209633
7270546.994770 6865795.394333
7238787.654904 6899271.938923
7226838.127319 6911787.806460
7214866.959823 6924282.977468
7178823.976661 6961643.937471
7166766.608633 6974055.948828
7130465.889087 7011166.536645
7089906.424175 7052178.875812
7085837.481564 7056267.227427
7053201.183737 7088889.409614
7016305.863902 7125408.902243
7008081.190610 7133498.302083
6983351.254919 7157709.497488
6946099.613203 7193865.453527
6916996.645065 7221852.768657
6908660.778413 7229827.539355
6896139.742597 7241771.651370
6875225.479950 7261630.299034
6862649.461824 7273516.506074
6837435.815119 7297223.545578
6799461.885633 7332620.136474
6769799.869231 7360014.247986
6757053.762658 7371717.876353
6727234.228749 7398940.439789
6701587.319620 7422178.076381
6684444.767657 7437620.462765
6641432.909596 7476053.029998
6628486.198516 7487534.354918
6606864.258741 7506620.056096
6576501.260598 7533235.106470
6567806.404049 7540816.868147
6528571.551049 7574810.459862
6515454.116374 7586096.338528
6506698.318744 7593607.639907
6497933.861763 7601108.835437
6453982.095238 7638462.876413
6418666.006501 7668163.189252
6387652.286965 7694017.043185
6374328.784926 7705058.892809
6329779.484196 7741698.242727
6302948.722063 7763558.295462
6289505.010748 7774453.467594
6285019.586502 7778080.019984
6280532.071174 7781703.984537
6262561.128896 7796173.940263
6217488.130180 7832167.091621
6208448.659015 7839334.490145
6167668.965149 7871458.539326
6158584.199788 7878568.439388
6113037.674152 7913960.474655
6085612.036327 7935069.384909
6067287.762729 7949089.205956
6053523.356457 7959576.306112
6025940.205509 7980478.973071
6012121.543427 7990894.477282
5984430.252939 8011653.671229
5942759.023686 8042612.460289
5910237.286410 8066541.713667
5872951.634417 8093728.380654
5835540.927626 8120742.705073
5821479.834392 8130828.527141
5807401.309426 8140890.002406
5760347.538694 8174252.028991
5736748.685923 8190831.124774
5727295.773137 8197443.694653
5679917.129763 8230342.726705
5646639.544928 8253209.184896
5598940.584471 8285642.059102
5555852.204146 8314595.978500
5541456.080628 8324197.529280
5512614.097050 8343325.824694
5483706.086042 8362354.187782
5459565.889025 8378134.655363
5411149.462695 8409486.398846
5401444.521770 8415723.205895
5386873.636097 8425057.413972
5357683.517366 8443650.118743
5352812.249205 8446739.076399
5308890.888605 8474413.108463
5289324.289268 8486639.415161
5240284.832743 8517007.389437
5220620.140966 8529075.292418
5171337.054571 8559046.270936
5136736.423796 8579856.578781
5097090.336511 8603468.492500
5047380.200459 8632725.705825
4997502.133920 8661695.701274
4957479.885726 8684664.252729
4922373.796086 8704610.055115
4872083.175662 8732857.809986
4851921.446111 8744075.610421
4821630.457027 8760815.015503
4781152.699250 8782970.958990
4745651.118337 8802204.011668
4710072.170377 8821293.564429
4679514.791055 8837541.588038
4633573.744816 8861715.090848
4618232.252179 8869719.886498
4587507.826639 8885649.775932
4561862.149684 8898843.392671
4536178.528425 8911962.991297
4525894.503359 8917190.081212
4489853.072617 8935391.395250
4479542.050933 8940565.027666
4443406.618054 8958578.995948
4422725.237512 8968807.137712
4402020.313283 8978987.535432
4370919.023666 8994168.493449
4339765.381291 9009241.723661
4318967.385752 9019230.605812
4303353.794966 9026690.762143
4256435.894516 9048908.966051
4240771.041101 9056260.871737
4209403.285758 9070883.307476
4188463.415535 9080571.249471
4151765.058500 9097408.801358
4141267.355486 9102192.301330
4093959.690851 9123568.054752
4057088.497877 9140023.682704
4041266.275515 9147030.495761
4030711.401517 9151686.489259
4004300.778818 9163273.174623
3967270.001104 9179366.467155
3951379.833382 9186217.796914
3898327.422292 9208856.786192
3887701.319448 9213347.841624
3855792.024150 9226747.415341
3850469.307942 9228969.937572
3829165.649960 9237829.313490
3791835.267858 9253214.863032
3765132.826391 9264112.197056
3711634.213830 9285675.606154
3695560.468588 9292084.417557
3641901.667875 9313246.063620
3620404.120142 9321624.000509
3593505.096724 9332026.635186
3566576.183526 9342351.648654
3561186.833820 9344407.329233
3528825.916740 9356676.100483
3474797.320862 9376874.936722
3436908.409067 9390828.535741
3415232.405906 9398733.298357
3388111.849219 9408543.888253
3371825.973700 9414392.683709
3322907.963159 9431769.858747
3273900.402309 9448892.853438
3230264.015599 9463899.533994
3197491.535766 9475022.315473
3148261.130042 9491493.657853
3137309.471143 9495119.234758
3120874.158764 9500533.905269
3087975.547985 9511277.885492
3044053.267571 9525425.959199
3016568.867455 9534165.525514
2989059.376356 9542825.789284
2961525.023090 9551406.678475
2933966.036680 9559908.121714
2906382.646354 9568330.048288
2889820.993713 9573345.007065
2834553.268153 9589854.418603
2812419.668633 9596368.876168
2806883.924856 9597989.509912
2762564.509879 9610839.574603
2718186.270658 9623484.992351
2668191.614814 9637466.135175
2623691.513172 9649675.789565
2601420.452892 9655703.580127
2595850.519399 9657202.497666
2573562.167333 9663166.032459
2523363.465590 9676395.859023
2506615.386354 9680747.869090
2473096.760767 9689364.912722
2456326.314783 9693629.920484
2450734.529157 9695045.140049
2428359.251445 9700673.757318
2383570.034227 9711776.042101
2366760.941447 9715886.096802
2310679.731293 9729376.094046
2265759.321209 9739935.045900
2232037.300123 9747718.168416
2209541.075417 9752842.059423
2181404.268056 9759173.910701
2158881.747021 9764180.948875
2141982.307752 9767902.118330
2130712.448497 9770366.649303
2119439.753613 9772818.177517
2096885.916967 9777682.212632
2079963.207560 9781296.082585
2046099.154827 9788435.944962
2023509.479519 9793130.724457
1989604.806956 9800075.138086
1978297.933701 9802363.862126
1961332.692038 9805772.487221
1944361.577397 9809151.750092
1927384.640596 9812501.640621
1887749.431914 9820203.769897
1859419.688754 9825607.280014
1853751.876643 9826678.176263
1808387.334832 9835127.617231
1802714.039790 9836169.075954
1780014.880707 9840302.181562
1751627.620911 9845394.896989
1745948.413048 9846403.614466
1740268.624292 9847409.055955
1706177.798839 9853372.890475
1683439.203448 9857283.218428
1672066.537613 9859218.706053
1666379.369282 9860181.529649
1626553.773199 9866829.420989
1581006.374011 9874230.038101
1546823.678952 9879642.529274
1541124.750802 9880533.108212
1535425.309906 9881420.399806
1506920.480606 9885807.537330
1472698.161243 9890963.559020
1444166.069933 9895169.749047
1387066.088214 9903335.178965
1352783.826097 9908076.297640
1312767.403688 9913457.607909
1284171.103697 9917202.457166
1232671.006535 9923735.294215
1215496.856757 9925853.484271
1204045.398363 9927249.099256
1163952.775214 9932029.698761
1112377.325865 9937938.251212
1089445.198753 9940478.316405
1077976.952757 9941728.506116
1049300.094734 9944796.091987
997659.916607 9950109.280344
968959.222096 9952945.193555
911533.893265 9958368.639563
894300.293799 9959931.073281
888555.163011 9960445.257231
842583.634596 9964439.413169
836835.911959 9964923.765712
796594.164756 9968221.392840
790844.268287 9968679.217595
744835.784895 9972222.402932
739083.589216 9972650.372301
704565.318238 9975148.505779
664283.365246 9977911.986516
618233.625070 9980871.063431
595203.757088 9982270.908343
543375.156188 9985226.258810
514575.072101 9986751.849083
456962.303236 9989553.816534
439675.420662 9990329.600392
399334.330859 9992023.423321
364751.047338 9993345.619634
318633.278314 9994922.352572
272508.724522 9996286.260160
243677.869409 9997030.613935
209078.188942 9997814.076632
162941.457805 9998672.415942
105265.779934 9999445.940430
53354.620710 9999857.663209
30282.449689 9999954.148557
24514.376948 9999969.952221
7210.117464 9999997.400710
-10094.163610 9999994.905392
-33166.482402 9999944.999071
-73542.541563 9999729.571072
-119685.102701 9999283.748159
-131220.383162 9999139.023488
-165825.115342 9998625.007026
-200427.861350 9997991.231862
-229261.666797 9997371.608985
-235028.206729 9997237.705589
-252327.349673 9996816.038550
-292688.988711 9995715.740050
-298454.562971 9995545.251453
-338810.695009 9994258.717531
-350340.032691 9993861.208837
-361868.904128 9993450.399948
-373397.293976 9993026.291412
-419505.730647 9991196.872345
-442556.660583 9990202.380441
-448319.029754 9989945.447677
-454081.249765 9989685.191167
-482890.045322 9988334.055493
-534735.594626 9985692.657189
-557773.518336 9984432.317475
-563532.540113 9984108.927502
-575050.019274 9983452.182253
-592324.798293 9982442.152766
-649894.294827 9978859.524292
-655650.086839 9978482.999115
-678671.054334 9976943.700353
-730454.835235 9973286.105075
-782218.930831 9969359.735923
-816716.702698 9966592.889626
-862698.443638 9962718.072662
-908661.814842 9958631.116085
-914405.895871 9958105.334731
-966088.705432 9953224.232038
-1023483.453457 9947486.196045
-1046431.924968 9945098.301495
-1052168.177223 9944493.055296
-1098045.432605 9939531.992400
-1126706.906012 9936323.844760
-1172545.671315 9931018.912915
-1224084.389818 9924798.104073
-1246979.980619 9921947.436262
-1292751.126064 9916087.662282
-1304189.649390 9914589.722143
-1309908.261130 9913835.803937
-1315626.437053 9913078.587307
-1367070.094662 9906115.250505
-1389922.199133 9902934.730693
-1418476.910579 9898884.950041
-1452726.969404 9893916.532515
-1458433.631945 9893076.940023
-1469845.499424 9891387.880769
-1498366.576866 9887107.645886
-1532575.397771 9881862.812757
-1572462.459557 9875594.251147
-1589549.104932 9872858.433251
-1595243.598201 9871939.923966
-1618016.244815 9868233.045055
-1652159.027008 9862574.235435
-1691967.233401 9855822.993596
-1731747.856117 9848911.074978
-1771500.246623 9841838.592266
-1816896.148679 9833559.293812
-1856585.859912 9826143.136795
-1901908.430051 9817471.381354
-1947190.502194 9808590.579088
-1958504.579405 9806337.737017
-2015035.567703 9794877.827768
-2026333.780484 9792546.727490
-2065856.189914 9784285.267846
-2082784.093010 9780695.804589
-2127894.540030 9770980.750493
-2144799.327741 9767283.954290
-2189847.226069 9757282.876215
-2229225.919371 9748361.493113
-2262950.183744 9740588.096511
-2274185.601912 9737971.033437
-2296647.343592 9732698.031850
-2352747.948325 9719288.919034
-2408770.275201 9705556.437490
-2442345.322459 9697161.921194
-2498238.528940 9682913.004490
-2514990.367327 9678575.486726
-2554048.616972 9668341.929315
-2587494.000371 9659444.849371
-2609773.729709 9653449.180460
-2626474.416096 9648918.703233
-2654291.391687 9641303.708940
-2682086.289618 9633608.520956
-2709858.878699 9625833.203289
-2726511.627794 9621129.577316
-2770878.909412 9608445.767624
-2826254.930284 9592303.324491
-2842849.484088 9587398.333793
-2864962.305458 9580813.691347
-2909142.077025 9567491.435882
-2931208.792039 9560753.893782
-2942236.305448 9557366.034787
-2975295.293185 9547126.160178
-3019318.440335 9533295.136303
-3068767.585936 9517492.605908
-3101687.819961 9506815.064337
-3150998.390677 9490585.289747
-3172887.021339 9483289.932814
-3189292.416401 9477785.283635
-3216613.495128 9468547.809615
-3227534.447966 9464830.763790
-3238451.105483 9461101.121825
-3271175.160859 9449836.668799
-3325627.991905 9430811.124154
-3358246.696068 9419245.146420
-3369110.678189 9415364.742702
-3374540.988752 9413419.841653
-3412521.624830 9399717.876621
-3439616.625401 9389836.924583
-3472092.841364 9377876.694697
-3493720.572080 9369840.797165
-3499124.603273 9367824.027530
-3547708.279805 9349532.927446
-3601577.952361 9328913.991085
-3612337.564861 9324752.936003
-3633842.353256 9316393.602231
-3660696.122575 9305874.698177
-3703598.727457 9288883.488664
-3730372.866312 9278163.518622
-3767804.483484 9263025.929697
-3789166.439323 9254308.061390
-3826501.257138 9238933.278746
-3858452.901294 9225635.002996
-3874411.416762 9218944.417538
-3922217.163402 9198707.111497
-3932826.353460 9194176.247687
-3938128.986640 9191906.226925
-3959326.399210 9182795.569135
-3969917.208723 9178221.906006
-4001657.881054 9164427.652778
-4033350.623461 9150523.632461
-4049178.902295 9143530.511636
-4064995.056342 9136510.011592
-4075532.399658 9131814.477930
-4117627.394130 9112910.876504
-4143892.298475 9100997.561732
-4191082.120947 9079362.899206
-4206787.025139 9072096.942004
-4227707.294365 9062366.745678
-4264263.544631 9045222.850872
-4285121.656010 9035360.114195
-4290332.623943 9032886.912606
-4311162.204018 9022964.061252
-4342363.508639 9007989.740161
-4357944.680257 9000462.108348
-4404609.712591 8977717.598574
-4409787.411901 8975175.484738
-4451156.043426 8954731.144879
-4466644.892024 8947015.335214
-4482120.365784 8939272.734771
-4513031.003470 8923707.254371
-4564428.428395 8897527.360006
-4574689.744539 8892255.829721
-4579818.120403 8889615.626338
-4625904.729963 8865720.807092
-4656559.954387 8849658.151093
-4661663.745889 8846970.731288
-4702438.100164 8825365.483317
-4753265.132744 8798094.712939
-4758339.165882 8795351.521254
-4788750.059661 8778830.950992
-4808992.146117 8767758.809330
-4834258.741686 8753853.004160
-4844354.132865 8748270.288200
-4849399.411652 8745474.563811
-4874601.570446 8731452.315016
-4919863.140750 8706029.328936
-4949963.936511 8688950.283391
-5000000.000000 8660254.037844
-5014978.455597 8651588.934404
-5044890.271709 8634181.035073
-5069770.642134 8619595.445040
-5079710.994576 8613741.127500
-5099571.405448 8601998.109784
-5149103.434585 8572440.365494
-5178740.526148 8554568.753762
-5223079.749415 8527569.286218
-5237828.269679 8518518.358104
-5277080.859644 8494257.919370
-5325988.483687 8463678.081758
-5360118.483092 8442104.586370
-5369853.885569 8435915.436255
-5408723.902087 8411046.650150
-5447478.748769 8385998.764709
-5457149.368394 8379708.871497
-5505393.270857 8348092.293045
-5510207.613243 8344915.341629
-5529446.633813 8332179.782255
-5553454.004364 8316197.966704
-5563044.029969 8309785.864908
-5601329.969894 8284026.953624
-5629966.197690 8264591.981028
-5649019.574573 8251580.324162
-5668042.879782 8238524.741296
-5682290.563229 8228704.269509
-5705998.870271 8212282.075798
-5715468.915061 8205694.064549
-5729659.716397 8195791.574601
-5776838.239078 8162606.198974
-5781545.546182 8159272.706401
-5823824.561606 8129149.246732
-5861274.184780 8102188.897503
-5884616.871651 8085251.033448
-5912563.469312 8064836.837863
-5945078.303925 8040898.206058
-5986740.602785 8009927.400106
-5991359.808402 8006472.859272
-6028241.562699 7978740.731579
-6064994.955556 7950838.709789
-6087900.294695 7933313.935667
-6106188.116161 7919246.598639
-6115319.843470 7912197.116608
-6133558.870475 7898066.572423
-6165398.542852 7873236.996801
-6183547.546383 7858991.012950
-6188079.657731 7855422.977127
-6197137.702428 7848279.065957
-6242303.974557 7812403.029109
-6246809.203743 7808801.109776
-6269304.144162 7790752.566215
-6282776.090130 7779892.325816
-6327546.478639 7743523.459038
-6345395.770875 7728903.706928
-6354307.755903 7721578.397146
-6376550.695176 7703220.185861
-6416454.205103 7670014.043913
-6429717.001503 7658899.351773
-6434133.657146 7655189.356377
-6460588.585025 7632875.941284
-6486966.131095 7610471.103291
-6530755.890621 7572927.273989
-6548211.036364 7557839.123932
-6561279.524935 7546496.604098
-6600366.952570 7512333.598251
-6634962.037508 7481796.492877
-6656512.268199 7462629.859729
-6695163.038384 7427973.605867
-6703727.632097 7420244.998291
-6725100.059630 7400880.298178
-6742157.735161 7385344.208241
-6767676.924839 7361966.384126
-6793115.054552 7338500.381932
-6805803.626669 7326734.401848
-6835330.977049 7299195.190855
-6873130.905569 7263612.844509
-6914913.540974 7223847.362787
-6927403.532001 7211870.790913
-6968886.813161 7171793.122041
-6993665.576785 7147631.901553
-7034777.221720 7107173.097707
-7055245.359566 7086854.938287
-7079729.647715 7062395.352517
-7083802.126103 7058310.522938
-7108187.455299 7033752.277435
-7144605.723531 6996757.038463
-7180831.449071 6959573.241229
-7184844.601877 6955430.112285
-7192863.734766 6947136.913369
-7208873.272309 6930522.790078
-7220855.246321 6918037.981370
-7232815.598338 6905532.457417
-7244754.292546 6893006.255665
-7276484.656147 6859502.244978
-7280440.071149 6855303.959010
-7296237.495318 6838488.020895
-7304121.647507 6830066.394876
-7319860.779634 6813195.884956
-7335560.945624 6796289.106051
-7366844.045096 6762367.101484
-7370743.416600 6758116.711529
-7409602.040736 6715489.378886
-7432798.966316 6689805.641895
-7455906.865421 6664041.777643
-7490401.184281 6625246.417947
-7505667.252621 6607946.662385
-7536079.442505 6573241.714425
-7570101.314174 6534031.381402
-7585156.715786 6516547.981636
-7615146.303888 6481477.205884
-7652405.188326 6437444.744127
-7667237.522730 6419771.707003
-7704139.619436 6375439.806337
-7711489.319150 6366547.924947
-7744435.825670 6326429.778483
-7755371.658697 6313019.122059
-7788039.691892 6272673.892170
-7791656.533675 6268180.634063
-7798882.438973 6259187.862901
-7831270.433719 6218617.482524
-7849172.626248 6196005.897622
-7881231.949232 6155175.299079
-7906020.181751 6123303.429175
-7909550.845618 6118742.143658
-7944712.554011 6073017.572355
-7958703.290993 6054671.083216
-7962194.358313 6050079.421003
-7965682.776538 6045485.745874
-7996959.140085 6004052.340862
-8024579.453636 5967086.775998
-8048607.081082 5934637.651480
-8062278.266431 5916051.821496
-8082704.550002 5888114.057776
-8106412.839046 5855430.887898
-8126629.058361 5827340.744096
-8156770.805412 5785074.764251
-8170096.626027 5766239.773144
-8203220.744434 5719018.221521
-8219680.524203 5695335.993604
-8249135.746208 5652588.737971
-8262155.644482 5633540.991805
-8294512.816587 5585790.645510
-8320199.910653 5547456.484441
-8342530.805978 5513817.167019
-8358398.197661 5489734.016264
-8377347.285962 5460773.979061
-8405582.710652 5417211.394655
-8427387.025232 5383228.392605
-8433591.610103 5373502.819762
-8452137.989378 5344283.245536
-8470583.133026 5314999.660065
-8476708.979216 5305224.300788
-8507168.830950 5256241.859134
-8528322.377989 5221849.999483
-8543346.951056 5197232.232053
-8561282.627009 5167633.866721
-8576150.701328 5142921.265985
-8585037.313468 5128073.159224
-8602733.390586 5098330.923988
-8614473.544261 5078468.819952
-8623248.568742 5063554.494788
-8643623.164442 5028695.515849
-8669611.968768 4983756.445795
-8678223.017801 4968746.849389
-8698214.364805 4933666.675394
-8718063.907208 4898506.069184
-8729342.710864 4878378.402326
-8757336.286117 4827945.854279
-8771223.870161 4802669.239029
-8787792.658169 4772284.588856
-8806989.865172 4736763.611872
-8815173.305338 4721516.662775
-8831460.973268 4690980.396212
-8842260.664448 4670591.647955
-8858371.926333 4639961.941089
-8877034.284798 4604157.067969
-8895551.923408 4568277.134539
-8900816.053793 4558012.020227
-8913924.540276 4532322.725741
-8926958.883206 4506595.732650
-8945082.195834 4470515.016166
-8952804.705363 4455029.506931
-8970719.600675 4418844.854264
-8993538.103092 4372215.958555
-9001090.440683 4356646.747058
-9016114.235235 4325469.234337
-9031030.039125 4294239.913235
-9035977.944915 4283818.691193
-9038447.388692 4278605.941407
-9043377.253905 4268176.172976
-9058094.611845 4236852.841776
-9062976.296830 4226400.435725
-9082382.358656 4184534.704263
-9099204.032998 4147829.066618
-9101595.026161 4142579.870051
-9103982.991141 4137329.295211
-9111128.709039 4121569.318515
-9122977.601238 4095275.288342
-9132402.084381 4074215.528074
-9141777.952607 4053134.079355
-9158068.592383 4016189.693878
-9165004.606009 4000336.307341
-9185647.903101 3952704.466596
-9192474.018855 3936803.451112
-9201532.685134 3915583.768025
-9212787.130121 3889029.865541
-9221735.517409 3867763.442476
-9232851.962490 3841151.473028
-9241689.829634 3819838.883101
-9257037.689439 3782492.989591
-9276548.864740 3734386.316396
-9287280.416461 3707616.817582
-9304290.184354 3664721.567231
-9312720.795968 3643244.622083
-9333580.337664 3589467.659746
-9352088.436574 3540966.234588
-9354129.343474 3535571.272871
-9356167.138170 3530175.134837
-9374367.129716 3481557.254635
-9392314.487882 3432845.548625
-9394293.023061 3427427.402129
-9406098.574258 3394894.639210
-9410008.729000 3384041.329557
-9419729.315590 3356888.383760
-9427449.376219 3335145.912673
-9440838.698759 3297053.937081
-9448420.651028 3275262.920931
-9467155.393855 3220709.354877
-9472714.423683 3204322.307032
-9476404.686303 3193392.274903
-9494666.728602 3138678.657138
-9510832.493236 3089347.064609
-9516164.144754 3072884.633385
-9523228.685102 3050920.420339
-9531988.065721 3023442.328697
-9533730.430032 3017943.685273
-9538938.488898 3001441.737734
-9545838.133026 2979425.169065
-9549268.901458 2968410.929713
-9566232.025174 2913280.769258
-9581226.726063 2863580.699713
-9597584.650831 2808267.948423
-9612033.780217 2758406.534207
-9627784.541338 2702917.835520
-9630896.271228 2691809.245256
-9637081.275441 2669581.332445
-9646262.581239 2636212.854415
-9649297.346724 2625082.991927
-9656828.069485 2597243.083813
-9661307.952169 2580528.754606
-9670180.915286 2547076.965002
-9676031.883446 2524758.798485
-9689008.185587 2474493.964353
-9703120.040764 2418565.995488
-9707290.666397 2401771.828895
-9719628.089790 2351346.379451
-9730374.800017 2306470.518170
-9731703.575236 2300857.562681
-9734351.411751 2289629.357022
-9740914.317997 2261545.544411
-9752523.336980 2210947.435298
-9755067.437644 2199695.271402
-9767593.137865 2143390.840031
-9772512.447690 2120848.995034
-9779793.862238 2087015.096287
-9791669.204834 2030569.915836
-9800934.938159 1985365.038971
-9812223.605183 1928799.606463
-9822104.292050 1877835.795826
-9823185.811466 1872170.001208
-9825339.045146 1860836.545192
-9830664.915978 1832492.103603
-9839016.212145 1787109.391490
-9845142.205786 1753047.331891
-9851150.279069 1718964.275138
-9857040.360032 1684860.629461
-9858010.563742 1679174.715492
-9867532.156371 1622285.160811
-9870324.629612 1605207.683161
-9878524.683226 1553946.615201
-9881198.885112 1536850.218096
-9885590.133054 1508346.021728
-9890751.089630 1474124.446232
-9891599.733118 1468419.122653
-9895793.579567 1439885.214385
-9899905.115549 1411339.329551
-9900717.542467 1405628.736289
-9905522.919355 1371355.422250
-9907098.349214 1359927.313863
-9908660.594347 1348497.395636
-9913268.200678 1314196.934034
-9920683.659424 1256994.721406
-9921407.055463 1251272.168560
-9927769.048873 1199750.687531
-9930510.732076 1176841.790607
-9936486.215247 1125274.052936
-9941572.955929 1079410.562274
-9943425.913194 1062205.775176
-9947633.681350 1022048.991817
-9953363.440826 964653.416950
-9955562.631079 941686.093482
-9960317.021918 889991.473498
-9961337.104893 878500.473921
-9961842.175124 872754.534749
-9963829.310424 849767.893447
-9965763.404835 826776.728538
-9969921.133635 775030.702035
-9972114.892170 746273.795168
-9975854.623591 694495.881184
-9976253.555825 688741.598781
-9977041.462590 677232.348437
-9979325.511917 642699.250967
-9981137.581715 613915.771814
-9981839.164761 602400.936958
-9983202.477352 579368.877479
-9985769.663502 533295.628606
-9986973.523394 510254.684476
-9988679.628631 475688.213624
-9991014.456278 423827.953815
-9992421.427384 389248.015491
-9993911.624789 348898.890664
-9995757.842566 291247.579856
-9995924.174073 285481.884171
-9997271.493268 233586.579002
-9998452.526534 175917.806530
-9998831.797784 152848.551267
-9999367.443420 112475.470553
-9999430.656890 106707.722556
-9999779.996889 66332.599965
-9999996.257022 8652.140627
-9999929.715277 -37492.526223
-9999600.335810 -89404.273224
-9998918.298916 -147081.105520
-9998452.526534 -175917.806530
-9998242.931321 -187452.090660
-9997534.310733 -222053.384842
-9996556.242209 -262418.170790
-9995415.202571 -302778.678606
-9994111.210421 -343134.250304
-9992644.287019 -383484.227979
-9991014.456278 -423827.953816
-9988952.348408 -469926.570037
-9988403.585528 -481449.698946
-9986973.523394 -510254.684476
-9986677.542309 -516015.179950
-9984512.645924 -556333.733821
-9983864.205083 -567851.683509
-9982866.631177 -585127.186281
-9982184.974768 -596643.217936
-9980422.715407 -625429.789650
-9976649.168868 -682987.087228
-9974225.705419 -717510.681002
-9972969.171903 -734769.280981
-9971247.341184 -757777.316187
-9969020.409605 -786531.673159
-9968106.418439 -798031.597536
-9965284.854383 -832524.937161
-9963829.310424 -849767.893448
-9961842.175124 -872754.534750
-9960828.720435 -884246.120808
-9957177.245194 -924457.304466
-9952243.975515 -976135.160632
-9947042.499034 -1027786.710561
-9945249.096049 -1044997.807430
-9940321.112482 -1090878.627871
-9935181.466207 -1136736.219856
-9933863.495067 -1148196.873965
-9931861.750758 -1165384.985247
-9927075.369851 -1205476.918606
-9926378.388001 -1211202.748607
-9922843.944473 -1239825.815844
-9915527.481110 -1297040.774743
-9911745.522131 -1325632.190507
-9906312.282245 -1365641.595238
-9905522.919355 -1371355.422251
-9902332.513858 -1394206.148669
-9896622.472705 -1434176.987947
-9894125.916305 -1451300.228174
-9889899.155399 -1479829.279356
-9884718.460355 -1514047.872270
-9876725.448097 -1565341.631371
-9868466.264216 -1616593.205486
-9866594.765507 -1627976.576389
-9863762.897932 -1645047.565691
-9861858.576872 -1656425.491769
-9857040.360032 -1684860.629461
-9847158.002725 -1741688.625837
-9837983.753857 -1792784.331383
-9834866.741250 -1809805.564656
-9829606.281903 -1838162.218841
-9823185.811465 -1872170.001208
-9819931.449870 -1889165.508859
-9808871.266574 -1945776.060026
-9797484.734073 -2002321.873625
-9786958.139138 -2053156.200282
-9782194.974099 -2075731.555071
-9771287.496320 -2126485.519410
-9762621.831783 -2165921.275023
-9749966.257304 -2222196.656786
-9738298.875123 -2272781.339850
-9729042.787414 -2312082.706276
-9719628.089790 -2351346.379452
-9715544.703268 -2368161.970557
-9710054.935736 -2390571.719273
-9697514.012334 -2440946.943419
-9693275.611643 -2457724.133568
-9683273.155710 -2496842.204046
-9678938.053646 -2513594.667740
-9667236.125111 -2558230.971070
-9658324.577291 -2591672.502400
-9646262.581239 -2636212.854415
-9632447.330001 -2686253.605817
-9627784.541338 -2702917.835520
-9615209.533385 -2747316.077393
-9600817.934670 -2797194.127215
-9599202.889621 -2802731.504066
-9594338.594176 -2819338.032287
-9592710.777393 -2824871.668110
-9577916.870473 -2874631.875964
-9561176.481607 -2929830.078276
-9556092.308229 -2946370.614264
-9540668.161905 -2995939.088901
-9535469.622384 -3012444.037751
-9533730.430032 -3017943.685273
-9523228.685102 -3050920.420340
-9512612.875539 -3083860.612955
-9507262.236201 -3100316.882532
-9492854.729721 -3144154.748167
-9480082.337379 -3182457.992892
-9465296.083471 -3226169.563464
-9448420.651028 -3275262.920931
-9433206.489659 -3318827.401879
-9415850.478524 -3367752.925332
-9411959.110502 -3378612.984975
-9398240.716060 -3416587.689932
-9396268.432673 -3422008.115297
-9376373.765251 -3476149.452242
-9364287.181367 -3508578.855447
-9345947.049444 -3557144.043891
-9325273.746659 -3610992.875911
-9323189.340668 -3616371.180901
-9321101.832767 -3621748.282692
-9319011.223651 -3627124.179494
-9302174.790639 -3670087.759767
-9295810.042804 -3686179.003806
-9282997.060671 -3718328.330254
-9270072.891283 -3750433.120361
-9263569.159691 -3766468.694099
-9259217.927057 -3777152.813862
-9248285.947224 -3803841.090052
-9228414.594850 -3851800.107165
-9212787.130121 -3889029.865542
-9201532.685133 -3915583.768025
-9185647.903101 -3952704.466596
-9165004.606009 -4000336.307342
-9141777.952607 -4053134.079356
-9120613.890245 -4100536.826449
-9111128.709039 -4121569.318516
-9096810.012445 -4153076.883164
-9082382.358655 -4184534.704264
-9077548.957845 -4195009.525367
-9062976.296830 -4226400.435726
-9048295.083861 -4257740.724301
-9026070.114512 -4304655.420346
-9013617.763984 -4330669.094355
-9011118.293820 -4335867.513519
-8996058.542305 -4367027.673764
-8983426.432315 -4392954.533703
-8963059.679241 -4434361.418103
-8955372.918987 -4449864.703771
-8950233.513059 -4460192.827862
-8937332.901316 -4485987.138975
-8911308.770983 -4537463.607369
-8884988.154086 -4588789.110621
-8882339.819265 -4593913.292075
-8871716.936450 -4614394.716483
-8869053.834282 -4619511.238715
-8858371.926333 -4639961.941089
-8842260.664448 -4670591.647955
-8839565.152261 -4675691.170183
-8817895.254158 -4716431.202371
-8798780.053519 -4751996.377292
-8776758.482377 -4792547.395908
-8751760.850504 -4838045.268038
-8740575.045227 -4858224.766183
-8720887.961339 -4893476.592953
-8706738.694300 -4918607.659611
-8692517.007023 -4943697.814654
-8686808.080923 -4953722.374660
-8658090.192107 -5003746.019269
-8640721.127616 -5033680.402525
-8623248.568742 -5063554.494789
-8599791.194204 -5103292.213473
-8585037.313468 -5128073.159224
-8561282.627008 -5167633.866721
-8549336.890127 -5187373.009444
-8534340.726573 -5212008.093120
-8531332.971507 -5216929.914162
-8504135.565951 -5261147.999813
-8476708.979216 -5305224.300788
-8470583.133026 -5314999.660065
-8452137.989378 -5344283.245536
-8442877.440338 -5358901.055946
-8430490.720118 -5378366.500900
-8421171.224887 -5392946.801252
-8405582.710652 -5417211.394656
-8383641.362164 -5451106.081395
-8361563.337471 -5484911.900247
-8339348.996504 -5518628.300085
-8329786.924859 -5533050.676295
-8297733.373392 -5581005.363202
-8294512.816587 -5585790.645510
-8278368.659122 -5609689.148577
-8245873.907523 -5657345.976802
-8232799.128873 -5676356.093801
-8226245.300431 -5685849.827171
-8219680.524202 -5695335.993605
-8186692.732550 -5742652.880230
-8153432.562905 -5789778.704075
-8133346.179648 -5817961.835730
-8113162.379098 -5846075.282647
-8092881.403009 -5874118.708099
-8069097.769291 -5906747.090373
-8065689.359625 -5911400.439323
-8045182.587286 -5939279.176569
-8010790.618957 -5985585.490095
-7993494.615835 -6008664.063385
-7969168.544507 -6040890.059357
-7955209.575740 -6059260.730984
-7937701.321192 -6082178.699738
-7902486.887479 -6127862.677412
-7898950.963977 -6132419.886854
-7877680.275089 -6159720.243929
-7863447.380585 -6177879.514264
-7827682.173839 -6223133.598547
-7820497.842248 -6232159.617612
-7809701.833224 -6245683.091235
-7777173.624449 -6286141.138661
-7744435.825670 -6326429.778483
-7737132.385075 -6335359.694273
-7704139.619436 -6375439.806338
-7678334.992775 -6406494.496893
-7674638.389105 -6410922.367060
-7663533.262487 -6424193.173836
-7644973.740036 -6446268.417787
-7607664.083722 -6490257.867701
-7603919.176308 -6494644.960287
-7592669.279693 -6507793.267245
-7581396.647730 -6520922.087388
-7573868.945672 -6529663.788725
-7551225.402154 -6555836.706773
-7532286.681135 -6577587.502512
-7513285.308644 -6599283.587702
-7494221.442730 -6620924.781881
-7482753.192281 -6633883.075802
-7459749.507136 -6659740.031771
-7455906.865421 -6664041.777643
-7436656.472716 -6685517.220591
-7425076.535921 -6698375.805799
-7417344.223964 -6706937.055260
-7405727.250614 -6719762.189953
-7374640.335791 -6753864.073086
-7343396.390192 -6787822.143848
-7304121.647507 -6830066.394876
-7280440.071148 -6855303.959010
-7256671.293195 -6880459.413623
-7236797.571264 -6901359.352515
-7232815.598338 -6905532.457417
-7216863.655657 -6922201.887814
-7196869.712179 -6942986.846157
-7188855.364220 -6951284.669205
-7176815.907136 -6963714.054661
-7164754.959926 -6976122.588101
-7124397.060286 -7017333.291742
-7087872.247644 -7054223.344995
-7075654.813837 -7066477.832373
-7063416.192821 -7078711.160020
-7030676.567095 -7111229.641131
-6993665.576784 -7147631.901553
-6968886.813160 -7171793.122041
-6931562.254568 -7207873.799606
-6914913.540974 -7223847.362788
-6873130.905569 -7263612.844509
-6852153.747667 -7283405.042858
-6831119.595451 -7303136.659863
-6801576.365107 -7330658.834622
-6759179.519868 -7369768.803578
-6720830.043442 -7404758.168040
-6695163.038383 -7427973.605868
-6665116.867731 -7454945.817341
-6634962.037507 -7481796.492878
-6630645.363092 -7485622.356819
-6596032.669820 -7516139.502342
-6583016.659980 -7527542.205423
-6548211.036364 -7557839.123932
-6535122.939951 -7569159.012712
-6504508.015857 -7595483.886603
-6482575.260573 -7614211.580394
-6447370.774029 -7644044.093423
-6438548.172093 -7651476.814030
-6420877.274011 -7666311.696774
-6407601.664320 -7677411.081309
-6398740.596068 -7684797.901326
-6367659.873721 -7710571.167728
-6349852.819715 -7725242.337167
-6309663.502697 -7758101.989709
-6291746.938247 -7772639.221336
-6278287.529819 -7783514.995997
-6237796.668499 -7816002.349185
-6206187.499749 -7841124.710012
-6201663.632763 -7844703.192987
-6192609.710248 -7851852.327734
-6179013.377711 -7862556.434015
-6147216.718784 -7887441.068705
-6142666.145897 -7890985.529074
-6115319.843470 -7912197.116608
-6092475.292116 -7929801.057716
-6060407.827990 -7954335.733324
-6023638.347098 -7982216.550769
-5977496.217558 -8016828.485697
-5958983.594210 -8030598.640446
-5935798.217923 -8047751.208636
-5898599.001809 -8075056.025555
-5856599.790891 -8105568.387802
-5814442.748242 -8135862.310009
-5805053.196806 -8142564.545783
-5772129.009967 -8165936.975773
-5753272.904802 -8179232.903083
-5710734.842673 -8208989.435776
-5672793.995515 -8235253.990282
-5639496.638755 -8258091.647680
-5629966.197689 -8264591.981028
-5591769.634772 -8290483.239935
-5577415.182825 -8300146.979325
-5558249.941807 -8312993.298711
-5519830.796523 -8338553.110567
-5476468.807062 -8367095.637393
-5447478.748769 -8385998.764710
-5403871.431422 -8414165.053804
-5374718.907717 -8432816.650623
-5330869.526888 -8460604.593485
-5291771.656153 -8485113.596125
-5272180.413834 -8497300.376236
-5252561.105887 -8509441.922296
-5242740.959934 -8515495.712349
-5237828.269679 -8518518.358104
-5193535.833416 -8545594.511034
-5183674.020440 -8551580.184376
-5178740.526147 -8554568.753762
-5129311.088559 -8584297.743950
-5114448.904309 -8593160.792468
-5089644.586754 -8607875.346479
-5039909.155555 -8637089.538945
-5029941.894435 -8642897.924805
-5000000.000000 -8660254.037844
-4959984.377709 -8683234.130949
-4939936.907720 -8694654.872262
-4919863.140749 -8706029.328936
-4894734.114710 -8720182.219787
-4879637.143436 -8728639.146419
-4864525.560667 -8737069.936175
-4859485.127231 -8739874.386867
-4849399.411652 -8745474.563811
-4834258.741686 -8753853.004160
-4793812.975377 -8776067.294473
-4753265.132744 -8798094.712939
-4748189.518151 -8800834.977417
-4732953.202534 -8809038.198499
-4707527.871794 -8822651.604607
-4697346.763989 -8828076.425748
-4692253.864965 -8830784.430996
-4671866.674261 -8841587.062170
-4631017.791656 -8863051.066837
-4610556.317207 -8873712.326071
-4559295.491529 -8900158.685154
-4528466.074837 -8915884.421023
-4476963.363485 -8941856.576909
-4435653.866367 -8962420.140664
-4420138.407270 -8970082.299543
-4414963.644035 -8972630.384779
-4399430.547827 -8980256.725442
-4352752.404009 -9002974.314603
-4316366.017459 -9020475.841292
-4274695.444780 -9040297.498112
-4269480.204953 -9042761.678797
-4222479.332604 -9064803.819484
-4212019.196251 -9069668.918456
-4164879.415649 -9091412.401443
-4143892.298474 -9100997.561732
-4138642.068038 -9103386.283832
-4117627.394130 -9112910.876504
-4080799.038243 -9129462.153352
-4064995.056342 -9136510.011592
-4059724.355115 -9138853.219113
-4043904.154209 -9145864.595082
-3996371.087206 -9166734.322175
-3969917.208722 -9178221.906006
-3959326.399210 -9182795.569135
-3911602.753515 -9203225.733334
-3890358.330764 -9212226.227045
-3847807.469319 -9230080.047272
-3815840.505286 -9243341.454162
-3767804.483484 -9263025.929697
-3757115.976959 -9267366.375388
-3714312.092137 -9284604.767151
-3708956.026799 -9286745.672800
-3682157.225710 -9297403.840059
-3633842.353256 -9316393.602231
-3585429.551004 -9335132.293373
-3574657.982590 -9339262.299963
-3553100.588247 -9347485.020571
-3515329.704519 -9361755.020749
-3472092.841364 -9377876.694698
-3423363.043813 -9395774.873328
-3369110.678189 -9415364.742702
-3336505.338458 -9426968.342285
-3303860.035678 -9438459.030194
-3271175.160859 -9449836.668799
-3232993.314548 -9462967.517016
-3194758.761633 -9475944.093069
-3172887.021339 -9483289.932814
-3167416.442596 -9485118.506333
-3161944.810023 -9486943.924066
-3112652.995090 -9503230.573450
-3063277.296089 -9519261.116666
-3046800.318775 -9524547.643721
-3024816.832449 -9531551.979092
-3019318.440335 -9533295.136303
-2980801.670487 -9545408.393632
-2947748.594706 -9555667.335273
-2942236.305448 -9557366.034787
-2887059.875648 -9574178.046936
-2842849.484088 -9587398.333793
-2826254.930284 -9592303.324491
-2809651.913594 -9597179.592174
-2759792.583496 -9611635.911544
-2743156.212673 -9616397.142011
-2687642.599537 -9632059.865738
-2659852.144887 -9639771.084800
-2632039.566324 -9647402.122919
-2581921.911196 -9660935.733379
-2565200.496913 -9665389.097736
-2520572.642413 -9677123.206528
-2503823.308733 -9681470.386188
-2470302.199344 -9690077.762532
-2419965.183163 -9702771.176951
-2391971.907267 -9709710.108692
-2347141.379578 -9720644.389354
-2324707.314094 -9726033.924668
-2268568.270214 -9739281.185148
-2234848.495220 -9747074.032930
-2223602.601838 -9749645.709927
-2167329.045624 -9762309.399317
-2161697.693104 -9763557.911112
-2144799.327741 -9767283.954290
-2094065.900064 -9778286.557787
-2071499.514112 -9783092.034885
-2060212.178387 -9785475.245486
-2031981.876544 -9791376.290052
-2009385.454742 -9796038.489832
-1998083.225077 -9798350.035882
-1992431.112133 -9799500.919098
-1964160.641533 -9805206.421807
-1958504.579405 -9806337.737017
-1913232.782453 -9815270.771616
-1856585.859912 -9826143.136795
-1850917.739185 -9827212.398375
-1799877.167234 -9836688.578118
-1788528.182280 -9838758.404453
-1760145.339399 -9843875.679030
-1754467.006418 -9844889.309860
-1709019.487127 -9852880.410957
-1652159.027008 -9862574.235435
-1618016.244815 -9868233.045055
-1595243.598201 -9871939.923966
-1543974.279089 -9880088.229642
-1526875.191310 -9882745.172783
-1504069.304384 -9886241.729171
-1486959.628167 -9888829.610434
-1475550.700567 -9890538.414569
-1469845.499424 -9891387.880769
-1441312.196215 -9895585.841831
-1435604.089365 -9896415.558100
-1389922.199133 -9902934.730693
-1355641.305802 -9907685.736336
-1298470.603733 -9915340.341675
-1292751.126063 -9916087.662282
-1258425.294346 -9920502.294670
-1246979.980619 -9921947.436262
-1229808.903176 -9924090.389636
-1224084.389818 -9924798.104073
-1166817.171046 -9931693.596228
-1115243.427897 -9937617.023036
-1057904.079413 -9943884.500474
-1046431.924968 -9945098.301495
-1000529.533592 -9949821.136704
-977570.287564 -9952103.111045
-954605.837593 -9954332.106919
-948863.926310 -9954881.076605
-902917.431492 -9959153.584111
-862698.443638 -9962718.072662
-822465.391448 -9966120.141754
-816716.702698 -9966592.889626
-799469.013722 -9967991.236759
-747711.789923 -9972007.174045
-690180.190940 -9976154.133935
-638382.064039 -9979602.614349
-580808.472826 -9983118.827195
-523215.557638 -9986302.893476
-465605.234638 -9989154.707255
-436794.144170 -9990455.989374
-419505.730647 -9991196.872345
-413742.644437 -9991437.185119
-361868.904128 -9993450.399948
-315750.682285 -9995013.832238
-263859.695076 -9996518.296953
-217728.360020 -9997629.437084
-194660.892533 -9998105.177328
-188893.858951 -9998215.796333
-142755.488990 -9998980.991599
-102381.888154 -9999475.883714
-73542.541563 -9999729.571072
-56238.624636 -9999841.859605
-44702.583265 -9999900.083453
12978.208916 -9999991.578301
24514.376948 -9999969.952221
64890.607388 -9999789.458237
70658.569302 -9999750.365213
93730.162679 -9999560.723182
116801.257098 -9999317.850051
157174.102310 -9998764.738785
174476.004238 -9998477.790341
191777.383717 -9998160.902641
203311.320871 -9997933.011718
232144.946417 -9997305.073061
255210.468105 -9996742.850397
272508.724522 -9996286.260160
312868.059992 -9995104.480546
318633.278314 -9994922.352572
353222.294860 -9993759.753487
382043.261090 -9992699.482455
439675.420662 -9990329.600392
480009.342557 -9988472.907860
485770.707922 -9988194.372324
537615.493277 -9985538.021628
554893.937736 -9984592.766751
600961.525917 -9981925.928616
629747.332572 -9980151.216145
635503.872996 -9979786.311711
681548.423758 -9976747.553490
721825.534437 -9973914.371892
727578.462074 -9973496.356922
739083.589216 -9972650.372301
756339.430897 -9971356.510790
813842.256304 -9966828.020080
836835.911959 -9964923.765712
888555.163011 -9960445.257231
923021.446384 -9957310.450594
934507.771112 -9956239.010075
968959.222096 -9952945.193555
1009137.884264 -9948951.740286
1049300.094734 -9944796.091987
1100911.994875 -9939214.897543
1152494.226121 -9933365.847423
1209771.328811 -9926552.943091
1261286.361692 -9920138.946296
1307049.009618 -9914213.175359
1312767.403687 -9913457.607909
1358498.672749 -9907294.350939
1415621.966449 -9899293.633796
1427041.034110 -9897653.958740
1461286.781370 -9892655.909441
1512622.456786 -9884936.686860
1552522.092460 -9878748.663289
1575310.562151 -9875140.334840
1632244.782722 -9865889.568066
1660691.646531 -9861141.072672
1694809.628901 -9855334.612370
1717543.698134 -9851398.055352
1768661.740249 -9842349.091989
1785690.563539 -9839273.815241
1808387.334832 -9835127.617231
1865086.882220 -9824533.114697
1893413.503871 -9819113.264616
1944361.577397 -9809151.750092
1978297.933701 -9802363.862126
1989604.806956 -9800075.138086
2012210.594907 -9795458.566180
2029157.912904 -9791961.916005
2079963.207559 -9781296.082585
2091245.708982 -9778890.089610
2130712.448497 -9770366.649303
2158881.747021 -9764180.948875
2198288.544772 -9755384.537471
2243280.964244 -9745136.762276
2288225.616757 -9734681.480501
2344337.802245 -9721320.911737
2383570.034226 -9711776.042102
2411569.303306 -9704861.333134
2422763.407520 -9702072.844046
2478685.266264 -9687936.795356
2495445.827232 -9683633.105573
2534524.657112 -9673478.421048
2556836.906195 -9667604.927546
2567987.934062 -9664648.879836
2601420.452892 -9655703.580127
2657071.878791 -9640537.797807
2701529.458152 -9628174.208371
2707082.630274 -9626614.339053
2723736.735224 -9621915.516008
2762564.509879 -9610839.574603
2773649.915281 -9607646.233467
2817954.476693 -9594745.049624
2856671.778371 -9583288.910946
2873250.687846 -9578331.299594
2906382.646353 -9568330.048288
2928451.303588 -9561598.870613
2956015.189127 -9553113.325071
2961525.023089 -9551406.678475
3005568.069124 -9537639.151376
3038558.405802 -9527180.213186
3071512.348096 -9516607.163033
3093461.228920 -9509495.129878
3104429.501298 -9505920.127556
3153735.389219 -9489676.132239
3202956.285929 -9473176.396037
3252090.864953 -9456421.363607
3257544.876828 -9454543.953859
3268449.647321 -9450779.698148
3312025.086534 -9435596.951236
3344660.435190 -9424078.022453
3350095.775722 -9422147.223085
3382684.348894 -9410496.617913
3436908.409067 -9390828.535741
3442324.555636 -9388844.532405
3496422.733088 -9368832.801985
3518029.532653 -9360740.793729
3550404.581682 -9348509.362801
3577351.321249 -9338230.963323
3593505.096723 -9332026.635186
3636529.094013 -9315345.197490
3652643.178729 -9309038.500773
3690200.092036 -9294214.505849
3733048.577318 -9277087.275615
3749096.314967 -9270613.616212
3765132.826391 -9264112.197056
3770475.827182 -9261938.891865
3781158.063571 -9257583.037613
3791835.267857 -9253214.863032
3834493.479884 -9235619.077936
3866433.606225 -9222293.162151
3919564.049737 -9199837.914877
3930174.546076 -9195310.110995
3977856.849455 -9174783.642422
3988438.403929 -9170188.607552
4030711.401517 -9151686.489259
4078165.888556 -9130638.695372
4114999.016378 -9114098.040685
4151765.058499 -9097408.801358
4204170.414609 -9073309.821941
4256435.894515 -9048908.966051
4272088.002537 -9041529.964480
4308559.759302 -9024207.045526
4344961.274800 -9006737.007401
4376106.217611 -8991645.809983
4422725.237512 -8968807.137712
4448573.271583 -8956014.506875
4453738.445032 -8953447.038054
4474384.303656 -8943147.382393
4515604.455067 -8922405.303806
4561862.149684 -8898843.392671
4582381.737035 -8888294.415471
4592632.389936 -8883002.180058
4602876.930793 -8877698.122823
4618232.252179 -8869719.886498
4648901.362764 -8853683.759842
4689706.829913 -8832137.331896
4725329.727272 -8813129.918965
4740573.134729 -8804939.883627
4750727.523024 -8799465.211136
4786218.004225 -8780211.684011
4796343.835235 -8774684.371201
4806463.283096 -8769145.380722
4836783.193156 -8752458.417062
4877119.559773 -8730046.093789
4902277.106908 -8715943.963053
4947457.796379 -8690377.514990
4977504.258306 -8673203.062223
5012483.087950 -8653034.918051
5037417.968566 -8638542.713327
5087161.823207 -8609342.866009
5131786.627221 -8582818.069415
5156518.503242 -8567982.080147
5176273.132768 -8556061.971198
5191071.027636 -8547091.995880
5220620.140966 -8529075.292419
5240284.832743 -8517007.389437
5284428.235847 -8489688.935419
5304001.884178 -8477473.916954
5318663.596882 -8468283.033957
5357683.517366 -8443650.118743
5362553.002977 -8440558.351807
5396589.354834 -8418837.409957
5440221.025729 -8390708.861069
5445059.960594 -8387569.494528
5454732.393851 -8381282.390630
5464397.567751 -8374984.132615
5512614.097049 -8343325.824695
5541456.080628 -8324197.529280
5560647.217147 -8311389.927469
5594160.416712 -8288870.202392
5613269.904478 -8275941.093282
5622813.449201 -8269460.013537
5651399.134347 -8249950.777084
5670418.673473 -8236889.708350
5694150.637048 -8220501.719640
5698891.352589 -8217215.912423
5717835.238257 -8204045.355076
5727295.773137 -8197443.694653
5765061.565966 -8170928.046472
5812096.085339 -8137538.884379
5816788.927515 -8134185.058919
5835540.927625 -8120742.705074
5863610.650534 -8100498.141407
5877619.196157 -8090339.460428
5924187.003088 -8056302.399516
5933476.961630 -8049462.786162
5947397.089669 -8039183.283008
5979808.060133 -8015104.214168
5989050.454669 -8008200.462740
6025940.205509 -7980478.973071
6030542.418475 -7977001.826437
6039740.823627 -7970039.572261
6067287.762729 -7949089.205956
6081034.001226 -7938578.303193
6094762.030788 -7928043.629299
6140390.092963 -7892756.774805
6144941.687900 -7889213.626991
6172208.270525 -7867899.660345
6181280.719118 -7860774.050401
6222004.763591 -7828579.483013
6240050.581043 -7814203.014129
6271550.773239 -7788944.145306
6311900.713515 -7756281.930328
6352080.551983 -7723410.688363
6383213.242879 -7697700.221230
6392089.205820 -7690331.305271
6423088.007450 -7664459.566633
6453982.095238 -7638462.876414
6489160.757095 -7608599.915134
6493548.389660 -7604855.640388
6515454.116374 -7586096.338528
6559102.806823 -7548388.594231
6598200.085605 -7514236.862804
6641432.909595 -7476053.029998
6662966.548980 -7456867.758461
6705867.386975 -7418311.303006
6744287.422889 -7383399.430985
6778286.014097 -7352199.583192
6803690.278844 -7328696.923026
6833225.570434 -7301166.229005
6854254.031084 -7281428.546471
6891961.473321 -7245748.205000
6921161.127062 -7217861.778480
6958537.676019 -7181834.961306
6991603.875153 -7149648.610453
7028625.362508 -7113257.025689
7032727.186889 -7109201.665082
7073616.514013 -7068518.190730
7098037.231413 -7043995.134969
7126420.596032 -7015278.290164
7166766.608632 -6974055.948829
7170788.117541 -6969920.930207
7174807.240662 -6965783.592629
7182838.324198 -6957501.966111
7198871.803045 -6940910.946217
7222850.140819 -6915955.164926
7246741.966782 -6890916.547665
7282416.870380 -6853203.960630
7286368.651485 -6849002.253953
7294264.939657 -6840592.005820
7325752.912717 -6806860.088309
7357084.895978 -6772983.229964
7376587.875363 -6751736.911125
7403788.931489 -6721897.757178
7434728.028716 -6687661.709374
7438584.298154 -6683372.175725
7469345.250202 -6648975.976291
7488490.120430 -6627406.409465
7496130.637010 -6618763.137693
7507572.703474 -6605781.717711
7515188.260709 -6597116.446305
7549334.353861 -6558014.243169
7564445.144864 -6540578.693842
7587035.803522 -6514360.115627
7617015.275799 -6479280.692194
7624484.826268 -6470489.249972
7643114.287856 -6448472.996203
7672789.129660 -6413135.502371
7698620.615617 -6382103.149965
7731648.046784 -6342051.598707
7742610.931383 -6328663.047218
7757192.040671 -6310782.173721
7760830.868801 -6306306.702490
7771731.855757 -6292867.705761
7800687.293947 -6256938.368088
7833063.586658 -6216358.648548
7865228.783164 -6175611.401998
7886554.543532 -6148354.042498
7921887.437760 -6102761.622696
7949964.040529 -6066141.422213
7956956.764286 -6056966.159002
7970910.434283 -6038591.462306
7988292.843242 -6015577.898308
8015966.433275 -5978652.201007
8022858.183916 -5969400.854422
8036609.644705 -5950874.340686
8063984.148398 -5913726.376354
8070800.967446 -5904419.678840
8081006.053969 -5890444.903037
8108101.235814 -5853092.716658
8128309.352958 -5824996.743571
8141727.358745 -5806227.313485
8158438.909048 -5782722.072462
8175082.599718 -5759168.732359
8194965.258927 -5730841.509323
8214749.762801 -5702445.645034
8221322.744137 -5692965.162087
8237707.310471 -5669230.835572
8244241.959308 -5659723.890473
8254023.357841 -5645449.353967
8276750.454010 -5612076.435870
8299342.616587 -5578612.025630
8312191.699512 -5559448.637280
8324996.533783 -5540255.654074
8328190.820505 -5535452.796046
8331382.336362 -5530648.096322
8359981.115246 -5487323.186466
8366305.830665 -5477675.305071
8378921.850547 -5458357.685461
8407144.710408 -5414786.959637
8413385.715300 -5405084.717706
8435141.002935 -5371070.308663
8465981.350056 -5322326.538319
8493496.863533 -5278305.696827
8496540.027023 -5273405.689798
8502617.872362 -5263600.413842
8514739.608185 -5243968.860014
8544845.502053 -5194768.074326
8556808.313047 -5175039.274611
8586515.916929 -5125596.980676
8598319.022990 -5105772.221602
8618864.282523 -5071013.555440
8636362.682342 -5041154.591861
8653757.639981 -5011235.247768
8668174.269330 -4986256.595537
8671048.947090 -4981255.881520
8688236.396562 -4951216.852194
8691090.859731 -4946204.571982
8710991.083903 -4911072.625829
8727935.400467 -4880895.783078
8744775.178037 -4850660.479316
8750365.171441 -4840569.115965
8775375.924075 -4795078.455162
8802888.254247 -4744381.770394
8821972.676241 -4708800.070044
8830107.705094 -4693527.236146
8838216.293235 -4678240.348037
8854354.050342 -4647624.592326
8857033.371003 -4642516.544391
8873047.380701 -4611835.879542
8881014.543585 -4596474.809746
8896869.066139 -4565711.425394
8904756.378335 -4550309.202955
8907379.558178 -4545172.098672
8925658.788468 -4509170.122301
8946371.141450 -4467935.026322
8954089.184564 -4452447.290523
8977082.350110 -4405904.274873
8979622.223799 -4400725.476311
8982159.109886 -4395545.213587
8999833.588856 -4359242.522836
9022342.287669 -4312463.291918
9032268.142594 -4291635.142959
9034742.095592 -4286424.531721
9051975.554255 -4249910.418489
9064194.833745 -4223786.454819
9073915.978904 -4202861.978198
9093213.307007 -4160946.016626
9095611.867148 -4155700.273384
9109939.650076 -4124196.839626
9117062.634293 -4108426.575026
9119430.896758 -4103167.084005
9138267.702256 -4061042.157120
9152267.632208 -4029391.664809
9168462.322797 -3992405.119155
9173061.934892 -3981825.553516
9193609.029247 -3934152.134495
9198141.422880 -3923543.597909
9218385.622412 -3875740.770033
9231743.772294 -3843814.111362
9247188.516878 -3806508.181171
9260306.890677 -3774482.254626
9281924.291165 -3721005.435778
9288349.324404 -3704938.167884
9303232.874405 -3667404.816022
9315869.496718 -3635185.761431
9322145.974413 -3619059.882309
9330471.186229 -3597541.861181
9336682.502023 -3581390.771254
9340807.848369 -3570617.417177
9346972.557889 -3554448.480717
9353109.279007 -3538268.900883
9371351.328614 -3489666.785767
9389340.826116 -3440970.626296
9407077.286707 -3392181.734801
9422630.216842 -3348737.045014
9432248.931858 -3321547.845126
9434163.262830 -3316106.682582
9436074.454970 -3310664.416739
9447475.656797 -3277987.753826
9466226.132351 -3223439.593230
9484661.658784 -3168784.186150
9495571.543470 -3135940.219910
9502781.622731 -3114023.351017
9504576.239888 -3108541.539075
9522348.389196 -3053666.837555
9539803.722149 -2998690.538030
9550124.608039 -2965656.752042
9553539.490116 -2954637.576894
9556941.657995 -2943614.469607
9560331.107148 -2932587.444851
9565391.423404 -2916039.594564
9572093.954246 -2893962.220052
9578745.529540 -2871869.439983
9595151.305555 -2816570.862503
9608046.100442 -2772264.441171
9612828.917929 -2755634.263583
9619161.229595 -2733447.866534
9625442.335158 -2711246.918402
9627004.606671 -2705694.421610
9634767.908993 -2677918.471471
9648539.859098 -2627865.785650
9656078.610707 -2600028.050589
9662051.787040 -2577742.280476
9676759.633386 -2521968.080224
9681109.228295 -2505219.373592
9688294.126897 -2477288.217132
9702422.111376 -2421364.320518
9703817.163072 -2415767.469290
9712119.657554 -2382169.548408
9723008.679976 -2337328.006317
9729709.198361 -2309276.708263
9740261.672477 -2264354.776020
9749324.959813 -2225008.500653
9758229.306579 -2185625.951582
9763246.087686 -2163105.598735
9764492.163201 -2157473.706627
9776774.170015 -2101115.615224
9777984.486873 -2095475.930303
9788730.895519 -2044687.617978
9789908.662188 -2039041.045692
9792254.423559 -2027745.867777
9799213.503940 -1993844.202590
9801507.119199 -1982538.320511
9802649.035442 -1976884.389118
9807184.082326 -1954262.105086
9818293.241726 -1897661.144535
9824801.962482 -1863670.141956
9834344.375765 -1812641.911373
9844636.209216 -1755886.644462
9851645.626782 -1716123.085416
9854600.503532 -1699072.957760
9860421.722971 -1664957.490498
9867999.620690 -1619439.250500
9874457.920289 -1579582.470287
9878076.106854 -1556795.563717
9886024.736037 -1505494.908149
9891175.822735 -1471271.845632
9899497.666901 -1414194.450215
9902734.197667 -1391350.211255
9903535.094203 -1385637.989477
9905918.012773 -1368498.565659
9910594.856574 -1334207.475938
9912127.428495 -1322773.541189
9916645.987669 -1288461.235448
9922485.960179 -1242687.559307
9928114.649751 -1196887.422188
9934853.212926 -1139601.525806
9938098.555323 -1110944.240138
9939373.548312 -1099478.725173
9944341.226766 -1053602.185665
9949676.754533 -1001964.310892
9953084.816281 -967523.973825
9957443.448939 -921585.569109
9962093.467351 -869881.456155
9966475.013524 -818153.900435
9968793.155560 -789406.752984
9970144.241512 -772155.297496
9971899.248559 -749149.769131
9975653.912819 -697372.935857
9977623.679157 -668599.818375
9978388.349076 -657089.000834
9979877.849108 -634064.757639
9980241.923432 -628308.164654
9982012.484903 -599522.102381
9982697.462561 -588006.267798
9985304.510973 -541935.257336
9987698.938830 -495852.707258
9988542.022489 -478568.976189
9989087.462022 -467045.689494
9990138.458856 -443997.266756
9990644.014758 -432472.161387
9991615.238169 -409420.239338
9992080.904386 -397893.453337
9993398.113694 -363309.979511
9993810.585069 -351781.167434
9994968.196325 -317191.983599
9995149.492939 -311426.739073
9996167.435561 -276833.163152
9996480.143826 -265301.213877
9996924.261699 -248002.632749
9997338.444967 -230703.309007
9997597.936193 -219170.039529
9998296.577575 -184568.542417
9998875.464190 -149964.834631
9999194.854690 -126894.672630
9999718.862095 -74984.525415
9999985.028093 -17304.274778
10000000.000000 -0.000001
