2000
9999950.652019 31415.874859
9999802.608561 62831.439656
9999555.871089 94246.384331
9999210.442038 125660.398834
9998766.324817 157073.173118
9998223.523808 188484.397154
9997582.044370 219893.760925
9996841.892833 251300.954433
9996003.076503 282705.667703
9995065.603657 314107.590781
9994029.483550 345506.413745
9992894.726406 376901.826699
9991661.343425 408293.519785
9990329.346781 439681.183179
9988898.749620 471064.507096
9987369.566060 502443.181798
9985741.811195 533816.897588
9984015.501090 565185.344820
9982190.652782 596548.213902
9980267.284283 627905.195293
9978245.414574 659255.979514
9976125.063612 690600.257144
9973906.252323 721937.718829
9971589.002606 753268.055279
9969173.337331 784590.957278
9966659.280340 815906.115682
9964046.856446 847213.221421
9961336.091432 878511.965507
9958527.012052 909802.039036
9955619.646031 941083.133185
9952614.022063 972354.939224
9949510.169813 1003617.148512
9946308.119914 1034869.452504
9943007.903970 1066111.542753
9939609.554552 1097343.110910
9936113.105200 1128563.848735
9932518.590423 1159773.448090
9928826.045698 1190971.600949
9925035.507468 1222157.999399
9921147.013145 1253332.335643
9917160.601106 1284494.302003
9913076.310695 1315643.590923
9908894.182223 1346779.894972
9904614.256967 1377902.906846
9900236.577166 1409012.319376
9895761.186027 1440107.825523
9891188.127720 1471189.118386
9886517.447379 1502255.891208
9881749.191103 1533307.837370
9876883.405951 1564344.650402
9871920.139948 1595366.023985
9866859.442079 1626371.651949
9861701.362290 1657361.228281
9856445.951490 1688334.447127
9851093.261548 1719291.002794
9845643.345292 1750230.589753
9840096.256511 1781152.902642
9834452.049953 1812057.636271
9828710.781324 1842944.485623
9822872.507287 1873813.145857
9816937.285464 1904663.312312
9810905.174433 1935494.680509
9804776.233729 1966306.946154
9798550.523842 1997099.805144
9792228.106218 2027872.953565
9785809.043255 2058626.087699
9779293.398307 2089358.904024
9772681.235682 2120071.099221
9765972.620638 2150762.370171
9759167.619387 2181432.413965
9752266.299092 2212080.927902
9745268.727866 2242707.609494
9738174.974771 2273312.156466
9730985.109821 2303894.266766
9723699.203977 2334453.638559
9716317.329147 2364989.970237
9708839.558187 2395502.960419
9701265.964901 2425992.307954
9693596.624036 2456457.711924
9685831.611286 2486898.871649
9677971.003289 2517315.486685
9670014.877624 2547707.256834
9661963.312817 2578073.882141
9653816.388333 2608415.062899
9645574.184578 2638730.499654
9637236.782900 2669019.893204
9628804.265586 2699282.944605
9620276.715861 2729519.355173
9611654.217889 2759728.826487
9602936.856769 2789911.060392
9594124.718540 2820065.759001
9585217.890174 2850192.624700
9576216.459576 2880291.360148
9567120.515588 2910361.668283
9557930.147983 2940403.252323
9548645.447466 2970415.815770
9539266.505674 3000399.062413
9529793.415172 3030352.696328
9520226.269457 3060276.421885
9510565.162952 3090169.943749
9500810.191008 3120032.966884
9490961.449903 3149865.196553
9481019.036840 3179666.338324
9470983.049947 3209436.098072
9460853.588275 3239174.181982
9450630.751798 3268880.296549
9440314.641410 3298554.148589
9429905.358929 3328195.445230
9419403.007088 3357803.893926
9408807.689542 3387379.202453
9398119.510863 3416921.078915
9387338.576539 3446429.231745
9376464.992972 3475903.369710
9365498.867482 3505343.201913
9354440.308299 3534748.437793
9343289.424566 3564118.787133
9332046.326339 3593453.960059
9320711.124582 3622753.667045
9309283.931169 3652017.618916
9297764.858883 3681245.526847
9286154.021410 3710437.102371
9274451.533347 3739592.057378
9262657.510191 3768710.104122
9250772.068345 3797790.955218
9238795.325113 3826834.323651
9226727.398701 3855839.922774
9214568.408215 3884807.466314
9202318.473659 3913736.668372
9189977.715934 3942627.243430
9177546.256840 3971478.906348
9165024.219069 4000291.372373
9152411.726209 4029064.357137
9139708.902741 4057797.576662
9126915.874035 4086490.747364
9114032.766354 4115143.586051
9101059.706850 4143755.809933
9087996.823560 4172327.136618
9074844.245411 4200857.284118
9061602.102213 4229345.970853
9048270.524660 4257792.915651
9034849.644330 4286197.837751
9021339.593682 4314560.456810
9007740.506054 4342880.492898
8994052.515664 4371157.666509
8980275.757606 4399391.698559
8966410.367852 4427582.310389
8952456.483248 4455729.223769
8938414.241513 4483832.160900
8924283.781237 4511890.844418
8910065.241884 4539904.997395
8895758.763783 4567874.343343
8881364.488135 4595798.606215
8866882.557006 4623677.510410
8852313.113325 4651510.780775
8837656.300887 4679298.142606
8822912.264350 4707039.321653
8808081.149230 4734734.044123
8793163.101906 4762382.036679
8778158.269611 4789983.026448
8763066.800439 4817536.741017
8747888.843335 4845042.908444
8732624.548099 4872501.257253
8717274.065385 4899911.516442
8701837.546695 4927273.415483
8686315.144382 4954586.684324
8670707.011645 4981851.053395
8655013.302530 5009066.253607
8639234.171928 5036232.016358
8623369.775573 5063348.073531
8607420.270039 5090414.157504
8591385.812743 5117430.001143
8575266.561937 5144395.337815
8559062.676711 5171309.901382
8542774.316993 5198173.426207
8526401.643541 5224985.647160
8509944.817947 5251746.299613
8493404.002633 5278455.119451
8476779.360851 5305111.843067
8460071.056678 5331716.207372
8443279.255020 5358267.949790
8426404.121604 5384766.808267
8409445.822982 5411212.521269
8392404.526524 5437604.827788
8375280.400421 5463943.467343
8358073.613683 5490228.179981
8340784.336132 5516458.706284
8323412.738407 5542634.787367
8305958.991958 5568756.164882
8288423.269048 5594822.581022
8270805.742746 5620833.778521
8253106.586930 5646789.500661
8235325.976284 5672689.491268
8217464.086296 5698533.494719
8199521.093255 5724321.255946
8181497.174250 5750052.520433
8163392.507172 5775727.034223
8145207.270705 5801344.543919
8126941.644331 5826904.796686
8108595.808324 5852407.540255
8090169.943749 5877852.522925
8071664.232464 5903239.493563
8053078.857111 5928568.201611
8034414.001121 5953838.397084
8015669.848709 5979049.830575
7996846.584871 6004202.253259
7977944.395386 6029295.416890
7958963.466810 6054329.073810
7939903.986478 6079302.976946
7920766.142500 6104216.879816
7901550.123757 6129070.536530
7882256.119904 6153863.701792
7862884.321366 6178596.130903
7843434.919334 6203267.579766
7823908.105766 6227877.804881
7804304.073383 6252426.563357
7784623.015670 6276913.612907
7764865.126871 6301338.711854
7745030.601987 6325701.619131
7725119.636779 6350002.094288
7705132.427758 6374239.897487
7685069.172191 6398414.789512
7664930.068093 6422526.531766
7644715.314231 6446574.886276
7624425.110114 6470559.615694
7604059.656000 6494480.483302
7583619.152887 6518337.253009
7563103.802515 6542129.689359
7542513.807361 6565857.557530
7521849.370641 6589520.623337
7501110.696305 6613118.653237
7480297.989034 6636651.414325
7459411.454242 6660118.674343
7438451.298070 6683520.201678
7417417.727387 6706855.765367
7396310.949786 6730125.135098
7375131.173582 6753328.081210
7353878.607810 6776464.374701
7332553.462226 6799533.787224
7311155.947299 6822536.091094
7289686.274214 6845471.059287
7268144.654869 6868338.465444
7246531.301870 6891138.083874
7224846.428533 6913869.689552
7203090.248879 6936533.058128
7181262.977632 6959127.965923
7159364.830218 6981654.189935
7137396.022764 7004111.507838
7115356.772093 7026499.697989
7093247.295723 7048818.539424
7071067.811865 7071067.811866
7048818.539424 7093247.295723
7026499.697988 7115356.772093
7004111.507838 7137396.022764
6981654.189935 7159364.830218
6959127.965923 7181262.977632
6936533.058128 7203090.248879
6913869.689552 7224846.428534
6891138.083873 7246531.301870
6868338.465444 7268144.654869
6845471.059287 7289686.274214
6822536.091094 7311155.947299
6799533.787224 7332553.462226
6776464.374701 7353878.607810
6753328.081210 7375131.173582
6730125.135098 7396310.949786
6706855.765367 7417417.727387
6683520.201678 7438451.298070
6660118.674342 7459411.454242
6636651.414325 7480297.989034
6613118.653236 7501110.696305
6589520.623337 7521849.370641
6565857.557530 7542513.807361
6542129.689359 7563103.802515
6518337.253009 7583619.152887
6494480.483302 7604059.656000
6470559.615694 7624425.110115
6446574.886276 7644715.314231
6422526.531766 7664930.068094
6398414.789512 7685069.172191
6374239.897487 7705132.427758
6350002.094288 7725119.636779
6325701.619131 7745030.601987
6301338.711854 7764865.126871
6276913.612907 7784623.015670
6252426.563357 7804304.073383
6227877.804881 7823908.105766
6203267.579766 7843434.919334
6178596.130903 7862884.321366
6153863.701792 7882256.119904
6129070.536530 7901550.123757
6104216.879816 7920766.142500
6079302.976946 7939903.986478
6054329.073810 7958963.466810
6029295.416890 7977944.395386
6004202.253259 7996846.584871
5979049.830575 8015669.848709
5953838.397084 8034414.001121
5928568.201611 8053078.857111
5903239.493563 8071664.232464
5877852.522925 8090169.943750
5852407.540255 8108595.808324
5826904.796686 8126941.644331
5801344.543918 8145207.270705
5775727.034223 8163392.507172
5750052.520433 8181497.174250
5724321.255946 8199521.093255
5698533.494719 8217464.086296
5672689.491268 8235325.976284
5646789.500661 8253106.586930
5620833.778521 8270805.742746
5594822.581022 8288423.269048
5568756.164882 8305958.991958
5542634.787367 8323412.738407
5516458.706284 8340784.336132
5490228.179981 8358073.613683
5463943.467343 8375280.400421
5437604.827788 8392404.526524
5411212.521269 8409445.822982
5384766.808267 8426404.121604
5358267.949790 8443279.255020
5331716.207372 8460071.056678
5305111.843067 8476779.360851
5278455.119451 8493404.002633
5251746.299613 8509944.817947
5224985.647159 8526401.643541
5198173.426207 8542774.316993
5171309.901382 8559062.676711
5144395.337815 8575266.561937
5117430.001143 8591385.812743
5090414.157504 8607420.270039
5063348.073531 8623369.775573
5036232.016358 8639234.171928
5009066.253607 8655013.302530
4981851.053395 8670707.011645
4954586.684324 8686315.144382
4927273.415483 8701837.546695
4899911.516442 8717274.065385
4872501.257253 8732624.548099
4845042.908444 8747888.843335
4817536.741017 8763066.800439
4789983.026448 8778158.269611
4762382.036679 8793163.101906
4734734.044123 8808081.149230
4707039.321653 8822912.264350
4679298.142606 8837656.300887
4651510.780775 8852313.113325
4623677.510410 8866882.557006
4595798.606215 8881364.488135
4567874.343343 8895758.763783
4539904.997395 8910065.241884
4511890.844418 8924283.781237
4483832.160900 8938414.241513
4455729.223769 8952456.483248
4427582.310389 8966410.367852
4399391.698559 8980275.757606
4371157.666509 8994052.515664
4342880.492898 9007740.506054
4314560.456810 9021339.593682
4286197.837751 9034849.644330
4257792.915651 9048270.524660
4229345.970853 9061602.102213
4200857.284118 9074844.245411
4172327.136618 9087996.823560
4143755.809933 9101059.706850
4115143.586051 9114032.766354
4086490.747363 9126915.874035
4057797.576662 9139708.902741
4029064.357137 9152411.726209
4000291.372373 9165024.219069
3971478.906348 9177546.256840
3942627.243429 9189977.715934
3913736.668372 9202318.473659
3884807.466314 9214568.408215
3855839.922774 9226727.398701
3826834.323651 9238795.325113
3797790.955218 9250772.068345
3768710.104122 9262657.510191
3739592.057378 9274451.533347
3710437.102370 9286154.021410
3681245.526847 9297764.858883
3652017.618916 9309283.931169
3622753.667045 9320711.124582
3593453.960059 9332046.326339
3564118.787132 9343289.424566
3534748.437792 9354440.308299
3505343.201913 9365498.867482
3475903.369710 9376464.992972
3446429.231745 9387338.576539
3416921.078915 9398119.510863
3387379.202453 9408807.689542
3357803.893926 9419403.007088
3328195.445230 9429905.358929
3298554.148588 9440314.641411
3268880.296549 9450630.751798
3239174.181981 9460853.588275
3209436.098072 9470983.049947
3179666.338324 9481019.036840
3149865.196553 9490961.449903
3120032.966884 9500810.191008
3090169.943749 9510565.162952
3060276.421885 9520226.269457
3030352.696328 9529793.415172
3000399.062413 9539266.505674
2970415.815770 9548645.447466
2940403.252323 9557930.147983
2910361.668283 9567120.515588
2880291.360148 9576216.459576
2850192.624700 9585217.890174
2820065.759001 9594124.718540
2789911.060392 9602936.856769
2759728.826487 9611654.217889
2729519.355173 9620276.715861
2699282.944605 9628804.265586
2669019.893204 9637236.782900
2638730.499654 9645574.184578
2608415.062899 9653816.388333
2578073.882141 9661963.312817
2547707.256834 9670014.877624
2517315.486685 9677971.003289
2486898.871648 9685831.611286
2456457.711924 9693596.624036
2425992.307954 9701265.964901
2395502.960419 9708839.558187
2364989.970237 9716317.329147
2334453.638559 9723699.203977
2303894.266766 9730985.109821
2273312.156466 9738174.974771
2242707.609494 9745268.727866
2212080.927902 9752266.299092
2181432.413965 9759167.619387
2150762.370171 9765972.620638
2120071.099220 9772681.235682
2089358.904024 9779293.398307
2058626.087699 9785809.043255
2027872.953565 9792228.106218
1997099.805144 9798550.523842
1966306.946154 9804776.233729
1935494.680509 9810905.174433
1904663.312312 9816937.285464
1873813.145857 9822872.507287
1842944.485623 9828710.781324
1812057.636271 9834452.049953
1781152.902642 9840096.256511
1750230.589753 9845643.345292
1719291.002794 9851093.261548
1688334.447127 9856445.951490
1657361.228281 9861701.362290
1626371.651949 9866859.442079
1595366.023985 9871920.139948
1564344.650402 9876883.405951
1533307.837370 9881749.191103
1502255.891207 9886517.447379
1471189.118386 9891188.127720
1440107.825522 9895761.186027
1409012.319376 9900236.577166
1377902.906846 9904614.256967
1346779.894971 9908894.182223
1315643.590923 9913076.310695
1284494.302003 9917160.601106
1253332.335643 9921147.013145
1222157.999399 9925035.507468
1190971.600949 9928826.045698
1159773.448090 9932518.590423
1128563.848735 9936113.105200
1097343.110910 9939609.554552
1066111.542752 9943007.903970
1034869.452504 9946308.119914
1003617.148512 9949510.169813
972354.939224 9952614.022063
941083.133185 9955619.646031
909802.039036 9958527.012052
878511.965507 9961336.091432
847213.221421 9964046.856446
815906.115681 9966659.280340
784590.957278 9969173.337331
753268.055279 9971589.002606
721937.718829 9973906.252323
690600.257144 9976125.063612
659255.979514 9978245.414574
627905.195293 9980267.284283
596548.213902 9982190.652782
565185.344820 9984015.501090
533816.897587 9985741.811195
502443.181798 9987369.566060
471064.507096 9988898.749620
439681.183179 9990329.346781
408293.519785 9991661.343425
376901.826699 9992894.726406
345506.413745 9994029.483550
314107.590781 9995065.603657
282705.667703 9996003.076503
251300.954433 9996841.892833
219893.760925 9997582.044370
188484.397154 9998223.523808
157073.173118 9998766.324817
125660.398833 9999210.442038
94246.384331 9999555.871089
62831.439655 9999802.608561
31415.874859 9999950.652019
-0.000000 10000000.000000
-31415.874859 9999950.652019
-62831.439656 9999802.608561
-94246.384332 9999555.871089
-125660.398834 9999210.442038
-157073.173118 9998766.324817
-188484.397154 9998223.523808
-219893.760925 9997582.044370
-251300.954433 9996841.892833
-282705.667703 9996003.076503
-314107.590781 9995065.603657
-345506.413745 9994029.483550
-376901.826699 9992894.726406
-408293.519785 9991661.343425
-439681.183179 9990329.346781
-471064.507097 9988898.749620
-502443.181798 9987369.566060
-533816.897588 9985741.811195
-565185.344820 9984015.501090
-596548.213902 9982190.652782
-627905.195293 9980267.284283
-659255.979514 9978245.414574
-690600.257144 9976125.063612
-721937.718829 9973906.252323
-753268.055279 9971589.002606
-784590.957279 9969173.337331
-815906.115682 9966659.280340
-847213.221421 9964046.856446
-878511.965508 9961336.091432
-909802.039036 9958527.012052
-941083.133185 9955619.646031
-972354.939224 9952614.022063
-1003617.148512 9949510.169813
-1034869.452504 9946308.119914
-1066111.542753 9943007.903970
-1097343.110911 9939609.554552
-1128563.848735 9936113.105200
-1159773.448090 9932518.590423
-1190971.600949 9928826.045698
-1222157.999399 9925035.507468
-1253332.335643 9921147.013145
-1284494.302003 9917160.601106
-1315643.590923 9913076.310695
-1346779.894972 9908894.182223
-1377902.906847 9904614.256966
-1409012.319376 9900236.577166
-1440107.825523 9895761.186026
-1471189.118386 9891188.127720
-1502255.891208 9886517.447379
-1533307.837370 9881749.191103
-1564344.650402 9876883.405951
-1595366.023985 9871920.139948
-1626371.651949 9866859.442079
-1657361.228281 9861701.362290
-1688334.447127 9856445.951490
-1719291.002794 9851093.261548
-1750230.589753 9845643.345292
-1781152.902642 9840096.256511
-1812057.636271 9834452.049953
-1842944.485623 9828710.781324
-1873813.145857 9822872.507287
-1904663.312312 9816937.285464
-1935494.680509 9810905.174433
-1966306.946154 9804776.233729
-1997099.805144 9798550.523842
-2027872.953565 9792228.106218
-2058626.087699 9785809.043255
-2089358.904024 9779293.398307
-2120071.099221 9772681.235682
-2150762.370171 9765972.620638
-2181432.413966 9759167.619387
-2212080.927903 9752266.299092
-2242707.609494 9745268.727866
-2273312.156467 9738174.974771
-2303894.266766 9730985.109821
-2334453.638559 9723699.203977
-2364989.970237 9716317.329147
-2395502.960419 9708839.558187
-2425992.307954 9701265.964901
-2456457.711924 9693596.624036
-2486898.871649 9685831.611286
-2517315.486685 9677971.003289
-2547707.256834 9670014.877624
-2578073.882141 9661963.312817
-2608415.062899 9653816.388333
-2638730.499654 9645574.184578
-2669019.893204 9637236.782900
-2699282.944605 9628804.265586
-2729519.355173 9620276.715861
-2759728.826488 9611654.217888
-2789911.060392 9602936.856769
-2820065.759001 9594124.718540
-2850192.624700 9585217.890174
-2880291.360148 9576216.459576
-2910361.668283 9567120.515588
-2940403.252323 9557930.147983
-2970415.815770 9548645.447466
-3000399.062413 9539266.505674
-3030352.696328 9529793.415172
-3060276.421885 9520226.269457
-3090169.943750 9510565.162951
-3120032.966884 9500810.191008
-3149865.196553 9490961.449903
-3179666.338324 9481019.036840
-3209436.098072 9470983.049947
-3239174.181982 9460853.588275
-3268880.296550 9450630.751798
-3298554.148589 9440314.641410
-3328195.445230 9429905.358929
-3357803.893926 9419403.007088
-3387379.202453 9408807.689542
-3416921.078915 9398119.510863
-3446429.231745 9387338.576539
-3475903.369711 9376464.992972
-3505343.201913 9365498.867482
-3534748.437793 9354440.308299
-3564118.787133 9343289.424566
-3593453.960059 9332046.326339
-3622753.667046 9320711.124582
-3652017.618916 9309283.931169
-3681245.526847 9297764.858882
-3710437.102371 9286154.021410
-3739592.057378 9274451.533347
-3768710.104122 9262657.510191
-3797790.955218 9250772.068345
-3826834.323651 9238795.325113
-3855839.922774 9226727.398701
-3884807.466314 9214568.408215
-3913736.668372 9202318.473659
-3942627.243430 9189977.715934
-3971478.906348 9177546.256840
-4000291.372373 9165024.219069
-4029064.357137 9152411.726209
-4057797.576662 9139708.902741
-4086490.747364 9126915.874035
-4115143.586051 9114032.766354
-4143755.809933 9101059.706850
-4172327.136618 9087996.823560
-4200857.284118 9074844.245411
-4229345.970853 9061602.102213
-4257792.915651 9048270.524660
-4286197.837751 9034849.644330
-4314560.456810 9021339.593682
-4342880.492898 9007740.506054
-4371157.666509 8994052.515664
-4399391.698559 8980275.757606
-4427582.310389 8966410.367852
-4455729.223769 8952456.483248
-4483832.160900 8938414.241513
-4511890.844419 8924283.781237
-4539904.997396 8910065.241884
-4567874.343343 8895758.763783
-4595798.606215 8881364.488135
-4623677.510410 8866882.557006
-4651510.780775 8852313.113325
-4679298.142606 8837656.300887
-4707039.321653 8822912.264349
-4734734.044123 8808081.149230
-4762382.036679 8793163.101906
-4789983.026448 8778158.269611
-4817536.741017 8763066.800439
-4845042.908444 8747888.843334
-4872501.257253 8732624.548099
-4899911.516442 8717274.065385
-4927273.415483 8701837.546695
-4954586.684324 8686315.144382
-4981851.053395 8670707.011645
-5009066.253607 8655013.302530
-5036232.016358 8639234.171928
-5063348.073531 8623369.775573
-5090414.157504 8607420.270039
-5117430.001144 8591385.812743
-5144395.337815 8575266.561936
-5171309.901382 8559062.676711
-5198173.426207 8542774.316993
-5224985.647160 8526401.643541
-5251746.299613 8509944.817947
-5278455.119451 8493404.002633
-5305111.843067 8476779.360851
-5331716.207372 8460071.056678
-5358267.949790 8443279.255020
-5384766.808267 8426404.121604
-5411212.521269 8409445.822982
-5437604.827788 8392404.526524
-5463943.467343 8375280.400421
-5490228.179981 8358073.613683
-5516458.706284 8340784.336132
-5542634.787367 8323412.738407
-5568756.164882 8305958.991958
-5594822.581022 8288423.269048
-5620833.778521 8270805.742746
-5646789.500661 8253106.586930
-5672689.491268 8235325.976284
-5698533.494719 8217464.086296
-5724321.255946 8199521.093255
-5750052.520433 8181497.174250
-5775727.034223 8163392.507172
-5801344.543919 8145207.270705
-5826904.796686 8126941.644331
-5852407.540255 8108595.808324
-5877852.522925 8090169.943749
-5903239.493563 8071664.232464
-5928568.201611 8053078.857111
-5953838.397084 8034414.001121
-5979049.830575 8015669.848709
-6004202.253259 7996846.584871
-6029295.416890 7977944.395386
-6054329.073810 7958963.466810
-6079302.976946 7939903.986478
-6104216.879816 7920766.142500
-6129070.536530 7901550.123757
-6153863.701792 7882256.119904
-6178596.130903 7862884.321366
-6203267.579766 7843434.919334
-6227877.804881 7823908.105766
-6252426.563357 7804304.073383
-6276913.612907 7784623.015670
-6301338.711854 7764865.126871
-6325701.619131 7745030.601987
-6350002.094288 7725119.636779
-6374239.897487 7705132.427758
-6398414.789512 7685069.172191
-6422526.531766 7664930.068094
-6446574.886276 7644715.314231
-6470559.615694 7624425.110114
-6494480.483302 7604059.656000
-6518337.253009 7583619.152887
-6542129.689359 7563103.802515
-6565857.557530 7542513.807361
-6589520.623337 7521849.370641
-6613118.653236 7501110.696305
-6636651.414325 7480297.989034
-6660118.674342 7459411.454242
-6683520.201678 7438451.298070
-6706855.765367 7417417.727387
-6730125.135098 7396310.949786
-6753328.081210 7375131.173582
-6776464.374701 7353878.607810
-6799533.787224 7332553.462226
-6822536.091094 7311155.947299
-6845471.059287 7289686.274214
-6868338.465444 7268144.654869
-6891138.083873 7246531.301871
-6913869.689552 7224846.428534
-6936533.058128 7203090.248879
-6959127.965923 7181262.977632
-6981654.189935 7159364.830218
-7004111.507838 7137396.022764
-7026499.697988 7115356.772093
-7048818.539424 7093247.295723
-7071067.811865 7071067.811866
-7093247.295723 7048818.539424
-7115356.772093 7026499.697989
-7137396.022764 7004111.507838
-7159364.830218 6981654.189935
-7181262.977632 6959127.965923
-7203090.248879 6936533.058128
-7224846.428533 6913869.689552
-7246531.301870 6891138.083874
-7268144.654869 6868338.465444
-7289686.274214 6845471.059287
-7311155.947299 6822536.091094
-7332553.462226 6799533.787224
-7353878.607810 6776464.374701
-7375131.173582 6753328.081210
-7396310.949786 6730125.135098
-7417417.727387 6706855.765367
-7438451.298070 6683520.201678
-7459411.454242 6660118.674343
-7480297.989034 6636651.414325
-7501110.696305 6613118.653237
-7521849.370641 6589520.623337
-7542513.807361 6565857.557530
-7563103.802515 6542129.689359
-7583619.152887 6518337.253009
-7604059.656000 6494480.483302
-7624425.110114 6470559.615695
-7644715.314231 6446574.886276
-7664930.068093 6422526.531766
-7685069.172191 6398414.789512
-7705132.427758 6374239.897487
-7725119.636779 6350002.094288
-7745030.601987 6325701.619131
-7764865.126871 6301338.711854
-7784623.015670 6276913.612907
-7804304.073383 6252426.563357
-7823908.105766 6227877.804881
-7843434.919334 6203267.579766
-7862884.321366 6178596.130903
-7882256.119904 6153863.701792
-7901550.123757 6129070.536530
-7920766.142500 6104216.879816
-7939903.986478 6079302.976946
-7958963.466810 6054329.073810
-7977944.395386 6029295.416890
-7996846.584871 6004202.253259
-8015669.848709 5979049.830575
-8034414.001121 5953838.397084
-8053078.857111 5928568.201611
-8071664.232464 5903239.493563
-8090169.943749 5877852.522925
-8108595.808324 5852407.540255
-8126941.644331 5826904.796686
-8145207.270705 5801344.543919
-8163392.507172 5775727.034223
-8181497.174250 5750052.520433
-8199521.093254 5724321.255946
-8217464.086296 5698533.494719
-8235325.976284 5672689.491268
-8253106.586930 5646789.500661
-8270805.742746 5620833.778521
-8288423.269048 5594822.581022
-8305958.991958 5568756.164882
-8323412.738407 5542634.787367
-8340784.336132 5516458.706284
-8358073.613683 5490228.179981
-8375280.400421 5463943.467343
-8392404.526524 5437604.827788
-8409445.822982 5411212.521269
-8426404.121604 5384766.808267
-8443279.255020 5358267.949790
-8460071.056678 5331716.207372
-8476779.360851 5305111.843068
-8493404.002633 5278455.119451
-8509944.817947 5251746.299613
-8526401.643541 5224985.647160
-8542774.316993 5198173.426207
-8559062.676711 5171309.901382
-8575266.561936 5144395.337815
-8591385.812743 5117430.001144
-8607420.270039 5090414.157504
-8623369.775573 5063348.073532
-8639234.171928 5036232.016358
-8655013.302530 5009066.253607
-8670707.011645 4981851.053395
-8686315.144382 4954586.684324
-8701837.546695 4927273.415483
-8717274.065385 4899911.516443
-8732624.548099 4872501.257254
-8747888.843334 4845042.908444
-8763066.800439 4817536.741017
-8778158.269611 4789983.026448
-8793163.101905 4762382.036680
-8808081.149230 4734734.044123
-8822912.264349 4707039.321654
-8837656.300887 4679298.142606
-8852313.113324 4651510.780775
-8866882.557005 4623677.510410
-8881364.488135 4595798.606215
-8895758.763783 4567874.343343
-8910065.241884 4539904.997396
-8924283.781237 4511890.844419
-8938414.241513 4483832.160901
-8952456.483248 4455729.223769
-8966410.367852 4427582.310389
-8980275.757606 4399391.698559
-8994052.515664 4371157.666510
-9007740.506054 4342880.492898
-9021339.593682 4314560.456810
-9034849.644330 4286197.837752
-9048270.524660 4257792.915651
-9061602.102213 4229345.970853
-9074844.245411 4200857.284118
-9087996.823560 4172327.136618
-9101059.706850 4143755.809933
-9114032.766354 4115143.586051
-9126915.874035 4086490.747364
-9139708.902740 4057797.576662
-9152411.726209 4029064.357137
-9165024.219069 4000291.372373
-9177546.256840 3971478.906348
-9189977.715934 3942627.243430
-9202318.473659 3913736.668372
-9214568.408215 3884807.466314
-9226727.398701 3855839.922774
-9238795.325113 3826834.323651
-9250772.068344 3797790.955218
-9262657.510191 3768710.104122
-9274451.533346 3739592.057378
-9286154.021410 3710437.102371
-9297764.858882 3681245.526847
-9309283.931169 3652017.618916
-9320711.124582 3622753.667046
-9332046.326339 3593453.960059
-9343289.424566 3564118.787133
-9354440.308299 3534748.437793
-9365498.867482 3505343.201913
-9376464.992972 3475903.369711
-9387338.576539 3446429.231745
-9398119.510863 3416921.078915
-9408807.689542 3387379.202453
-9419403.007088 3357803.893926
-9429905.358929 3328195.445230
-9440314.641410 3298554.148589
-9450630.751798 3268880.296550
-9460853.588275 3239174.181982
-9470983.049947 3209436.098072
-9481019.036840 3179666.338324
-9490961.449903 3149865.196553
-9500810.191008 3120032.966884
-9510565.162951 3090169.943750
-9520226.269457 3060276.421885
-9529793.415172 3030352.696328
-9539266.505674 3000399.062413
-9548645.447466 2970415.815771
-9557930.147983 2940403.252323
-9567120.515588 2910361.668283
-9576216.459576 2880291.360148
-9585217.890174 2850192.624700
-9594124.718540 2820065.759002
-9602936.856769 2789911.060393
-9611654.217888 2759728.826488
-9620276.715861 2729519.355174
-9628804.265586 2699282.944605
-9637236.782900 2669019.893204
-9645574.184578 2638730.499654
-9653816.388333 2608415.062899
-9661963.312817 2578073.882141
-9670014.877624 2547707.256834
-9677971.003289 2517315.486685
-9685831.611286 2486898.871649
-9693596.624036 2456457.711925
-9701265.964901 2425992.307954
-9708839.558187 2395502.960420
-9716317.329147 2364989.970238
-9723699.203977 2334453.638559
-9730985.109821 2303894.266766
-9738174.974771 2273312.156467
-9745268.727866 2242707.609494
-9752266.299092 2212080.927903
-9759167.619387 2181432.413966
-9765972.620638 2150762.370172
-9772681.235682 2120071.099221
-9779293.398307 2089358.904025
-9785809.043255 2058626.087699
-9792228.106218 2027872.953566
-9798550.523842 1997099.805145
-9804776.233729 1966306.946155
-9810905.174433 1935494.680509
-9816937.285464 1904663.312312
-9822872.507287 1873813.145858
-9828710.781324 1842944.485624
-9834452.049953 1812057.636272
-9840096.256511 1781152.902643
-9845643.345292 1750230.589753
-9851093.261548 1719291.002795
-9856445.951490 1688334.447128
-9861701.362290 1657361.228282
-9866859.442079 1626371.651949
-9871920.139948 1595366.023985
-9876883.405951 1564344.650403
-9881749.191103 1533307.837370
-9886517.447379 1502255.891208
-9891188.127720 1471189.118387
-9895761.186026 1440107.825523
-9900236.577166 1409012.319376
-9904614.256966 1377902.906847
-9908894.182223 1346779.894972
-9913076.310695 1315643.590923
-9917160.601106 1284494.302004
-9921147.013145 1253332.335644
-9925035.507468 1222157.999399
-9928826.045698 1190971.600949
-9932518.590423 1159773.448090
-9936113.105200 1128563.848735
-9939609.554552 1097343.110911
-9943007.903970 1066111.542753
-9946308.119914 1034869.452505
-9949510.169813 1003617.148513
-9952614.022063 972354.939224
-9955619.646031 941083.133186
-9958527.012052 909802.039036
-9961336.091432 878511.965508
-9964046.856446 847213.221421
-9966659.280340 815906.115682
-9969173.337331 784590.957279
-9971589.002606 753268.055280
-9973906.252323 721937.718829
-9976125.063612 690600.257145
-9978245.414574 659255.979514
-9980267.284283 627905.195294
-9982190.652782 596548.213902
-9984015.501090 565185.344821
-9985741.811195 533816.897588
-9987369.566060 502443.181798
-9988898.749620 471064.507097
-9990329.346781 439681.183179
-9991661.343425 408293.519786
-9992894.726406 376901.826700
-9994029.483550 345506.413745
-9995065.603657 314107.590782
-9996003.076503 282705.667703
-9996841.892833 251300.954434
-9997582.044370 219893.760926
-9998223.523808 188484.397155
-9998766.324817 157073.173119
-9999210.442038 125660.398834
-9999555.871089 94246.384332
-9999802.608561 62831.439656
-9999950.652019 31415.874859
-10000000.000000 0.000001
-9999950.652019 -31415.874858
-9999802.608561 -62831.439655
-9999555.871090 -94246.384331
-9999210.442038 -125660.398833
-9998766.324817 -157073.173118
-9998223.523808 -188484.397154
-9997582.044370 -219893.760924
-9996841.892833 -251300.954433
-9996003.076503 -282705.667702
-9995065.603657 -314107.590781
-9994029.483550 -345506.413744
-9992894.726406 -376901.826699
-9991661.343425 -408293.519785
-9990329.346781 -439681.183178
-9988898.749620 -471064.507096
-9987369.566060 -502443.181797
-9985741.811195 -533816.897587
-9984015.501090 -565185.344820
-9982190.652782 -596548.213901
-9980267.284283 -627905.195293
-9978245.414574 -659255.979513
-9976125.063612 -690600.257143
-9973906.252323 -721937.718828
-9971589.002606 -753268.055279
-9969173.337331 -784590.957278
-9966659.280340 -815906.115681
-9964046.856446 -847213.221420
-9961336.091432 -878511.965507
-9958527.012052 -909802.039035
-9955619.646031 -941083.133185
-9952614.022063 -972354.939223
-9949510.169813 -1003617.148512
-9946308.119914 -1034869.452504
-9943007.903970 -1066111.542752
-9939609.554552 -1097343.110910
-9936113.105200 -1128563.848734
-9932518.590423 -1159773.448089
-9928826.045698 -1190971.600948
-9925035.507468 -1222157.999398
-9921147.013145 -1253332.335642
-9917160.601106 -1284494.302002
-9913076.310695 -1315643.590922
-9908894.182223 -1346779.894971
-9904614.256967 -1377902.906846
-9900236.577166 -1409012.319375
-9895761.186027 -1440107.825522
-9891188.127720 -1471189.118386
-9886517.447379 -1502255.891207
-9881749.191103 -1533307.837369
-9876883.405951 -1564344.650402
-9871920.139948 -1595366.023984
-9866859.442079 -1626371.651948
-9861701.362290 -1657361.228281
-9856445.951490 -1688334.447127
-9851093.261548 -1719291.002793
-9845643.345292 -1750230.589752
-9840096.256512 -1781152.902641
-9834452.049953 -1812057.636271
-9828710.781324 -1842944.485623
-9822872.507287 -1873813.145857
-9816937.285464 -1904663.312311
-9810905.174433 -1935494.680508
-9804776.233730 -1966306.946154
-9798550.523843 -1997099.805143
-9792228.106218 -2027872.953564
-9785809.043255 -2058626.087698
-9779293.398307 -2089358.904023
-9772681.235682 -2120071.099220
-9765972.620638 -2150762.370170
-9759167.619388 -2181432.413965
-9752266.299092 -2212080.927902
-9745268.727866 -2242707.609493
-9738174.974771 -2273312.156466
-9730985.109821 -2303894.266765
-9723699.203977 -2334453.638558
-9716317.329147 -2364989.970237
-9708839.558187 -2395502.960419
-9701265.964901 -2425992.307953
-9693596.624036 -2456457.711924
-9685831.611286 -2486898.871648
-9677971.003289 -2517315.486684
-9670014.877625 -2547707.256833
-9661963.312817 -2578073.882140
-9653816.388333 -2608415.062898
-9645574.184578 -2638730.499653
-9637236.782900 -2669019.893203
-9628804.265586 -2699282.944604
-9620276.715861 -2729519.355173
-9611654.217889 -2759728.826487
-9602936.856770 -2789911.060392
-9594124.718541 -2820065.759001
-9585217.890174 -2850192.624699
-9576216.459576 -2880291.360147
-9567120.515589 -2910361.668282
-9557930.147984 -2940403.252322
-9548645.447467 -2970415.815770
-9539266.505674 -3000399.062412
-9529793.415172 -3030352.696327
-9520226.269457 -3060276.421884
-9510565.162952 -3090169.943749
-9500810.191008 -3120032.966883
-9490961.449903 -3149865.196552
-9481019.036841 -3179666.338323
-9470983.049948 -3209436.098071
-9460853.588276 -3239174.181981
-9450630.751798 -3268880.296549
-9440314.641411 -3298554.148588
-9429905.358929 -3328195.445229
-9419403.007088 -3357803.893925
-9408807.689543 -3387379.202452
-9398119.510863 -3416921.078914
-9387338.576539 -3446429.231744
-9376464.992973 -3475903.369710
-9365498.867482 -3505343.201912
-9354440.308299 -3534748.437792
-9343289.424566 -3564118.787132
-9332046.326339 -3593453.960058
-9320711.124582 -3622753.667045
-9309283.931170 -3652017.618915
-9297764.858883 -3681245.526846
-9286154.021410 -3710437.102370
-9274451.533347 -3739592.057377
-9262657.510191 -3768710.104121
-9250772.068345 -3797790.955217
-9238795.325113 -3826834.323650
-9226727.398701 -3855839.922773
-9214568.408215 -3884807.466313
-9202318.473659 -3913736.668371
-9189977.715935 -3942627.243429
-9177546.256840 -3971478.906347
-9165024.219069 -4000291.372372
-9152411.726210 -4029064.357136
-9139708.902741 -4057797.576661
-9126915.874035 -4086490.747363
-9114032.766355 -4115143.586050
-9101059.706850 -4143755.809932
-9087996.823561 -4172327.136617
-9074844.245412 -4200857.284117
-9061602.102213 -4229345.970852
-9048270.524661 -4257792.915650
-9034849.644331 -4286197.837751
-9021339.593682 -4314560.456809
-9007740.506054 -4342880.492897
-8994052.515664 -4371157.666509
-8980275.757607 -4399391.698558
-8966410.367853 -4427582.310388
-8952456.483248 -4455729.223768
-8938414.241513 -4483832.160900
-8924283.781238 -4511890.844418
-8910065.241884 -4539904.997395
-8895758.763784 -4567874.343342
-8881364.488136 -4595798.606214
-8866882.557006 -4623677.510409
-8852313.113325 -4651510.780774
-8837656.300887 -4679298.142605
-8822912.264350 -4707039.321653
-8808081.149230 -4734734.044122
-8793163.101906 -4762382.036679
-8778158.269612 -4789983.026447
-8763066.800439 -4817536.741016
-8747888.843335 -4845042.908443
-8732624.548100 -4872501.257253
-8717274.065386 -4899911.516442
-8701837.546696 -4927273.415482
-8686315.144382 -4954586.684323
-8670707.011645 -4981851.053394
-8655013.302531 -5009066.253606
-8639234.171929 -5036232.016357
-8623369.775573 -5063348.073531
-8607420.270040 -5090414.157503
-8591385.812743 -5117430.001143
-8575266.561937 -5144395.337814
-8559062.676712 -5171309.901381
-8542774.316993 -5198173.426206
-8526401.643541 -5224985.647159
-8509944.817947 -5251746.299612
-8493404.002634 -5278455.119450
-8476779.360851 -5305111.843067
-8460071.056679 -5331716.207371
-8443279.255021 -5358267.949789
-8426404.121605 -5384766.808266
-8409445.822982 -5411212.521268
-8392404.526524 -5437604.827787
-8375280.400422 -5463943.467342
-8358073.613683 -5490228.179981
-8340784.336132 -5516458.706284
-8323412.738407 -5542634.787366
-8305958.991959 -5568756.164881
-8288423.269048 -5594822.581021
-8270805.742746 -5620833.778521
-8253106.586931 -5646789.500660
-8235325.976285 -5672689.491267
-8217464.086296 -5698533.494718
-8199521.093255 -5724321.255945
-8181497.174251 -5750052.520432
-8163392.507172 -5775727.034222
-8145207.270706 -5801344.543918
-8126941.644331 -5826904.796685
-8108595.808324 -5852407.540254
-8090169.943750 -5877852.522924
-8071664.232465 -5903239.493562
-8053078.857112 -5928568.201610
-8034414.001122 -5953838.397083
-8015669.848709 -5979049.830574
-7996846.584871 -6004202.253258
-7977944.395386 -6029295.416889
-7958963.466811 -6054329.073809
-7939903.986479 -6079302.976945
-7920766.142500 -6104216.879815
-7901550.123758 -6129070.536529
-7882256.119905 -6153863.701791
-7862884.321367 -6178596.130903
-7843434.919335 -6203267.579765
-7823908.105766 -6227877.804880
-7804304.073384 -6252426.563356
-7784623.015671 -6276913.612906
-7764865.126871 -6301338.711853
-7745030.601988 -6325701.619130
-7725119.636779 -6350002.094287
-7705132.427759 -6374239.897486
-7685069.172191 -6398414.789511
-7664930.068094 -6422526.531765
-7644715.314232 -6446574.886275
-7624425.110115 -6470559.615694
-7604059.656001 -6494480.483301
-7583619.152888 -6518337.253008
-7563103.802515 -6542129.689358
-7542513.807362 -6565857.557529
-7521849.370642 -6589520.623336
-7501110.696305 -6613118.653236
-7480297.989035 -6636651.414324
-7459411.454242 -6660118.674342
-7438451.298071 -6683520.201677
-7417417.727388 -6706855.765366
-7396310.949787 -6730125.135097
-7375131.173582 -6753328.081209
-7353878.607811 -6776464.374700
-7332553.462226 -6799533.787223
-7311155.947299 -6822536.091093
-7289686.274215 -6845471.059286
-7268144.654870 -6868338.465443
-7246531.301871 -6891138.083873
-7224846.428534 -6913869.689551
-7203090.248880 -6936533.058127
-7181262.977633 -6959127.965922
-7159364.830219 -6981654.189934
-7137396.022765 -7004111.507837
-7115356.772094 -7026499.697988
-7093247.295723 -7048818.539423
-7071067.811866 -7071067.811865
-7048818.539424 -7093247.295722
-7026499.697989 -7115356.772092
-7004111.507839 -7137396.022763
-6981654.189935 -7159364.830218
-6959127.965924 -7181262.977631
-6936533.058129 -7203090.248878
-6913869.689553 -7224846.428533
-6891138.083874 -7246531.301870
-6868338.465445 -7268144.654868
-6845471.059288 -7289686.274213
-6822536.091095 -7311155.947298
-6799533.787225 -7332553.462225
-6776464.374702 -7353878.607809
-6753328.081211 -7375131.173581
-6730125.135099 -7396310.949785
-6706855.765368 -7417417.727387
-6683520.201679 -7438451.298070
-6660118.674343 -7459411.454241
-6636651.414325 -7480297.989033
-6613118.653237 -7501110.696304
-6589520.623338 -7521849.370640
-6565857.557530 -7542513.807360
-6542129.689359 -7563103.802514
-6518337.253010 -7583619.152887
-6494480.483303 -7604059.656000
-6470559.615695 -7624425.110114
-6446574.886277 -7644715.314230
-6422526.531767 -7664930.068093
-6398414.789513 -7685069.172190
-6374239.897488 -7705132.427757
-6350002.094288 -7725119.636778
-6325701.619132 -7745030.601987
-6301338.711855 -7764865.126870
-6276913.612908 -7784623.015670
-6252426.563358 -7804304.073383
-6227877.804882 -7823908.105765
-6203267.579766 -7843434.919333
-6178596.130904 -7862884.321365
-6153863.701793 -7882256.119904
-6129070.536531 -7901550.123756
-6104216.879817 -7920766.142499
-6079302.976947 -7939903.986478
-6054329.073811 -7958963.466809
-6029295.416891 -7977944.395385
-6004202.253260 -7996846.584870
-5979049.830576 -8015669.848708
-5953838.397084 -8034414.001121
-5928568.201612 -8053078.857111
-5903239.493564 -8071664.232463
-5877852.522926 -8090169.943749
-5852407.540256 -8108595.808323
-5826904.796687 -8126941.644330
-5801344.543919 -8145207.270704
-5775727.034224 -8163392.507171
-5750052.520434 -8181497.174250
-5724321.255947 -8199521.093254
-5698533.494720 -8217464.086295
-5672689.491269 -8235325.976284
-5646789.500662 -8253106.586929
-5620833.778522 -8270805.742745
-5594822.581023 -8288423.269047
-5568756.164883 -8305958.991957
-5542634.787368 -8323412.738406
-5516458.706285 -8340784.336131
-5490228.179982 -8358073.613682
-5463943.467344 -8375280.400421
-5437604.827789 -8392404.526523
-5411212.521270 -8409445.822981
-5384766.808268 -8426404.121604
-5358267.949791 -8443279.255020
-5331716.207373 -8460071.056678
-5305111.843068 -8476779.360850
-5278455.119452 -8493404.002633
-5251746.299614 -8509944.817946
-5224985.647161 -8526401.643540
-5198173.426208 -8542774.316992
-5171309.901383 -8559062.676711
-5144395.337816 -8575266.561936
-5117430.001144 -8591385.812742
-5090414.157505 -8607420.270039
-5063348.073532 -8623369.775572
-5036232.016359 -8639234.171928
-5009066.253608 -8655013.302530
-4981851.053396 -8670707.011644
-4954586.684325 -8686315.144381
-4927273.415484 -8701837.546695
-4899911.516443 -8717274.065384
-4872501.257254 -8732624.548099
-4845042.908445 -8747888.843334
-4817536.741018 -8763066.800438
-4789983.026449 -8778158.269611
-4762382.036680 -8793163.101905
-4734734.044124 -8808081.149229
-4707039.321654 -8822912.264349
-4679298.142607 -8837656.300886
-4651510.780776 -8852313.113324
-4623677.510411 -8866882.557005
-4595798.606216 -8881364.488135
-4567874.343344 -8895758.763783
-4539904.997397 -8910065.241883
-4511890.844420 -8924283.781237
-4483832.160901 -8938414.241512
-4455729.223770 -8952456.483248
-4427582.310390 -8966410.367852
-4399391.698560 -8980275.757606
-4371157.666510 -8994052.515663
-4342880.492899 -9007740.506053
-4314560.456811 -9021339.593681
-4286197.837752 -9034849.644330
-4257792.915652 -9048270.524660
-4229345.970854 -9061602.102212
-4200857.284119 -9074844.245411
-4172327.136619 -9087996.823560
-4143755.809934 -9101059.706849
-4115143.586052 -9114032.766354
-4086490.747365 -9126915.874035
-4057797.576663 -9139708.902740
-4029064.357138 -9152411.726209
-4000291.372374 -9165024.219068
-3971478.906349 -9177546.256839
-3942627.243431 -9189977.715934
-3913736.668373 -9202318.473658
-3884807.466315 -9214568.408214
-3855839.922775 -9226727.398701
-3826834.323652 -9238795.325112
-3797790.955219 -9250772.068344
-3768710.104123 -9262657.510190
-3739592.057379 -9274451.533346
-3710437.102372 -9286154.021410
-3681245.526848 -9297764.858882
-3652017.618917 -9309283.931169
-3622753.667047 -9320711.124582
-3593453.960060 -9332046.326339
-3564118.787134 -9343289.424566
-3534748.437794 -9354440.308298
-3505343.201914 -9365498.867481
-3475903.369712 -9376464.992972
-3446429.231746 -9387338.576538
-3416921.078916 -9398119.510863
-3387379.202454 -9408807.689542
-3357803.893927 -9419403.007087
-3328195.445231 -9429905.358928
-3298554.148590 -9440314.641410
-3268880.296551 -9450630.751798
-3239174.181983 -9460853.588275
-3209436.098073 -9470983.049947
-3179666.338325 -9481019.036840
-3149865.196554 -9490961.449903
-3120032.966885 -9500810.191007
-3090169.943751 -9510565.162951
-3060276.421886 -9520226.269456
-3030352.696329 -9529793.415172
-3000399.062414 -9539266.505674
-2970415.815772 -9548645.447466
-2940403.252324 -9557930.147983
-2910361.668284 -9567120.515588
-2880291.360149 -9576216.459576
-2850192.624701 -9585217.890173
-2820065.759003 -9594124.718540
-2789911.060394 -9602936.856769
-2759728.826489 -9611654.217888
-2729519.355175 -9620276.715860
-2699282.944606 -9628804.265586
-2669019.893205 -9637236.782900
-2638730.499655 -9645574.184578
-2608415.062900 -9653816.388332
-2578073.882142 -9661963.312817
-2547707.256835 -9670014.877624
-2517315.486686 -9677971.003288
-2486898.871650 -9685831.611286
-2456457.711926 -9693596.624036
-2425992.307955 -9701265.964901
-2395502.960421 -9708839.558187
-2364989.970239 -9716317.329146
-2334453.638560 -9723699.203976
-2303894.266767 -9730985.109821
-2273312.156468 -9738174.974771
-2242707.609495 -9745268.727865
-2212080.927904 -9752266.299092
-2181432.413967 -9759167.619387
-2150762.370173 -9765972.620638
-2120071.099222 -9772681.235682
-2089358.904025 -9779293.398307
-2058626.087700 -9785809.043254
-2027872.953567 -9792228.106217
-1997099.805145 -9798550.523842
-1966306.946156 -9804776.233729
-1935494.680510 -9810905.174433
-1904663.312313 -9816937.285464
-1873813.145859 -9822872.507287
-1842944.485625 -9828710.781324
-1812057.636273 -9834452.049953
-1781152.902644 -9840096.256511
-1750230.589754 -9845643.345292
-1719291.002796 -9851093.261547
-1688334.447129 -9856445.951490
-1657361.228283 -9861701.362290
-1626371.651950 -9866859.442078
-1595366.023986 -9871920.139948
-1564344.650404 -9876883.405951
-1533307.837371 -9881749.191103
-1502255.891209 -9886517.447379
-1471189.118388 -9891188.127719
-1440107.825524 -9895761.186026
-1409012.319377 -9900236.577165
-1377902.906848 -9904614.256966
-1346779.894973 -9908894.182223
-1315643.590924 -9913076.310695
-1284494.302004 -9917160.601105
-1253332.335644 -9921147.013145
-1222157.999400 -9925035.507468
-1190971.600950 -9928826.045698
-1159773.448091 -9932518.590423
-1128563.848736 -9936113.105200
-1097343.110912 -9939609.554552
-1066111.542754 -9943007.903970
-1034869.452506 -9946308.119914
-1003617.148514 -9949510.169813
-972354.939225 -9952614.022063
-941083.133187 -9955619.646031
-909802.039037 -9958527.012052
-878511.965509 -9961336.091432
-847213.221422 -9964046.856446
-815906.115683 -9966659.280340
-784590.957280 -9969173.337331
-753268.055281 -9971589.002606
-721937.718830 -9973906.252323
-690600.257146 -9976125.063612
-659255.979515 -9978245.414574
-627905.195295 -9980267.284283
-596548.213903 -9982190.652782
-565185.344822 -9984015.501090
-533816.897589 -9985741.811195
-502443.181799 -9987369.566060
-471064.507098 -9988898.749620
-439681.183180 -9990329.346781
-408293.519787 -9991661.343425
-376901.826701 -9992894.726406
-345506.413746 -9994029.483550
-314107.590783 -9995065.603657
-282705.667704 -9996003.076503
-251300.954435 -9996841.892833
-219893.760927 -9997582.044370
-188484.397156 -9998223.523808
-157073.173120 -9998766.324817
-125660.398835 -9999210.442038
-94246.384333 -9999555.871089
-62831.439657 -9999802.608561
-31415.874860 -9999950.652019
-0.000002 -10000000.000000
31415.874857 -9999950.652019
62831.439654 -9999802.608561
94246.384330 -9999555.871090
125660.398832 -9999210.442038
157073.173117 -9998766.324817
188484.397153 -9998223.523808
219893.760923 -9997582.044370
251300.954432 -9996841.892833
282705.667701 -9996003.076503
314107.590780 -9995065.603657
345506.413743 -9994029.483550
376901.826698 -9992894.726406
408293.519784 -9991661.343425
439681.183177 -9990329.346781
471064.507095 -9988898.749620
502443.181796 -9987369.566060
533816.897586 -9985741.811195
565185.344819 -9984015.501090
596548.213900 -9982190.652782
627905.195292 -9980267.284283
659255.979512 -9978245.414575
690600.257142 -9976125.063612
721937.718827 -9973906.252323
753268.055278 -9971589.002606
784590.957277 -9969173.337331
815906.115680 -9966659.280340
847213.221419 -9964046.856446
878511.965506 -9961336.091432
909802.039034 -9958527.012052
941083.133184 -9955619.646031
972354.939222 -9952614.022063
1003617.148511 -9949510.169813
1034869.452503 -9946308.119914
1066111.542751 -9943007.903970
1097343.110909 -9939609.554552
1128563.848733 -9936113.105200
1159773.448088 -9932518.590424
1190971.600947 -9928826.045698
1222157.999397 -9925035.507468
1253332.335641 -9921147.013145
1284494.302001 -9917160.601106
1315643.590921 -9913076.310695
1346779.894970 -9908894.182224
1377902.906845 -9904614.256967
1409012.319374 -9900236.577166
1440107.825521 -9895761.186027
1471189.118385 -9891188.127720
1502255.891206 -9886517.447379
1533307.837368 -9881749.191103
1564344.650401 -9876883.405952
1595366.023983 -9871920.139948
1626371.651947 -9866859.442079
1657361.228280 -9861701.362290
1688334.447126 -9856445.951490
1719291.002792 -9851093.261548
1750230.589751 -9845643.345292
1781152.902640 -9840096.256512
1812057.636270 -9834452.049954
1842944.485622 -9828710.781324
1873813.145856 -9822872.507287
1904663.312310 -9816937.285464
1935494.680507 -9810905.174434
1966306.946153 -9804776.233730
1997099.805142 -9798550.523843
2027872.953563 -9792228.106218
2058626.087697 -9785809.043255
2089358.904022 -9779293.398308
2120071.099219 -9772681.235682
2150762.370169 -9765972.620639
2181432.413964 -9759167.619388
2212080.927901 -9752266.299093
2242707.609492 -9745268.727866
2273312.156465 -9738174.974772
2303894.266764 -9730985.109822
2334453.638557 -9723699.203977
2364989.970236 -9716317.329147
2395502.960418 -9708839.558188
2425992.307952 -9701265.964901
2456457.711923 -9693596.624037
2486898.871647 -9685831.611287
2517315.486683 -9677971.003289
2547707.256832 -9670014.877625
2578073.882139 -9661963.312818
2608415.062897 -9653816.388333
2638730.499652 -9645574.184578
2669019.893202 -9637236.782901
2699282.944603 -9628804.265586
2729519.355172 -9620276.715861
2759728.826486 -9611654.217889
2789911.060391 -9602936.856770
2820065.759000 -9594124.718541
2850192.624698 -9585217.890174
2880291.360146 -9576216.459577
2910361.668281 -9567120.515589
2940403.252321 -9557930.147984
2970415.815769 -9548645.447467
3000399.062411 -9539266.505674
3030352.696326 -9529793.415173
3060276.421883 -9520226.269457
3090169.943748 -9510565.162952
3120032.966882 -9500810.191008
3149865.196551 -9490961.449903
3179666.338322 -9481019.036841
3209436.098070 -9470983.049948
3239174.181980 -9460853.588276
3268880.296548 -9450630.751799
3298554.148587 -9440314.641411
3328195.445228 -9429905.358929
3357803.893924 -9419403.007088
3387379.202451 -9408807.689543
3416921.078913 -9398119.510864
3446429.231744 -9387338.576539
3475903.369709 -9376464.992973
3505343.201911 -9365498.867483
3534748.437791 -9354440.308299
3564118.787131 -9343289.424567
3593453.960057 -9332046.326340
3622753.667044 -9320711.124583
3652017.618914 -9309283.931170
3681245.526845 -9297764.858883
3710437.102369 -9286154.021411
3739592.057376 -9274451.533347
3768710.104120 -9262657.510191
3797790.955216 -9250772.068345
3826834.323649 -9238795.325114
3855839.922772 -9226727.398702
3884807.466312 -9214568.408216
3913736.668370 -9202318.473659
3942627.243428 -9189977.715935
3971478.906346 -9177546.256841
4000291.372371 -9165024.219070
4029064.357135 -9152411.726210
4057797.576660 -9139708.902741
4086490.747362 -9126915.874036
4115143.586049 -9114032.766355
4143755.809931 -9101059.706851
4172327.136616 -9087996.823561
4200857.284116 -9074844.245412
4229345.970851 -9061602.102214
4257792.915649 -9048270.524661
4286197.837750 -9034849.644331
4314560.456808 -9021339.593683
4342880.492896 -9007740.506055
4371157.666508 -8994052.515665
4399391.698558 -8980275.757607
4427582.310387 -8966410.367853
4455729.223767 -8952456.483249
4483832.160899 -8938414.241513
4511890.844417 -8924283.781238
4539904.997394 -8910065.241885
4567874.343341 -8895758.763784
4595798.606213 -8881364.488136
4623677.510408 -8866882.557006
4651510.780773 -8852313.113325
4679298.142604 -8837656.300888
4707039.321652 -8822912.264350
4734734.044121 -8808081.149231
4762382.036678 -8793163.101906
4789983.026446 -8778158.269612
4817536.741016 -8763066.800440
4845042.908442 -8747888.843335
4872501.257252 -8732624.548100
4899911.516441 -8717274.065386
4927273.415481 -8701837.546696
4954586.684322 -8686315.144383
4981851.053393 -8670707.011646
5009066.253605 -8655013.302531
5036232.016356 -8639234.171929
5063348.073530 -8623369.775574
5090414.157502 -8607420.270040
5117430.001142 -8591385.812744
5144395.337813 -8575266.561937
5171309.901380 -8559062.676712
5198173.426205 -8542774.316994
5224985.647158 -8526401.643542
5251746.299611 -8509944.817948
5278455.119449 -8493404.002634
5305111.843066 -8476779.360852
5331716.207370 -8460071.056679
5358267.949788 -8443279.255021
5384766.808265 -8426404.121605
5411212.521267 -8409445.822983
5437604.827786 -8392404.526525
5463943.467341 -8375280.400422
5490228.179980 -8358073.613684
5516458.706283 -8340784.336133
5542634.787365 -8323412.738408
5568756.164880 -8305958.991959
5594822.581020 -8288423.269049
5620833.778520 -8270805.742747
5646789.500659 -8253106.586931
5672689.491266 -8235325.976285
5698533.494718 -8217464.086297
5724321.255944 -8199521.093256
5750052.520431 -8181497.174251
5775727.034221 -8163392.507173
5801344.543917 -8145207.270706
5826904.796684 -8126941.644332
5852407.540254 -8108595.808325
5877852.522923 -8090169.943751
5903239.493561 -8071664.232465
5928568.201609 -8053078.857112
5953838.397082 -8034414.001122
5979049.830574 -8015669.848710
6004202.253257 -7996846.584872
6029295.416889 -7977944.395387
6054329.073808 -7958963.466811
6079302.976945 -7939903.986480
6104216.879814 -7920766.142501
6129070.536528 -7901550.123758
6153863.701790 -7882256.119906
6178596.130902 -7862884.321367
6203267.579764 -7843434.919335
6227877.804880 -7823908.105767
6252426.563356 -7804304.073385
6276913.612905 -7784623.015671
6301338.711852 -7764865.126872
6325701.619130 -7745030.601989
6350002.094286 -7725119.636780
6374239.897485 -7705132.427759
6398414.789510 -7685069.172192
6422526.531764 -7664930.068095
6446574.886274 -7644715.314232
6470559.615693 -7624425.110116
6494480.483300 -7604059.656002
6518337.253007 -7583619.152889
6542129.689357 -7563103.802516
6565857.557528 -7542513.807362
6589520.623336 -7521849.370642
6613118.653235 -7501110.696306
6636651.414323 -7480297.989035
6660118.674341 -7459411.454243
6683520.201676 -7438451.298072
6706855.765366 -7417417.727389
6730125.135096 -7396310.949787
6753328.081209 -7375131.173583
6776464.374700 -7353878.607812
6799533.787223 -7332553.462227
6822536.091092 -7311155.947300
6845471.059285 -7289686.274215
6868338.465443 -7268144.654870
6891138.083872 -7246531.301872
6913869.689551 -7224846.428535
6936533.058127 -7203090.248880
6959127.965922 -7181262.977633
6981654.189933 -7159364.830220
7004111.507837 -7137396.022766
7026499.697987 -7115356.772094
7048818.539422 -7093247.295724
7071067.811864 -7071067.811867
7093247.295721 -7048818.539425
7115356.772091 -7026499.697990
7137396.022763 -7004111.507840
7159364.830217 -6981654.189936
7181262.977630 -6959127.965925
7203090.248878 -6936533.058130
7224846.428532 -6913869.689554
7246531.301869 -6891138.083875
7268144.654868 -6868338.465446
7289686.274213 -6845471.059288
7311155.947297 -6822536.091095
7332553.462224 -6799533.787226
7353878.607809 -6776464.374703
7375131.173580 -6753328.081212
7396310.949785 -6730125.135099
7417417.727386 -6706855.765369
7438451.298069 -6683520.201679
7459411.454240 -6660118.674344
7480297.989032 -6636651.414326
7501110.696303 -6613118.653238
7521849.370640 -6589520.623339
7542513.807360 -6565857.557531
7563103.802513 -6542129.689360
7583619.152886 -6518337.253010
7604059.655999 -6494480.483303
7624425.110113 -6470559.615696
7644715.314230 -6446574.886278
7664930.068092 -6422526.531767
7685069.172189 -6398414.789513
7705132.427757 -6374239.897489
7725119.636777 -6350002.094289
7745030.601986 -6325701.619133
7764865.126869 -6301338.711855
7784623.015669 -6276913.612909
7804304.073382 -6252426.563359
7823908.105765 -6227877.804883
7843434.919333 -6203267.579767
7862884.321365 -6178596.130905
7882256.119903 -6153863.701793
7901550.123756 -6129070.536531
7920766.142498 -6104216.879818
7939903.986477 -6079302.976948
7958963.466809 -6054329.073812
7977944.395384 -6029295.416892
7996846.584870 -6004202.253261
8015669.848707 -5979049.830577
8034414.001120 -5953838.397085
8053078.857110 -5928568.201612
8071664.232463 -5903239.493565
8090169.943748 -5877852.522926
8108595.808322 -5852407.540257
8126941.644330 -5826904.796687
8145207.270704 -5801344.543920
8163392.507171 -5775727.034224
8181497.174249 -5750052.520435
8199521.093253 -5724321.255948
8217464.086295 -5698533.494721
8235325.976283 -5672689.491269
8253106.586929 -5646789.500663
8270805.742744 -5620833.778523
8288423.269046 -5594822.581023
8305958.991957 -5568756.164884
8323412.738405 -5542634.787369
8340784.336131 -5516458.706286
8358073.613682 -5490228.179983
8375280.400420 -5463943.467344
8392404.526523 -5437604.827790
8409445.822981 -5411212.521271
8426404.121603 -5384766.808268
8443279.255019 -5358267.949792
8460071.056677 -5331716.207374
8476779.360850 -5305111.843069
8493404.002632 -5278455.119453
8509944.817946 -5251746.299615
8526401.643540 -5224985.647161
8542774.316992 -5198173.426209
8559062.676710 -5171309.901383
8575266.561935 -5144395.337817
8591385.812742 -5117430.001145
8607420.270038 -5090414.157506
8623369.775572 -5063348.073533
8639234.171927 -5036232.016359
8655013.302529 -5009066.253609
8670707.011644 -4981851.053397
8686315.144381 -4954586.684326
8701837.546694 -4927273.415485
8717274.065384 -4899911.516444
8732624.548098 -4872501.257255
8747888.843333 -4845042.908446
8763066.800438 -4817536.741019
8778158.269610 -4789983.026450
8793163.101905 -4762382.036681
8808081.149229 -4734734.044125
8822912.264348 -4707039.321655
8837656.300886 -4679298.142608
8852313.113324 -4651510.780777
8866882.557005 -4623677.510412
8881364.488134 -4595798.606217
8895758.763782 -4567874.343345
8910065.241883 -4539904.997397
8924283.781236 -4511890.844420
8938414.241512 -4483832.160902
8952456.483247 -4455729.223771
8966410.367851 -4427582.310391
8980275.757605 -4399391.698561
8994052.515663 -4371157.666511
9007740.506053 -4342880.492900
9021339.593681 -4314560.456812
9034849.644329 -4286197.837753
9048270.524659 -4257792.915653
9061602.102212 -4229345.970855
9074844.245410 -4200857.284120
9087996.823559 -4172327.136620
9101059.706849 -4143755.809935
9114032.766354 -4115143.586053
9126915.874034 -4086490.747366
9139708.902740 -4057797.576664
9152411.726208 -4029064.357139
9165024.219068 -4000291.372375
9177546.256839 -3971478.906350
9189977.715933 -3942627.243432
9202318.473658 -3913736.668374
9214568.408214 -3884807.466316
9226727.398700 -3855839.922776
9238795.325112 -3826834.323653
9250772.068344 -3797790.955220
9262657.510190 -3768710.104124
9274451.533346 -3739592.057380
9286154.021409 -3710437.102373
9297764.858882 -3681245.526849
9309283.931169 -3652017.618918
9320711.124581 -3622753.667048
9332046.326338 -3593453.960061
9343289.424565 -3564118.787135
9354440.308298 -3534748.437795
9365498.867481 -3505343.201915
9376464.992972 -3475903.369713
9387338.576538 -3446429.231747
9398119.510862 -3416921.078917
9408807.689541 -3387379.202455
9419403.007087 -3357803.893928
9429905.358928 -3328195.445232
9440314.641410 -3298554.148591
9450630.751797 -3268880.296552
9460853.588275 -3239174.181984
9470983.049947 -3209436.098074
9481019.036840 -3179666.338326
9490961.449902 -3149865.196555
9500810.191007 -3120032.966886
9510565.162951 -3090169.943752
9520226.269456 -3060276.421887
9529793.415171 -3030352.696330
9539266.505673 -3000399.062415
9548645.447466 -2970415.815773
9557930.147983 -2940403.252325
9567120.515588 -2910361.668285
9576216.459576 -2880291.360150
9585217.890173 -2850192.624702
9594124.718540 -2820065.759004
9602936.856769 -2789911.060395
9611654.217888 -2759728.826490
9620276.715860 -2729519.355176
9628804.265585 -2699282.944607
9637236.782899 -2669019.893206
9645574.184577 -2638730.499656
9653816.388332 -2608415.062901
9661963.312817 -2578073.882143
9670014.877624 -2547707.256836
9677971.003288 -2517315.486687
9685831.611286 -2486898.871651
9693596.624036 -2456457.711927
9701265.964900 -2425992.307956
9708839.558187 -2395502.960422
9716317.329146 -2364989.970240
9723699.203976 -2334453.638561
9730985.109821 -2303894.266768
9738174.974771 -2273312.156469
9745268.727865 -2242707.609496
9752266.299092 -2212080.927905
9759167.619387 -2181432.413968
9765972.620638 -2150762.370173
9772681.235681 -2120071.099223
9779293.398307 -2089358.904026
9785809.043254 -2058626.087701
9792228.106217 -2027872.953567
9798550.523842 -1997099.805146
9804776.233729 -1966306.946157
9810905.174433 -1935494.680511
9816937.285464 -1904663.312314
9822872.507286 -1873813.145860
9828710.781323 -1842944.485626
9834452.049953 -1812057.636274
9840096.256511 -1781152.902644
9845643.345292 -1750230.589755
9851093.261547 -1719291.002796
9856445.951490 -1688334.447130
9861701.362289 -1657361.228284
9866859.442078 -1626371.651951
9871920.139948 -1595366.023987
9876883.405951 -1564344.650405
9881749.191102 -1533307.837372
9886517.447379 -1502255.891210
9891188.127719 -1471189.118389
9895761.186026 -1440107.825525
9900236.577165 -1409012.319378
9904614.256966 -1377902.906849
9908894.182223 -1346779.894974
9913076.310695 -1315643.590925
9917160.601105 -1284494.302005
9921147.013144 -1253332.335645
9925035.507468 -1222157.999401
9928826.045698 -1190971.600951
9932518.590423 -1159773.448092
9936113.105200 -1128563.848737
9939609.554552 -1097343.110913
9943007.903970 -1066111.542755
9946308.119914 -1034869.452507
9949510.169813 -1003617.148515
9952614.022063 -972354.939226
9955619.646031 -941083.133188
9958527.012052 -909802.039038
9961336.091432 -878511.965510
9964046.856446 -847213.221423
9966659.280340 -815906.115684
9969173.337331 -784590.957281
9971589.002606 -753268.055282
9973906.252323 -721937.718831
9976125.063612 -690600.257147
9978245.414574 -659255.979516
9980267.284283 -627905.195296
9982190.652782 -596548.213904
9984015.501090 -565185.344823
9985741.811195 -533816.897590
9987369.566060 -502443.181800
9988898.749620 -471064.507099
9990329.346781 -439681.183181
9991661.343425 -408293.519788
9992894.726406 -376901.826702
9994029.483550 -345506.413747
9995065.603657 -314107.590784
9996003.076502 -282705.667705
9996841.892833 -251300.954436
9997582.044370 -219893.760928
9998223.523808 -188484.397157
9998766.324817 -157073.173121
9999210.442038 -125660.398836
9999555.871089 -94246.384334
9999802.608561 -62831.439658
9999950.652019 -31415.874861
10000000.000000 -0.000003
