2000
9999912.328769 41873.821695
9999649.316611 83746.909164
9999452.059007 104682.948122
9999210.968140 125618.528195
9998597.291041 167487.944599
9998224.707499 188421.597392
9997808.296075 209354.424228
9997348.058594 230286.333344
9996843.997075 251217.232985
9996296.113726 272147.031398
9995068.891341 314002.957560
9993666.412955 355853.377916
9992088.703161 397697.558651
9990335.789623 439534.766059
9988407.703077 481364.266557
9986304.477330 523185.326694
9984026.149260 564997.213172
9982821.334218 585899.487175
9980280.428529 627696.238579
9978944.349019 648590.532760
9976140.965953 690370.500124
9974673.674685 711255.990162
9973162.658774 732138.362362
9970009.479704 773893.387106
9968367.330369 794765.856614
9966681.484033 815634.842213
9963178.730114 857361.995777
9961361.837885 878219.980829
9959501.279365 899074.116145
9955649.196268 940770.471926
9951622.548366 982450.332006
9949543.784557 1003283.847763
9945255.422786 1044937.594088
9943045.843623 1065757.642064
9938495.937168 1107383.631312
9936155.629822 1128189.390114
9931344.358186 1169785.980056
9926358.947912 1211362.058683
9921199.486415 1252916.896989
9918554.514610 1273686.123309
9913134.146859 1315207.735068
9907539.959772 1356706.285651
9904677.714512 1377446.685595
9898822.983292 1418909.280207
9892794.683671 1460346.995314
9889715.478624 1481056.295980
9883427.025545 1522455.329633
9876965.274022 1563827.668180
9870330.337357 1605172.586188
9866947.960834 1625834.535923
9860053.465540 1667136.963990
9856541.376991 1687777.261270
9852986.081639 1708410.160067
9845745.933055 1749653.400459
9838333.146736 1790865.961998
9830747.852660 1832047.122052
9822990.183830 1873196.158540
9815060.276272 1914312.349946
9806958.269028 1955394.975327
9802842.772302 1975923.475625
9798684.304163 1996443.314332
9790238.526755 2037456.647207
9785951.254507 2057949.961592
9781621.084892 2078434.254816
9777248.036892 2098909.437086
9772832.129676 2119375.418647
9768373.382602 2139832.109785
9763871.815215 2160279.420827
9759327.447248 2180717.262141
9754740.298621 2201145.544136
9750110.389442 2221564.177263
9740722.370799 2262372.138932
9735964.302488 2282761.288589
9726320.152173 2323509.478663
9721434.112445 2343868.340457
9716505.458165 2364216.927749
9711534.210938 2384555.151339
9701464.024999 2425200.150844
9691223.731200 2465802.626292
9686039.849848 2486087.694986
9675544.731858 2526625.049709
9664879.960483 2567118.101967
9659484.013098 2587347.792761
9654045.722723 2607566.141743
9648565.113198 2627773.060287
9643042.208548 2647968.459813
9637477.032982 2668152.251793
9631869.610895 2688324.347751
9620528.125669 2728633.097948
9614794.112245 2748769.575491
9609017.951732 2768894.003621
9597339.290909 2809106.358823
9591436.841791 2829194.109624
9579505.835515 2869332.317342
9567406.859823 2909420.213480
9561294.449628 2929445.075013
9555140.126864 2949457.095128
9548943.918508 2969456.186103
9536425.953854 3009415.230017
9523740.775159 3049321.506103
9510888.604847 3089174.314635
9497869.668271 3128972.956823
9484684.193710 3168716.734829
9478029.076820 3188567.831952
9471332.412360 3208404.951775
9464594.229686 3228228.007343
9450993.428026 3267831.578190
9444130.868660 3287611.919864
9430281.583268 3327129.282171
9423294.917951 3346866.129578
9409197.695210 3386295.724307
9394935.489278 3425665.942894
9387742.595652 3445328.570366
9380508.550234 3464976.095010
9373233.384733 3484608.430703
9358559.821231 3523827.191057
9343722.162437 3562984.163758
9328720.668516 3602078.662217
9313555.602510 3641110.000941
9305911.812959 3660601.771489
9298227.230326 3680077.495546
9290501.888296 3699537.087739
9274929.061686 3738407.535395
9267081.645369 3757818.220466
9251264.978710 3796590.087656
9235286.098093 3835295.384501
9219145.283694 3873933.432331
9211014.239659 3893227.026105
9194631.056132 3931762.930494
9186378.988457 3951005.072186
9178086.651680 3970229.894384
9169754.082150 3989437.312816
9152968.391117 4027799.601670
9144515.343194 4046954.303929
9136022.209681 4066091.266094
9127489.027809 4085210.404279
9110302.668783 4123394.873544
9092956.567466 4161507.042187
9075451.028009 4199546.241941
9057786.357359 4237511.805817
9039962.865252 4275403.068117
9021980.864209 4313219.364447
9003840.669532 4350960.031726
8985542.599295 4388624.408200
8967086.974341 4426211.833453
8948474.118275 4463721.648418
8929704.357461 4501153.195388
8920260.740513 4519839.413216
8901256.240521 4557152.328000
8891695.440783 4575778.861391
8882095.663709 4594385.336552
8872456.951379 4612971.671920
8862779.346044 4631537.786020
8853062.890128 4650083.597467
8833513.597093 4687113.987303
8823680.845669 4705598.403367
8813809.415055 4724062.192128
8793950.689511 4760927.564083
8783963.481634 4779328.985675
8763873.594568 4816068.896770
8753771.003444 4834407.225221
8733450.747440 4871020.225993
8723233.171636 4889294.737819
8702683.348370 4925779.383814
8692351.190990 4943989.358049
8671572.611192 4980344.209874
8650641.981905 5016611.735116
8629559.670130 5052791.297853
8618961.748726 5070847.894978
8608326.045531 5088882.263703
8586941.480423 5124883.999838
8576192.712250 5142851.209431
8565406.349767 5160795.874995
8554582.440258 5178717.917867
8543721.031168 5196617.259485
8521885.904859 5232347.525209
8510912.283356 5250178.292688
8488853.164171 5285770.706070
8477767.763186 5303532.195951
8466645.199343 5321270.437447
8444288.778273 5356676.864357
8433055.019046 5374344.894565
8410476.649430 5409610.201243
8387750.808445 5444780.654483
8376332.710613 5462330.118284
8364877.894571 5479855.637598
8353386.410532 5497357.135601
8341858.308868 5514834.535575
8318692.454967 5549716.735084
8295380.739064 5584501.624494
8283670.310497 5601857.387242
8260140.568799 5636495.168425
8248321.358813 5653777.035022
8224574.519617 5688266.341449
8200683.468706 5722655.908413
8176648.624991 5756945.132918
8164577.412432 5774051.928794
8140327.670484 5808189.512848
8115935.194025 5842225.254677
8103685.563915 5859204.748189
8079079.788415 5893086.608257
8066723.750888 5909988.826289
8041905.647094 5943715.467890
8016946.534546 5977337.890920
8004414.236655 5994109.836167
7979244.432319 6027574.826520
7953934.717947 6060934.127891
7941227.533085 6077573.962346
7928485.537324 6094187.155351
7902897.336683 6127333.325832
7890051.243970 6143866.158009
7877170.564694 6160372.058141
7864255.355317 6176850.953873
7838321.572874 6209727.443312
7812250.351370 6242495.049860
7799163.343732 6258837.842426
7772886.821523 6291441.047947
7746474.007603 6323933.937790
7719925.365099 6356315.942219
7693241.359522 6388586.493438
7666422.458757 6420745.025608
7639469.133052 6452790.974853
7625942.208445 6468771.555208
7598788.132201 6500647.577120
7585161.099597 6516542.878948
7571500.816935 6532409.615077
7557807.344097 6548247.715955
7544080.741109 6564057.112155
7530321.068142 6579837.734374
7516528.385513 6595589.513438
7502702.753683 6611312.380298
7474952.884986 6642671.101842
7447071.948623 6673913.349155
7433082.482751 6689490.623704
7405005.862240 6720557.133169
7376799.400533 6751505.802730
7362647.633698 6766935.777883
7348463.592209 6782336.089725
7334247.338241 6797706.670746
7319998.934114 6813047.453568
7305718.442285 6828358.370945
7277061.446062 6858890.341027
7262685.067288 6874111.259893
7233836.863513 6904462.631667
7219365.164970 6919592.951527
7190326.891761 6949762.527570
7161162.541589 6979810.244766
7146533.247361 6994788.241567
7131872.625830 7009735.576250
7102457.658059 7039537.997303
7087703.440762 7054392.953033
7072918.154047 7069216.985364
7058101.862725 7084010.029312
7028376.526192 7113502.892814
7013467.611283 7128202.583084
6998527.952373 7142871.026405
6983557.614951 7157508.158476
6968556.664642 7172113.915136
6938463.188521 7201231.046254
6908248.051678 7230221.909214
6877911.783913 7259085.995683
6862698.392077 7273470.339486
6847454.917148 7287822.799549
6832181.425945 7302143.312957
6801544.662661 7330688.248850
6786181.524878 7344912.546205
6770788.639418 7359104.646649
6739913.895500 7387392.008094
6708920.972271 7415549.837189
6677810.413169 7443577.640206
6646582.763695 7471474.925700
6630925.201098 7485374.471424
6615238.571401 7499241.204512
6583778.385885 7526875.989781
6552202.758778 7554378.796954
6536371.827565 7568080.557962
6520512.243733 7581749.143788
6504624.076803 7595384.494512
6472762.272360 7622555.251720
6440786.972909 7649592.353166
6408698.739112 7676495.324776
6392612.447584 7689896.364386
6360355.867841 7716597.257497
6327987.764053 7743162.845892
6295508.703768 7769592.663761
6262919.256484 7795886.247680
6246583.316213 7808981.807739
6213829.360464 7835070.177033
6197411.488565 7848062.871907
6164494.316560 7873944.997337
6147995.160750 7886834.314438
6131469.054794 7899689.059077
6098336.282339 7925294.605723
6065096.580154 7950761.188302
6048436.812475 7963442.228428
6031750.531071 7976088.360276
5998298.719789 8001275.677551
5981533.336549 8013816.752569
5947923.982330 8038793.460490
5914210.335747 8063629.214227
5897314.587480 8075994.097094
5863445.611314 8100617.603810
5846472.531881 8112876.119722
5829473.824048 8125099.072303
5795399.821352 8149438.073307
5761224.200689 8173634.180057
5744098.470813 8185678.515407
5709771.547334 8209659.486072
5675344.507314 8233496.506546
5658093.632174 8245360.904748
5623517.549737 8268981.217043
5606192.494006 8280737.027593
5588842.863158 8292456.538984
5554070.180431 8315786.458949
5519200.111270 8338970.567867
5484233.267095 8362008.459221
5449170.261023 8384899.729059
5431602.889337 8396290.255378
5396396.793700 8418960.841158
5361096.076313 8441483.806805
5325701.356146 8463858.757396
5290213.253821 8486085.300602
5272434.378740 8497142.797546
5236807.370416 8519145.999756
5201088.538622 8540999.825162
5165278.509661 8562703.890573
5129377.911434 8584257.815426
5111393.845500 8594978.356935
5093387.373431 8605661.221787
5057307.526720 8626913.734365
5039234.310235 8637483.288930
5021139.003933 8648014.980513
4984882.439258 8668964.590237
4966721.339818 8679382.416543
4948538.468426 8689762.196200
4912107.728702 8710407.433732
4893860.020067 8720672.801108
4857300.325200 8741088.808084
4838988.499230 8751239.358189
4802301.291573 8771425.329156
4765529.879181 8791457.499791
4728674.906815 8811335.518845
4691737.020699 8831059.037771
4654716.868510 8850627.710734
4636176.145433 8860353.872646
4617615.099369 8870041.194610
4599033.811684 8879689.634159
4561810.837343 8898869.697006
4524507.875088 8917893.724881
4505826.602837 8927347.121355
4468404.885543 8946136.472179
4449664.604541 8955472.344165
4430904.818138 8964768.959243
4412125.608570 8974026.276661
4374509.249302 8992422.856371
4355672.264495 9001562.038019
4336816.186311 9010661.760723
4317941.097405 9019721.984593
4280134.218471 9037723.777140
4242252.290610 9055567.100012
4204295.978052 9073251.640340
4185290.135441 9082034.270040
4147223.494122 9099480.056014
4128162.862281 9108143.135814
4109084.134365 9116766.289464
4070872.724914 9133892.667289
4051740.210882 9142395.816389
4013421.983549 9159281.848593
3975033.383885 9176007.279694
3955812.904731 9184309.678074
3936575.085008 9192571.816423
3917320.009047 9200793.658523
3878758.426109 9217116.309990
3840128.832065 9233277.346270
3820788.742502 9241297.170050
3782058.402183 9257215.253113
3762668.321206 9265113.442619
3743261.746321 9272971.017885
3723838.762601 9280787.944466
3704399.455186 9288564.188098
3665472.210198 9303994.490339
3626480.693918 9319261.654050
3606961.047651 9326833.975188
3567874.406694 9341855.930063
3548307.583342 9349305.497950
3509127.359753 9364081.651344
3469885.606261 9378693.612624
3450241.870782 9385937.941043
3430583.010939 9393141.125580
3410909.112908 9400303.134659
3391220.262931 9407423.936886
3371516.547314 9414503.501045
3351798.052431 9421541.796103
3312317.070678 9435494.455687
3272778.009942 9449281.670986
3252986.916569 9456113.161370
3213362.037587 9469651.757873
3173680.814724 9483024.311171
3153819.291730 9489648.248229
3114054.857938 9502771.297982
3074235.821542 9515727.723803
3054306.045516 9522143.381630
3014406.414627 9534849.446502
2994436.734666 9541139.797848
2974453.928393 9547388.324975
2934449.287352 9559759.797189
2914427.627947 9565882.688046
2894393.192954 9571963.646221
2854286.347553 9583999.658085
2814129.454393 9595867.621738
2794032.459906 9601738.520341
2753801.815603 9613354.022420
2713522.885461 9624800.961583
2673196.375740 9636079.137114
2632822.993535 9647188.351261
2612618.946444 9652679.536827
2572176.583111 9663534.944589
2551938.444152 9668899.119200
2511428.695223 9679500.292309
2470874.910285 9689931.742676
2430277.800417 9700193.287394
2409963.221055 9705260.288790
2369302.458727 9715266.638599
2328600.152466 9725102.638530
2287857.015957 9734768.116115
2247073.763599 9744262.901880
2226667.317419 9748946.233185
2206251.110496 9753586.829338
2185825.232324 9758184.669995
2165389.772443 9762739.735003
2144944.820431 9767252.004392
2124490.465912 9771721.458384
2083553.908042 9780531.841995
2063071.884140 9784872.732993
2022080.795322 9793425.818231
2001571.910093 9797637.974978
1981054.250841 9801807.183128
1960527.907506 9805933.424406
1919449.528539 9814056.934183
1878337.493472 9822008.361869
1837192.523173 9829787.568040
1816607.912741 9833612.545315
1796015.339087 9837394.416296
1754806.663226 9844828.773254
1713567.218153 9852090.508561
1692936.183111 9855656.603186
1672297.726970 9859179.494885
1651651.940202 9862659.168218
1610338.736821 9869488.798955
1589671.501308 9872838.726422
1548316.215617 9879408.732129
1506933.781367 9885805.509850
1486232.610268 9888938.903046
1465524.924170 9892028.947422
1444810.813846 9895075.629433
1424090.370098 9898078.935723
1382630.845674 9903955.368669
1361891.946740 9906828.469566
1341147.077861 9909658.143223
1299639.794045 9915187.159390
1258109.722024 9920542.320224
1237336.367984 9923154.675428
1216557.589998 9925723.531825
1195773.479150 9928248.878154
1154189.623330 9933168.996519
1133390.060643 9935563.746987
1112585.529665 9937914.944252
1070961.927651 9942486.638136
1050143.039075 9944707.114716
1029319.547127 9946883.998012
1008491.543088 9949017.278481
966822.363963 9953152.993727
945981.371535 9955155.410374
904287.037740 9959029.317829
883433.879142 9960900.791655
841716.035601 9964512.738484
799983.433204 9967949.965093
779111.826096 9969603.039361
758236.803700 9971212.411212
716476.879086 9974300.019637
695592.159925 9975778.242676
674704.391589 9977212.736229
632920.073659 9979950.509915
591124.657953 9982513.292691
549318.877322 9984901.039621
528412.329225 9986029.261439
486592.375696 9988154.377057
444763.890136 9990104.357915
402927.605976 9991879.169823
382006.768656 9992700.877576
340160.162076 9994212.878668
319234.576253 9994903.165380
298307.591044 9995549.638771
277379.298183 9996152.296006
235519.156477 9997226.151635
214587.491127 9997697.345322
172721.430212 9998508.254112
130852.340757 9999143.846596
88980.956905 9999604.111629
47108.012839 9999889.041141
26171.185166 9999965.753395
5234.242769 9999998.630135
-15702.722572 9999987.671218
-36639.619079 9999932.876690
-57576.354974 9999834.246794
-78512.838479 9999691.781960
-120384.681216 9999275.350171
-162254.413098 9998683.588625
-204121.299971 9997916.507698
-245984.607731 9996974.120841
-287843.602336 9995856.444577
-308771.252838 9995231.878922
-329697.549821 9994563.498505
-350622.401552 9993851.306255
-371545.716307 9993095.305294
-413387.368020 9991451.890689
-434305.521562 9990564.484249
-476136.025537 9988658.292543
-497048.192603 9987639.515633
-538865.898543 9985470.622028
-559771.254107 9984320.514841
-601574.512222 9981889.004905
-622472.231526 9980607.612815
-643367.222181 9979282.470069
-685148.651181 9976500.956036
-726918.066616 9973544.511578
-768674.736090 9970413.188534
-789548.062280 9968781.964581
-810417.927433 9967107.041810
-852146.908707 9963626.129376
-893860.948228 9959970.512267
-914712.136250 9958077.209371
-956402.391806 9954159.656392
-977241.276587 9952135.423483
-1018906.103413 9947956.089189
-1039731.862817 9945801.006125
-1081369.617155 9941360.055400
-1122988.410491 9936744.790418
-1164587.513071 9931955.292106
-1185379.452374 9929495.231576
-1206166.195488 9926991.644444
-1226947.651292 9924444.541685
-1268494.336607 9919219.834140
-1289259.383995 9916542.252256
-1330772.433110 9911056.690953
-1351520.252860 9908248.735579
-1392998.028002 9902502.536934
-1413727.801573 9899564.318851
-1455168.666362 9893557.709562
-1475879.575921 9890489.344688
-1496584.015865 9887377.624196
-1517281.895433 9884222.561729
-1558657.610550 9877782.466377
-1600005.995781 9871169.171555
-1620669.713104 9867797.610461
-1641326.326113 9864382.793222
-1661975.744259 9860924.734805
-1703252.633922 9853878.955266
-1723879.924500 9850291.265029
-1765111.745040 9842986.362254
-1806312.615676 9835508.870132
-1847481.813981 9827858.919775
-1888618.618086 9820036.645320
-1929722.306686 9812042.183923
-1950261.507424 9807980.426809
-1970792.159061 9803875.675761
-2011827.455080 9795537.264029
-2032331.919581 9791303.639897
-2073314.032155 9782707.647889
-2093791.500580 9778345.317696
-2134718.812882 9769492.084542
-2175608.694500 9760467.550708
-2216460.428458 9751271.874432
-2257273.298454 9741905.216953
-2298046.588863 9732367.742508
-2338779.584758 9722659.618331
-2379471.571915 9712781.014645
-2399801.964219 9707777.836999
-2420121.836832 9702732.104665
-2460729.666736 9692513.064590
-2501294.349601 9682124.073604
-2521560.288591 9676865.903329
-2541815.174154 9671565.313869
-2562058.917502 9666222.328462
-2582291.429894 9660836.970527
-2602512.622640 9655409.263672
-2642920.694682 9644426.898558
-2683282.425101 9633275.425687
-2703445.691009 9627636.334831
-2743736.582291 9616231.567875
-2783979.364220 9604658.187546
-2824173.331169 9592916.396775
-2864317.778367 9581006.401445
-2904412.001911 9568928.410389
-2944455.298781 9556682.635386
-2964457.630261 9550496.895889
-3004423.220908 9537999.848483
-3024386.304882 9531688.595356
-3064272.612584 9518940.768582
-3084195.661468 9512504.250815
-3104105.190576 9506026.034355
-3143883.340423 9492944.619127
-3183606.364645 9479696.752270
-3223273.566728 9466282.666075
-3262884.251140 9452702.595748
-3302437.723335 9438956.779406
-3341933.289773 9425045.458071
-3361659.141880 9418027.809144
-3381370.257931 9410968.875668
-3401066.551520 9403868.688584
-3440414.326022 9389544.678274
-3479701.775451 9375056.029375
-3499322.662949 9367750.044732
-3518928.210933 9360402.995935
-3558092.944661 9345585.834882
-3597195.289910 9330604.806027
-3636234.561052 9315460.172048
-3655730.329874 9307826.586010
-3694673.706720 9292437.043148
-3714121.144031 9284681.153786
-3733552.300246 9276884.564407
-3772365.428747 9261169.422486
-3791747.230893 9253250.938833
-3830460.886169 9237292.319697
-3849792.569596 9229252.254169
-3869107.377201 9221171.731602
-3907686.026351 9204889.457210
-3926949.698784 9196687.776761
-3965425.317147 9180163.509117
-4003831.404766 9163478.274226
-4042167.288219 9146632.364649
-4080432.295316 9129626.075768
-4099538.010510 9121062.882164
-4118625.755107 9112459.705775
-4156746.997900 9095133.555668
-4194795.355268 9077647.929250
-4213791.993383 9068845.408127
-4232770.160060 9060003.133118
-4251729.772109 9051121.142983
-4289592.999959 9033238.173252
-4308496.449784 9024237.272047
-4346246.606911 9006116.834236
-4365093.148734 8996997.377063
-4402728.745820 8978640.186060
-4440287.144377 8960125.561368
-4459037.188353 8950809.312732
-4477767.685845 8941453.827628
-4496478.554744 8932059.147068
-4533841.078772 8913152.364480
-4552492.570120 8903640.345331
-4571124.105314 8894089.296483
-4608326.980641 8874870.277334
-4645449.052426 8855495.644023
-4682489.669764 8835965.736271
-4700979.229997 8826142.661386
-4719448.183175 8816280.896519
-4756323.944619 8796441.469926
-4774730.591238 8786463.895168
-4811481.012834 8766393.241415
-4848147.068738 8746168.875564
-4866448.258587 8735999.161315
-4902986.560956 8715544.893068
-4939438.893152 8694937.804310
-4957632.620637 8684577.065050
-4993954.799613 8663741.423855
-5012083.091884 8653266.613254
-5030189.413356 8642753.870484
-5048273.684659 8632203.241629
-5084375.759759 8610988.510826
-5120388.684163 8589622.792830
-5138361.517461 8578883.430603
-5174239.532324 8557291.935077
-5192144.556616 8546439.896425
-5227886.246480 8524623.475196
-5263536.269300 8502657.581119
-5299093.999978 8480542.599351
-5334558.815036 8458278.917659
-5352256.184817 8447091.436234
-5369930.092627 8435866.926422
-5405207.212540 8413307.018616
-5440389.556219 8390599.589813
-5457944.994126 8379190.679361
-5492984.017296 8356262.716414
-5527926.725131 8333188.232699
-5562772.504937 8309967.632808
-5597520.745720 8286601.323898
-5632170.838196 8263089.715680
-5649458.888888 8251279.553061
-5683960.620262 8227550.769659
-5701174.149704 8215632.252891
-5735526.158815 8191687.230452
-5769777.599798 8167598.572951
-5803927.872080 8143366.702765
-5837976.376860 8118992.044781
-5871922.517125 8094475.026392
-5888857.014487 8082163.266287
-5905765.697654 8069816.077483
-5939505.325033 8045015.630432
-5956336.121345 8032562.480900
-5989919.310321 8007550.602765
-6006671.555770 7994991.983805
-6023397.470576 7982398.318266
-6056770.015097 7957106.068429
-6073416.498521 7944407.595000
-6106629.522841 7918906.229447
-6123195.918146 7906103.449108
-6139735.472015 7893266.011841
-6156248.111946 7880393.973918
-6189192.360576 7854546.321958
-6222028.086382 7828560.946449
-6238405.073231 7815516.754655
-6271076.935869 7789325.648887
-6303638.839900 7762997.963165
-6336090.214375 7736534.159125
-6352274.275137 7723251.357649
-6384558.788992 7696584.246918
-6400659.100563 7683200.054559
-6432775.480110 7656330.689207
-6464779.065787 7629327.075867
-6480738.385485 7615775.074075
-6496669.296436 7602189.688027
-6512571.728805 7588570.977277
-6544290.879089 7561233.820606
-6575895.280165 7533764.083398
-6607384.377874 7506162.247316
-6623085.515343 7492311.943350
-6638757.620077 7478428.796336
-6654400.623376 7464512.867134
-6670014.456669 7450564.216744
-6701154.339585 7422568.997124
-6732176.722810 7394443.628351
-6763081.062390 7366188.603582
-6793866.816442 7337804.418247
-6809215.055124 7323564.045810
-6824533.445159 7309291.570043
-6855080.410826 7280650.558920
-6870308.852553 7266282.149114
-6885507.177825 7251881.887078
-6915813.212645 7222986.058952
-6930920.789344 7208490.619529
-6961044.730198 7179405.007672
-6991046.614378 7150193.510360
-7020925.915825 7120856.639794
-7035819.434217 7106141.350205
-7050682.110628 7091394.910373
-7065513.879906 7076617.384942
-7095084.437134 7046969.336526
-7109823.095459 7032098.943507
-7139206.848495 7002265.745771
-7168465.420919 6972309.768583
-7197598.299706 6942231.537199
-7212117.444266 6927146.740911
-7241060.825492 6896886.117772
-7255484.935284 6881710.423570
-7284237.677077 6851268.602518
-7298566.183040 6836002.609112
-7312862.695253 6820706.649635
-7327127.151047 6805380.791138
-7355559.643403 6774639.645940
-7383863.161564 6743779.712543
-7397966.400145 6728305.369283
-7412037.209250 6712801.532050
-7426075.527197 6697268.268807
-7454054.443612 6666113.736779
-7467994.919431 6650492.604563
-7495777.600751 6619162.950108
-7523428.849260 6587717.233619
-7550948.180115 6556156.006474
-7578335.110784 6524479.822074
-7605589.161059 6492689.235839
-7619166.206620 6476751.216150
-7646220.041011 6444790.072954
-7673139.804696 6412715.925222
-7699925.025658 6380529.335349
-7713267.035757 6364394.050898
-7739849.562763 6332039.856618
-7766296.377341 6299574.634791
-7779468.747462 6283300.566363
-7805711.124659 6250669.871172
-7831816.634594 6217929.575196
-7857784.819528 6185080.252511
-7883615.224127 6152122.479105
-7909307.395475 6119056.832869
-7934860.883079 6085883.893583
-7947585.480363 6069257.370743
-7960275.238878 6052604.242911
-7972930.102999 6035924.583085
-7985550.017251 6019218.464384
-8010684.775023 5985727.143399
-8023199.508362 5968942.087926
-8035679.071475 5952130.867199
-8048123.409654 5935293.554912
-8060532.468351 5918430.224871
-8072906.193168 5901540.950999
-8097547.424356 5867684.868013
-8122046.671153 5833725.899596
-8134242.916065 5816708.019356
-8146403.503983 5799664.641192
-8158528.381601 5782595.839812
-8182670.793491 5748382.266807
-8194688.221934 5731237.645160
-8218615.260417 5696873.107349
-8242398.191677 5662408.679161
-8254235.486681 5645139.194954
-8277801.475992 5610526.064824
-8289530.066995 5593182.570629
-8312878.184631 5558422.104113
-8336080.542213 5523564.174854
-8347626.933748 5506098.852632
-8359136.732907 5488609.394061
-8382046.352438 5453558.374638
-8404808.999103 5418411.731180
-8427424.273778 5383170.079956
-8438676.522598 5365513.819472
-8449891.779920 5347834.038902
-8472211.123578 5312404.227609
-8483315.112076 5294654.352195
-8494381.913400 5276881.267312
-8516403.760637 5241265.780879
-8538276.279153 5205558.392801
-8559999.085429 5169759.729180
-8581571.798574 5133870.417718
-8602994.040325 5097891.087708
-8613648.616942 5079867.862833
-8624265.435059 5061822.370020
-8645385.609800 5025664.897092
-8655888.873841 5007553.075476
-8666354.194219 4989419.302918
-8687170.820650 4953086.223037
-8707835.124088 4916666.294523
-8718110.041351 4898423.961530
-8728346.742200 4880160.155970
-8738545.181762 4861874.957905
-8748705.315331 4843568.447487
-8758827.098370 4825240.704967
-8768910.486508 4806891.810683
-8788961.901449 4770130.888653
-8808859.208567 4733286.325973
-8818749.962560 4714832.881221
-8838415.454632 4677864.069350
-8848190.106506 4659348.864287
-8857925.971751 4640813.234658
-8877281.171814 4603681.026804
-8896480.715443 4566468.096873
-8915524.265987 4529175.097366
-8924987.439398 4510498.775811
-8934411.489533 4491802.682186
-8953142.054908 4454351.506633
-8962448.488040 4435596.588874
-8971715.633684 4416822.227383
-8980943.451218 4398028.504458
-8990131.900189 4379215.502484
-8999280.940321 4360383.303928
-9008390.531507 4341531.991342
-9017460.633816 4322661.647363
-9035482.212935 4284864.196183
-9053345.361684 4246991.613140
-9071049.766845 4209044.562299
-9079842.343461 4190043.319334
-9097308.052050 4151985.814777
-9114614.246199 4113855.508278
-9131760.622456 4075653.068424
-9148746.880174 4037379.165065
-9157179.871396 4018215.624243
-9165572.721511 3999034.469305
-9173925.393730 3979835.784335
-9182237.851438 3960619.653490
-9190510.058197 3941386.161006
-9206933.573998 3902867.428442
-9223195.653157 3864280.262039
-9231266.064778 3844961.227538
-9239296.010532 3825625.338394
-9247285.455219 3806272.679368
-9255234.363815 3786903.335292
-9271010.433540 3748114.931695
-9278837.525512 3728696.042204
-9294369.652123 3689809.313459
-9302074.618677 3670341.644666
-9317362.189402 3631358.124932
-9324944.726560 3611842.444876
-9332486.387203 3592310.932069
-9339987.138274 3572763.672129
-9354865.780353 3533622.253663
-9369580.391911 3494418.875795
-9384130.714939 3455154.225926
-9391344.188414 3435499.139097
-9398516.494308 3415828.992531
-9405647.601182 3396143.872451
-9412737.477774 3376443.865149
-9419786.093007 3356729.056982
-9426793.415983 3336999.534369
-9440684.062474 3297496.691818
-9454409.173686 3257936.030147
-9461209.578242 3238134.233873
-9474685.936206 3198488.144462
-9481361.830539 3178644.025115
-9494588.903586 3138914.072080
-9507649.496173 3099129.080552
-9514117.290615 3079216.163316
-9526927.734035 3039349.922347
-9539571.129958 2999430.388668
-9545830.115715 2979450.855764
-9552047.256692 2959458.262238
-9564355.895476 2919434.243938
-9570447.339327 2899402.994612
-9576496.830488 2879359.035559
-9582504.342439 2859302.454646
-9594393.323559 2819151.778966
-9606114.074224 2778951.671585
-9617666.388918 2738702.837381
-9623379.319361 2718560.368229
-9634678.601222 2678239.767303
-9640264.903109 2658061.812277
-9651310.706358 2617671.035357
-9662187.281147 2577234.359549
-9672894.436765 2536752.493878
-9683431.985470 2496226.148165
-9693799.742493 2455656.033007
-9698919.892198 2435354.784159
-9703997.526044 2415042.859772
-9714025.157312 2374387.340580
-9723882.460471 2333690.188296
-9728747.184880 2313326.222714
-9738348.672732 2272567.959004
-9743085.394087 2252173.839543
-9747779.405981 2231769.847529
-9757039.219264 2190932.603651
-9761604.980063 2170499.530800
-9770608.109905 2129604.931124
-9775045.439481 2109143.583563
-9779439.919497 2088672.990431
-9788100.253981 2047704.426431
-9796588.961504 2006699.957477
-9804905.893224 1965660.302552
-9813050.903308 1924586.181255
-9821023.848942 1883478.313790
-9828824.590324 1842337.420952
-9836452.990675 1801164.224116
-9840202.521047 1780565.737284
-9843908.916237 1759959.445223
-9851192.236275 1718723.806768
-9854769.129196 1698094.641132
-9861793.302444 1656814.069191
-9868644.556579 1615504.446264
-9875322.771470 1574166.496684
-9881827.830019 1532800.945281
-9885015.389903 1512108.045538
-9891260.501024 1470702.451512
-9894318.024885 1449989.938733
-9897332.176347 1429271.069826
-9900302.942196 1408545.935616
-9903230.309410 1387814.626950
-9908954.796794 1346333.849790
-9911751.891870 1325584.563129
-9914505.538124 1304829.465681
-9917215.723485 1284068.648426
-9919882.436072 1263302.202370
-9925085.396358 1221752.788008
-9930114.327752 1180181.951131
-9934969.142076 1138590.420654
-9939649.754204 1096978.925851
-9944156.082065 1055348.196350
-9946343.864583 1034525.846688
-9948488.046644 1013698.962113
-9952645.571983 972031.953429
-9954658.897037 951192.011970
-9958554.627788 909499.711584
-9960437.016406 888647.535417
-9962275.742788 867791.463805
-9965822.176792 826067.999958
-9969193.867616 784330.051630
-9970814.165740 763455.874478
-9973923.631900 721697.571713
-9975412.786306 700813.629151
-9978259.905128 659036.619397
-9980932.062684 617248.053932
-9982202.516225 596349.666779
-9983429.212119 575448.665488
-9984612.144988 554545.141679
-9985751.309647 533639.186985
-9987898.314552 491820.351522
-9989870.189188 449992.892359
-9990790.441730 429076.158076
-9992499.557094 387237.138558
-9994033.461509 345391.329128
-9995392.128080 303539.463521
-9996575.532984 261682.275579
-9997583.655470 219820.499235
-9998021.980162 198888.119790
-9998767.146839 157020.837143
-9999073.985556 136086.117470
-9999556.167025 94214.980267
-9999731.507663 73278.746283
-9999863.013813 52342.191076
-9999994.520541 10468.484104
-9999950.684901 -31405.406425
-9999863.013813 -52342.191077
-9999731.507663 -73278.746284
-9999556.167025 -94214.980268
-9999073.985556 -136086.117471
-9998416.477862 -177954.868506
-9998021.980162 -198888.119790
-9997101.505706 -240751.915084
-9996575.532984 -261682.275580
-9995392.128080 -303539.463522
-9994033.461509 -345391.329128
-9993288.412423 -366315.036727
-9992499.557094 -387237.138558
-9991666.898980 -408157.542910
-9990790.441730 -429076.158077
-9989870.189188 -449992.892360
-9987898.314552 -491820.351522
-9985751.309647 -533639.186986
-9984612.144988 -554545.141680
-9983429.212119 -575448.665489
-9982202.516225 -596349.666780
-9979617.857065 -638143.735338
-9978259.905128 -659036.619397
-9975412.786306 -700813.629152
-9973923.631900 -721697.571714
-9970814.165740 -763455.874479
-9967529.868868 -805200.790620
-9965822.176792 -826067.999958
-9962275.742788 -867791.463806
-9960437.016406 -888647.535418
-9956628.585184 -930347.900899
-9952645.571983 -972031.953430
-9950588.618846 -992867.633923
-9946343.864583 -1034525.846689
-9941924.708677 -1076165.919823
-9939649.754203 -1096978.925852
-9937331.228615 -1117787.123200
-9934969.142076 -1138590.420654
-9932563.504939 -1159388.727022
-9927621.621249 -1200970.001836
-9922505.664196 -1242530.218547
-9917215.723485 -1284068.648426
-9914505.538124 -1304829.465682
-9911751.891870 -1325584.563130
-9908954.796794 -1346333.849791
-9906114.265157 -1367077.234708
-9900302.942196 -1408545.935616
-9897332.176347 -1429271.069827
-9894318.024885 -1449989.938733
-9891260.501024 -1470702.451513
-9885015.389903 -1512108.045539
-9881827.830019 -1532800.945282
-9878596.952487 -1553487.125891
-9875322.771470 -1574166.496685
-9868644.556579 -1615504.446265
-9865240.551980 -1636162.843843
-9861793.302444 -1656814.069192
-9854769.129196 -1698094.641133
-9851192.236275 -1718723.806769
-9843908.916237 -1759959.445224
-9840202.521046 -1780565.737285
-9832660.341559 -1821754.815426
-9828824.590324 -1842337.420953
-9824945.753784 -1862911.950471
-9821023.848942 -1883478.313791
-9813050.903308 -1924586.181256
-9808999.897467 -1945127.505202
-9800768.908524 -1986184.483301
-9792366.070486 -2027206.635152
-9788100.253981 -2047704.426431
-9779439.919497 -2088672.990431
-9775045.439481 -2109143.583563
-9770608.109904 -2129604.931125
-9761604.980063 -2170499.530801
-9757039.219264 -2190932.603651
-9752430.687836 -2211356.072403
-9747779.405981 -2231769.847529
-9743085.394087 -2252173.839544
-9733569.262679 -2292952.116514
-9728747.184880 -2313326.222715
-9723882.460471 -2333690.188296
-9718975.110778 -2354043.923992
-9714025.157312 -2374387.340581
-9703997.526044 -2415042.859772
-9693799.742493 -2455656.033008
-9683431.985470 -2496226.148165
-9678184.423599 -2516494.836633
-9672894.436765 -2536752.493879
-9662187.281147 -2577234.359549
-9656770.159299 -2597458.390519
-9651310.706357 -2617671.035358
-9645808.946255 -2637872.205462
-9640264.903109 -2658061.812278
-9634678.601221 -2678239.767303
-9623379.319360 -2718560.368229
-9617666.388918 -2738702.837381
-9611911.298796 -2758833.301248
-9606114.074223 -2778951.671586
-9600274.740612 -2799057.860204
-9588469.848846 -2839233.339790
-9576496.830488 -2879359.035560
-9570447.339327 -2899402.994612
-9558222.525635 -2939452.695732
-9552047.256691 -2959458.262239
-9539571.129958 -2999430.388669
-9533270.326858 -3019396.773372
-9520543.379292 -3059289.748132
-9514117.290615 -3079216.163317
-9501140.024318 -3119028.412551
-9494588.903586 -3138914.072081
-9487996.162693 -3158785.971972
-9474685.936206 -3198488.144463
-9461209.578242 -3238134.233874
-9454409.173685 -3257936.030148
-9440684.062474 -3297496.691819
-9433759.415983 -3317255.383799
-9426793.415983 -3336999.534370
-9419786.093007 -3356729.056982
-9405647.601181 -3396143.872452
-9398516.494308 -3415828.992532
-9384130.714939 -3455154.225926
-9369580.391911 -3494418.875796
-9362243.606140 -3514028.266718
-9347446.946890 -3553200.750742
-9339987.138273 -3572763.672129
-9332486.387203 -3592310.932070
-9324944.726559 -3611842.444876
-9317362.189401 -3631358.124932
-9309738.808968 -3650857.886689
-9302074.618676 -3670341.644667
-9286623.943084 -3709260.807728
-9278837.525512 -3728696.042205
-9263142.701478 -3767517.391076
-9247285.455218 -3806272.679368
-9231266.064778 -3844961.227539
-9215084.811045 -3883582.357212
-9198741.977745 -3922135.391195
-9182237.851438 -3960619.653491
-9173925.393730 -3979835.784336
-9165572.721511 -3999034.469306
-9157179.871395 -4018215.624243
-9140273.784813 -4056525.007768
-9131760.622456 -4075653.068425
-9114614.246198 -4113855.508279
-9105981.107460 -4132929.720014
-9088595.117985 -4171023.709036
-9079842.343461 -4190043.319334
-9062217.426680 -4228027.354640
-9044433.610747 -4265937.254672
-9035482.212935 -4284864.196184
-9017460.633816 -4322661.647363
-9008390.531507 -4341531.991343
-8990131.900189 -4379215.502485
-8971715.633684 -4416822.227384
-8962448.488040 -4435596.588875
-8943796.375083 -4473086.898447
-8934411.489533 -4491802.682187
-8915524.265987 -4529175.097366
-8906022.010784 -4547831.564981
-8886900.421787 -4585084.611351
-8877281.171814 -4603681.026805
-8867623.007689 -4622257.261717
-8857925.971751 -4640813.234659
-8838415.454632 -4677864.069351
-8818749.962560 -4714832.881222
-8798929.840354 -4751719.022052
-8778955.435545 -4788521.845070
-8758827.098369 -4825240.704967
-8748705.315331 -4843568.447488
-8728346.742200 -4880160.155971
-8707835.124088 -4916666.294523
-8697522.035451 -4934887.074983
-8687170.820650 -4953086.223038
-8676781.525058 -4971263.658911
-8666354.194219 -4989419.302919
-8645385.609799 -5025664.897093
-8624265.435059 -5061822.370021
-8613648.616942 -5079867.862834
-8592301.751912 -5115891.965640
-8581571.798574 -5133870.417719
-8570804.227346 -5151826.365136
-8559999.085429 -5169759.729180
-8549156.420188 -5187670.431240
-8538276.279152 -5205558.392801
-8527358.710016 -5223423.535452
-8505411.479036 -5259085.050870
-8494381.913399 -5276881.267313
-8483315.112076 -5294654.352196
-8461069.996579 -5330130.815748
-8438676.522598 -5365513.819473
-8416135.082784 -5400802.742958
-8393446.072384 -5435996.967437
-8370609.889234 -5471095.875806
-8347626.933748 -5506098.852633
-8324497.608916 -5541005.284166
-8301222.320292 -5575814.558348
-8277801.475991 -5610526.064825
-8266036.598696 -5627844.964906
-8254235.486681 -5645139.194955
-8230524.765573 -5679653.341824
-8206669.728416 -5714067.900253
-8194688.221933 -5731237.645161
-8182670.793491 -5748382.266808
-8158528.381601 -5782595.839812
-8146403.503983 -5799664.641192
-8122046.671153 -5833725.899596
-8109814.822710 -5850718.207311
-8085244.529864 -5884625.807330
-8060532.468350 -5918430.224872
-8035679.071474 -5952130.867200
-8010684.775022 -5985727.143399
-7998134.926314 -6002485.960040
-7985550.017251 -6019218.464385
-7972930.102998 -6035924.583086
-7947585.480363 -6069257.370744
-7934860.883079 -6085883.893584
-7922101.502806 -6102483.738548
-7909307.395475 -6119056.832870
-7896478.617170 -6135603.103900
-7883615.224126 -6152122.479106
-7857784.819527 -6185080.252511
-7844817.921201 -6201518.506238
-7831816.634594 -6217929.575196
-7818781.016699 -6234313.387448
-7792607.015765 -6266998.954671
-7766296.377341 -6299574.634791
-7753089.963144 -6315821.088615
-7739849.562763 -6332039.856618
-7726575.234237 -6348230.867704
-7713267.035756 -6364394.050899
-7686549.262426 -6396636.650327
-7673139.804695 -6412715.925222
-7659696.711247 -6428767.089552
-7646220.041010 -6444790.072954
-7619166.206620 -6476751.216150
-7605589.161059 -6492689.235839
-7578335.110784 -6524479.822075
-7550948.180114 -6556156.006474
-7523428.849260 -6587717.233620
-7495777.600750 -6619162.950108
-7467994.919431 -6650492.604564
-7454054.443611 -6666113.736780
-7440081.292449 -6681705.647644
-7412037.209249 -6712801.532051
-7397966.400145 -6728305.369284
-7369727.555328 -6759224.493997
-7355559.643402 -6774639.645941
-7341359.487893 -6790025.100802
-7312862.695253 -6820706.649636
-7298566.183039 -6836002.609113
-7284237.677077 -6851268.602519
-7269877.240175 -6866504.562934
-7241060.825492 -6896886.117773
-7226604.974030 -6912031.579017
-7197598.299705 -6942231.537199
-7183047.603995 -6957285.901754
-7153851.814399 -6987303.071831
-7124530.587403 -7017197.724816
-7109823.095459 -7032098.943508
-7095084.437133 -7046969.336527
-7080314.677034 -7061808.838688
-7050682.110628 -7091394.910374
-7035819.434217 -7106141.350205
-7006001.620738 -7135540.714636
-6991046.614377 -7150193.510361
-6976060.962300 -7164814.962738
-6961044.730197 -7179405.007673
-6930920.789344 -7208490.619529
-6915813.212644 -7222986.058952
-6885507.177824 -7251881.887078
-6870308.852552 -7266282.149115
-6855080.410826 -7280650.558921
-6839821.919399 -7294987.053512
-6809215.055123 -7323564.045810
-6778488.796393 -7352012.624933
-6747643.681972 -7380332.292055
-6732176.722809 -7394443.628351
-6701154.339584 -7422568.997124
-6685599.051510 -7436582.906312
-6654400.623376 -7464512.867134
-6638757.620076 -7478428.796337
-6607384.377873 -7506162.247317
-6591654.276496 -7519979.647523
-6575895.280165 -7533764.083399
-6560107.457960 -7547515.494520
-6544290.879089 -7561233.820606
-6512571.728805 -7588570.977277
-6496669.296435 -7602189.688028
-6480738.385484 -7615775.074076
-6464779.065786 -7629327.075868
-6432775.480109 -7656330.689208
-6416731.354420 -7669782.182383
-6400659.100563 -7683200.054560
-6368430.490283 -7709934.700789
-6336090.214374 -7736534.159125
-6303638.839899 -7762997.963166
-6287371.668439 -7776178.849725
-6254754.713615 -7802438.303025
-6238405.073230 -7815516.754655
-6222028.086382 -7828560.946450
-6189192.360575 -7854546.321959
-6172733.765555 -7867487.391765
-6139735.472014 -7893266.011841
-6123195.918145 -7906103.449109
-6090036.358719 -7931674.296734
-6073416.498520 -7944407.595001
-6040096.981419 -7969769.661355
-6006671.555770 -7994991.983805
-5989919.310320 -8007550.602766
-5956336.121345 -8032562.480900
-5922648.492504 -8057433.514106
-5905765.697654 -8069816.077484
-5871922.517124 -8094475.026392
-5854962.279800 -8106751.303828
-5820964.882762 -8131197.195595
-5803927.872079 -8143366.702765
-5769777.599798 -8167598.572951
-5735526.158815 -8191687.230452
-5701174.149704 -8215632.252892
-5666722.174801 -8239433.220412
-5649458.888887 -8251279.553062
-5632170.838196 -8263089.715680
-5597520.745720 -8286601.323899
-5580158.855826 -8298302.666434
-5545361.769264 -8321596.171888
-5527926.725130 -8333188.232699
-5510467.448962 -8344743.764426
-5475476.506767 -8367745.038171
-5440389.556219 -8390599.589814
-5405207.212540 -8413307.018617
-5369930.092626 -8435866.926423
-5334558.815036 -8458278.917660
-5299093.999977 -8480542.599351
-5281326.710161 -8491618.702023
-5263536.269299 -8502657.581120
-5245722.755376 -8513659.188253
-5227886.246480 -8524623.475196
-5192144.556615 -8546439.896425
-5174239.532324 -8557291.935077
-5138361.517460 -8578883.430604
-5102393.405300 -8600324.501875
-5084375.759758 -8610988.510826
-5066335.826518 -8621614.772938
-5048273.684658 -8632203.241629
-5012083.091883 -8653266.613254
-4993954.799612 -8663741.423855
-4957632.620636 -8684577.065051
-4921223.513309 -8705260.428733
-4884728.116036 -8725791.152234
-4848147.068737 -8746168.875565
-4811481.012834 -8766393.241416
-4774730.591237 -8786463.895169
-4737896.448338 -8806380.484900
-4719448.183174 -8816280.896519
-4700979.229996 -8826142.661386
-4682489.669764 -8835965.736271
-4663979.583527 -8845750.078114
-4645449.052426 -8855495.644023
-4608326.980640 -8874870.277334
-4589735.602682 -8884499.259805
-4571124.105314 -8894089.296483
-4533841.078771 -8913152.364481
-4515169.713030 -8922625.312235
-4477767.685844 -8941453.827629
-4459037.188353 -8950809.312732
-4421517.636106 -8969402.532700
-4402728.745819 -8978640.186060
-4383920.555879 -8987838.480955
-4365093.148733 -8996997.377063
-4346246.606910 -9006116.834237
-4327381.013028 -9015196.812499
-4308496.449783 -9024237.272047
-4270670.746418 -9042199.476659
-4251729.772108 -9051121.142984
-4213791.993382 -9068845.408127
-4175780.328988 -9086410.657902
-4137695.445434 -9103816.584314
-4118625.755106 -9112459.705775
-4080432.295315 -9129626.075769
-4042167.288218 -9146632.364650
-4023008.164053 -9155075.385378
-4003831.404765 -9163478.274226
-3984637.094416 -9171840.994359
-3965425.317146 -9180163.509118
-3926949.698783 -9196687.776761
-3888405.224316 -9213050.787416
-3869107.377200 -9221171.731602
-3830460.886168 -9237292.319697
-3811112.411662 -9245291.892941
-3772365.428746 -9261169.422487
-3733552.300245 -9276884.564407
-3694673.706719 -9292437.043149
-3655730.329873 -9307826.586010
-3636234.561051 -9315460.172048
-3616722.852552 -9323052.923148
-3577651.958722 -9338115.787580
-3558092.944660 -9345585.834883
-3538518.333461 -9353014.915190
-3518928.210932 -9360402.995935
-3499322.662948 -9367750.044732
-3479701.775450 -9375056.029375
-3440414.326021 -9389544.678274
-3420747.936308 -9396727.279018
-3401066.551519 -9403868.688584
-3361659.141879 -9418027.809145
-3341933.289772 -9425045.458071
-3302437.723334 -9438956.779406
-3262884.251139 -9452702.595749
-3243086.017074 -9459513.364114
-3223273.566727 -9466282.666075
-3203446.986947 -9473010.471958
-3183606.364644 -9479696.752270
-3143883.340422 -9492944.619127
-3124001.112632 -9499506.147599
-3104105.190575 -9506026.034356
-3084195.661467 -9512504.250816
-3064272.612583 -9518940.768582
-3024386.304881 -9531688.595356
-3004423.220907 -9537999.848484
-2964457.630260 -9550496.895889
-2944455.298780 -9556682.635386
-2924440.060083 -9562826.482530
-2884371.212054 -9574988.392216
-2844251.788750 -9586982.411697
-2804082.493634 -9598808.330668
-2763864.031045 -9610465.941769
-2723597.106183 -9621955.040593
-2683282.425099 -9633275.425687
-2663107.396844 -9638872.288441
-2642920.694680 -9644426.898558
-2622722.407099 -9649939.231690
-2582291.429893 -9660836.970527
-2541815.174153 -9671565.313870
-2521560.288590 -9676865.903329
-2481017.446020 -9687339.801646
-2440431.100679 -9697643.839760
-2420121.836831 -9702732.104665
-2399801.964218 -9707777.836999
-2379471.571914 -9712781.014645
-2338779.584757 -9722659.618331
-2298046.588862 -9732367.742508
-2277664.935805 -9737157.821470
-2257273.298452 -9741905.216953
-2216460.428457 -9751271.874432
-2196039.374720 -9755891.095368
-2175608.694498 -9760467.550708
-2134718.812881 -9769492.084542
-2093791.500578 -9778345.317696
-2052827.475220 -9787027.094935
-2011827.455079 -9795537.264030
-1991314.171598 -9799727.948775
-1970792.159059 -9803875.675762
-1929722.306685 -9812042.183923
-1909174.646882 -9816060.929299
-1868054.310402 -9823969.314559
-1847481.813980 -9827858.919776
-1826901.218999 -9831705.443921
-1806312.615674 -9835508.870133
-1765111.745038 -9842986.362254
-1723879.924498 -9850291.265029
-1682617.877023 -9857423.450371
-1661975.744258 -9860924.734805
-1620669.713102 -9867797.610462
-1579335.264725 -9874497.461724
-1558657.610549 -9877782.466378
-1537973.123894 -9881024.171116
-1496584.015864 -9887377.624196
-1475879.575920 -9890489.344688
-1434451.377973 -9896582.705370
-1392998.028001 -9902502.536934
-1351520.252859 -9908248.735579
-1310018.779828 -9913821.200551
-1268494.336605 -9919219.834140
-1247723.728688 -9921853.934466
-1206166.195487 -9926991.644444
-1185379.452373 -9929495.231576
-1164587.513070 -9931955.292106
-1143790.468721 -9934371.815252
-1122988.410489 -9936744.790418
-1102181.429564 -9939074.207205
-1060553.064487 -9943602.324983
-1039731.862816 -9945801.006125
-998075.877564 -9950067.564727
-956402.391804 -9954159.656392
-914712.136249 -9958077.209371
-893860.948227 -9959970.512267
-873005.841906 -9961820.154972
-852146.908706 -9963626.129376
-831284.240063 -9965388.427564
-789548.062278 -9968781.964581
-768674.736089 -9970413.188534
-726918.066615 -9973544.511578
-685148.651180 -9976500.956036
-664259.392592 -9977913.582476
-622472.231524 -9980607.612815
-601574.512221 -9981889.004905
-580674.155875 -9983126.640722
-559771.254106 -9984320.514841
-517958.180823 -9986576.957242
-476136.025535 -9988658.292543
-434305.521560 -9990564.484249
-413387.368019 -9991451.890689
-392467.402366 -9992295.498937
-350622.401551 -9993851.306255
-308771.252837 -9995231.878922
-287843.602335 -9995856.444577
-266914.690051 -9996437.192732
-245984.607729 -9996974.120841
-204121.299969 -9997916.507698
-183188.258042 -9998321.962315
-141319.856898 -9999001.385041
-120384.681214 -9999275.350171
-99448.977816 -9999505.482813
-78512.838478 -9999691.781960
-36639.619077 -9999932.876690
-15702.722570 -9999987.671218
26171.185167 -9999965.753395
47108.012840 -9999889.041141
68044.634013 -9999768.493709
88980.956907 -9999604.111629
109916.889747 -9999395.895620
151787.218171 -9998847.965661
172721.430214 -9998508.254112
193654.885121 -9998124.713438
235519.156478 -9997226.151635
256449.789414 -9996711.134444
277379.298185 -9996152.296006
319234.576254 -9994903.165380
340160.162077 -9994212.878668
382006.768658 -9992700.877576
423846.677037 -9991013.662005
444763.890137 -9990104.357915
486592.375697 -9988154.377057
528412.329227 -9986029.261439
570223.017444 -9983729.048325
591124.657955 -9982513.292691
612023.707231 -9981253.778047
632920.073661 -9979950.509915
653813.665644 -9978603.494007
695592.159926 -9975778.242676
716476.879087 -9974300.019637
758236.803702 -9971212.411212
779111.826098 -9969603.039361
820851.533533 -9966253.195655
862576.847954 -9962728.601210
904287.037741 -9959029.317829
945981.371537 -9955155.410374
966822.363964 -9953152.993727
987659.118261 -9951106.946773
1029319.547128 -9946883.998012
1070961.927652 -9942486.638136
1091776.121596 -9940222.578007
1133390.060644 -9935563.746987
1174984.126552 -9930730.703345
1195773.479152 -9928248.878154
1216557.589999 -9925723.531825
1258109.722026 -9920542.320223
1299639.794046 -9915187.159390
1320396.329977 -9912444.377235
1341147.077863 -9909658.143223
1382630.845676 -9903955.368669
1424090.370100 -9898078.935722
1465524.924172 -9892028.947422
1486232.610270 -9888938.903046
1506933.781369 -9885805.509849
1548316.215618 -9879408.732128
1568997.297366 -9876145.375644
1589671.501309 -9872838.726421
1610338.736823 -9869488.798955
1651651.940203 -9862659.168217
1692936.183112 -9855656.603185
1734190.741661 -9848481.226643
1754806.663228 -9844828.773254
1775414.892483 -9841133.164405
1816607.912742 -9833612.545314
1857769.080151 -9825919.501239
1878337.493474 -9822008.361868
1898897.672979 -9818054.167072
1939992.970068 -9810016.680724
1981054.250842 -9801807.183128
2022080.795323 -9793425.818231
2063071.884142 -9784872.732993
2104026.798549 -9776148.077386
2124490.465914 -9771721.458384
2144944.820433 -9767252.004392
2165389.772444 -9762739.735002
2206251.110498 -9753586.829338
2247073.763600 -9744262.901879
2267470.359583 -9739536.855950
2287857.015958 -9734768.116115
2328600.152468 -9725102.638529
2369302.458729 -9715266.638598
2389638.077461 -9710284.746533
2409963.221057 -9705260.288789
2450581.726496 -9695083.764556
2491157.262832 -9684737.244337
2531689.118603 -9674220.909549
2572176.583113 -9663534.944589
2612618.946446 -9652679.536827
2632822.993537 -9647188.351261
2653015.499474 -9641654.876604
2673196.375742 -9636079.137114
2693365.533875 -9630461.157231
2733668.342142 -9619098.574979
2773923.217595 -9607567.329084
2814129.454394 -9595867.621738
2834214.112958 -9589954.659012
2874346.070199 -9578002.645058
2914427.627948 -9565882.688046
2934449.287354 -9559759.797189
2974453.928395 -9547388.324974
3014406.414629 -9534849.446501
3054306.045518 -9522143.381630
3074235.821543 -9515727.723802
3094152.121452 -9509270.353151
3133943.943761 -9496230.586783
3153819.291731 -9489648.248228
3173680.814725 -9483024.311170
3213362.037589 -9469651.757873
3233181.563512 -9462903.200253
3252986.916570 -9456113.161369
3272778.009944 -9449281.670986
3312317.070680 -9435494.455686
3351798.052432 -9421541.796103
3391220.262932 -9407423.936885
3430583.010941 -9393141.125579
3469885.606262 -9378693.612623
3509127.359755 -9364081.651343
3528725.205750 -9356714.082535
3567874.406696 -9341855.930063
3606961.047653 -9326833.975188
3626480.693920 -9319261.654049
3645984.443267 -9311648.481308
3665472.210200 -9303994.490339
3704399.455188 -9288564.188097
3743261.746323 -9272971.017884
3762668.321207 -9265113.442618
3782058.402185 -9257215.253113
3801431.904259 -9249276.483990
3840128.832067 -9233277.346269
3859452.088171 -9225217.047805
3878758.426111 -9217116.309990
3898047.761255 -9208975.168333
3936575.085010 -9192571.816422
3975033.383887 -9176007.279693
3994236.438219 -9167664.657676
4032589.935780 -9150858.889189
4070872.724916 -9133892.667288
4109084.134366 -9116766.289464
4128162.862283 -9108143.135814
4166265.946335 -9090777.088039
4204295.978054 -9073251.640339
4223283.390854 -9064429.237439
4242252.290612 -9055567.100011
4280134.218473 -9037723.777139
4299047.080519 -9028742.669912
4336816.186312 -9010661.760722
4374509.249303 -8992422.856370
4412125.608571 -8974026.276660
4449664.604542 -8955472.344164
4468404.885545 -8946136.472178
4487125.578998 -8936761.384210
4524507.875089 -8917893.724880
4543169.313859 -8908401.236227
4561810.837345 -8898869.697006
4599033.811685 -8879689.634158
4617615.099371 -8870041.194609
4636176.145434 -8860353.872646
4673237.187329 -8840862.751506
4691737.020701 -8831059.037770
4728674.906817 -8811335.518844
4765529.879183 -8791457.499790
4783926.070708 -8781460.661530
4820655.461235 -8761351.546655
4838988.499232 -8751239.358188
4875590.858874 -8730899.940835
4893860.020069 -8720672.801107
4912107.728704 -8710407.433731
4930333.904789 -8700103.883707
4948538.468428 -8689762.196199
4984882.439259 -8668964.590236
5021139.003935 -8648014.980512
5057307.526722 -8626913.734364
5093387.373433 -8605661.221786
5129377.911435 -8584257.815425
5147339.492401 -8573499.644251
5183194.884583 -8551870.601713
5218959.393348 -8530091.608569
5254632.391595 -8508163.046698
5290213.253822 -8486085.300601
5307968.938902 -8474990.604340
5325701.356148 -8463858.757395
5361096.076314 -8441483.806804
5396396.793702 -8418960.841157
5431602.889338 -8396290.255377
5466713.745912 -8373472.446975
5484233.267097 -8362008.459220
5519200.111272 -8338970.567866
5554070.180433 -8315786.458948
5571468.733248 -8304139.699839
5606192.494007 -8280737.027592
5640817.954407 -8257189.158863
5658093.632176 -8245360.904747
5675344.507316 -8233496.506545
5709771.547336 -8209659.486071
5744098.470815 -8185678.515406
5761224.200690 -8173634.180056
5795399.821354 -8149438.073306
5829473.824050 -8125099.072302
5846472.531883 -8112876.119721
5863445.611316 -8100617.603809
5897314.587482 -8075994.097092
5914210.335749 -8063629.214226
5947923.982332 -8038793.460489
5981533.336551 -8013816.752568
5998298.719791 -8001275.677550
6031750.531073 -7976088.360274
6048436.812476 -7963442.228426
6065096.580155 -7950761.188301
6081729.761081 -7938045.295486
6098336.282341 -7925294.605722
6131469.054796 -7899689.059076
6147995.160751 -7886834.314437
6164494.316562 -7873944.997336
6197411.488567 -7848062.871905
6213829.360466 -7835070.177032
6230219.993632 -7822043.136607
6262919.256485 -7795886.247679
6279227.742834 -7782756.513834
6311762.067926 -7756394.755161
6327987.764055 -7743162.845890
6360355.867843 -7716597.257496
6376498.133616 -7703263.694824
6408698.739114 -7676495.324774
6440786.972910 -7649592.353164
6456788.774517 -7636090.539096
6472762.272361 -7622555.251718
6488707.396423 -7608986.550363
6504624.076804 -7595384.494511
6520512.243735 -7581749.143786
6552202.758779 -7554378.796952
6568004.967976 -7540643.920823
6583778.385887 -7526875.989780
6615238.571403 -7499241.204510
6646582.763696 -7471474.925698
6662211.190556 -7457542.628268
6693380.363160 -7429580.022724
6708920.972272 -7415549.837187
6724432.172384 -7401487.145095
6755366.073758 -7373264.487967
6786181.524880 -7344912.546203
6816877.985424 -7316431.816934
6847454.917149 -7287822.799548
6862698.392079 -7273470.339484
6877911.783914 -7259085.995681
6908248.051680 -7230221.909213
6938463.188523 -7201231.046253
6968556.664643 -7172113.915134
6983557.614953 -7157508.158475
6998527.952375 -7142871.026403
7028376.526193 -7113502.892813
7043254.631747 -7098772.020031
7072918.154049 -7069216.985362
7087703.440764 -7054392.953032
7117180.741263 -7024652.183289
7131872.625832 -7009735.576248
7161162.541591 -6979810.244764
7175760.444388 -6964801.651502
7204861.819862 -6934692.938890
7233836.863514 -6904462.631665
7262685.067290 -6874111.259891
7291405.925356 -6843639.355758
7305718.442287 -6828358.370943
7334247.338243 -6797706.670744
7348463.592210 -6782336.089723
7362647.633700 -6766935.777881
7376799.400535 -6751505.802728
7405005.862242 -6720557.133167
7419060.433469 -6705038.574426
7433082.482752 -6689490.623703
7461028.769763 -6658306.819062
7474952.884987 -6642671.101840
7488844.233259 -6627006.266029
7516528.385515 -6595589.513436
7544080.741111 -6564057.112153
7571500.816937 -6532409.615075
7598788.132203 -6500647.577118
7625942.208446 -6468771.555206
7639469.133053 -6452790.974851
7666422.458758 -6420745.025606
7693241.359524 -6388586.493436
7719925.365100 -6356315.942217
7746474.007604 -6323933.937788
7772886.821525 -6291441.047945
7786042.147945 -6275153.198960
7812250.351371 -6242495.049858
7838321.572876 -6209727.443310
7864255.355319 -6176850.953871
7877170.564695 -6160372.058139
7890051.243971 -6143866.158007
7915708.786522 -6110773.634080
7941227.533086 -6077573.962344
7966607.036210 -6044267.724928
7979244.432321 -6027574.826518
8004414.236656 -5994109.836165
8016946.534547 -5977337.890918
8029443.689621 -5960539.743614
8041905.647095 -5943715.467888
8066723.750889 -5909988.826287
8091400.410762 -5876158.557487
8103685.563916 -5859204.748187
8115935.194027 -5842225.254675
8128149.247397 -5825220.151380
8152470.409907 -5791133.413728
8176648.624993 -5756945.132916
8188683.994670 -5739813.101089
8212646.994505 -5705473.630090
8224574.519619 -5688266.341447
8248321.358815 -5653777.035020
8260140.568801 -5636495.168422
8271923.569912 -5619188.593874
8295380.739065 -5584501.624492
8318692.454968 -5549716.735082
8341858.308870 -5514834.535572
8364877.894573 -5479855.637596
8387750.808446 -5444780.654481
8410476.649432 -5409610.201241
8421784.292965 -5391989.365973
8444288.778274 -5356676.864355
8466645.199344 -5321270.437445
8477767.763187 -5303532.195949
8488853.164172 -5285770.706068
8510912.283358 -5250178.292686
8521885.904860 -5232347.525207
8532822.170111 -5214493.821385
8554582.440259 -5178717.917865
8576192.712251 -5142851.209429
8597652.607168 -5106894.324974
8608326.045532 -5088882.263701
8629559.670131 -5052791.297851
8640119.763288 -5034712.551481
8650641.981906 -5016611.735114
8661126.279861 -4998488.928097
8681980.930112 -4962177.659977
8692351.190991 -4943989.358047
8712977.356962 -4907547.817095
8723233.171637 -4889294.737817
8743630.039585 -4852724.361725
8753771.003445 -4834407.225219
8763873.594569 -4816068.896768
8773937.768672 -4797709.456759
8793950.689512 -4760927.564081
8803899.348523 -4742505.272647
8813809.415056 -4724062.192126
8823680.845670 -4705598.403365
8833513.597094 -4687113.987301
8843307.626225 -4668609.024961
8853062.890130 -4650083.597465
8872456.951380 -4612971.671917
8882095.663710 -4594385.336550
8891695.440785 -4575778.861389
8901256.240522 -4557152.327997
8920260.740514 -4519839.413214
8939108.830458 -4482447.246453
8948474.118277 -4463721.648416
8967086.974342 -4426211.833451
8976334.460998 -4407427.780951
8985542.599296 -4388624.408198
9003840.669533 -4350960.031724
9021980.864210 -4313219.364445
9030991.658707 -4294320.628499
9048894.444521 -4256466.766217
9057786.357360 -4237511.805815
9075451.028011 -4199546.241939
9084223.708388 -4180535.804890
9101649.566968 -4142460.037237
9110302.668784 -4123394.873541
9127489.027810 -4085210.404277
9144515.343195 -4046954.303926
9152968.391118 -4027799.601668
9161381.316396 -4008627.243283
9178086.651681 -3970229.894382
9186378.988458 -3951005.072183
9202842.818533 -3912503.553657
9211014.239660 -3893227.026102
9227235.914995 -3854622.856911
9235286.098094 -3835295.384498
9243295.797703 -3815951.099814
9251264.978711 -3796590.087654
9259193.606185 -3777212.432890
9267081.645370 -3757818.220464
9282735.820736 -3718980.462764
9290501.888297 -3699537.087737
9298227.230327 -3680077.495544
9305911.812960 -3660601.771487
9321158.565473 -3621602.269344
9336241.878495 -3582539.265134
9351161.487553 -3543413.443799
9365917.131043 -3504225.491380
9380508.550235 -3464976.095008
9387742.595653 -3445328.570363
9402087.199581 -3405988.298786
9416266.944997 -3366588.305772
9430281.583269 -3327129.282168
9444130.868661 -3287611.919861
9457814.558336 -3248036.911757
9471332.412361 -3208404.951773
9478029.076821 -3188567.831949
9491297.733858 -3148851.747424
9504399.968144 -3109080.450157
9517335.549940 -3069254.637507
9530104.252430 -3029375.007790
9536425.953855 -3009415.230014
9548943.918509 -2969456.186100
9561294.449629 -2929445.075010
9567406.859824 -2909420.213478
9573477.330656 -2889382.598309
9579505.835515 -2869332.317339
9585492.347975 -2849269.458461
9597339.290909 -2809106.358821
9609017.951733 -2768894.003618
9614794.112245 -2748769.575489
9620528.125669 -2728633.097946
9631869.610896 -2688324.347749
9637477.032982 -2668152.251791
9648565.113199 -2627773.060284
9659484.013099 -2587347.792758
9664879.960484 -2567118.101964
9675544.731858 -2526625.049707
9680813.509098 -2506361.865747
9686039.849848 -2486087.694983
9696365.130430 -2445506.748586
9701464.024999 -2425200.150841
9711534.210939 -2384555.151337
9716505.458165 -2364216.927746
9721434.112445 -2343868.340454
9726320.152174 -2323509.478660
9735964.302489 -2282761.288586
9745437.740008 -2241973.072013
9754740.298621 -2201145.544133
9759327.447248 -2180717.262138
9768373.382603 -2139832.109782
9777248.036893 -2098909.437083
9785951.254507 -2057949.961589
9790238.526755 -2037456.647204
9798684.304164 -1996443.314329
9802842.772302 -1975923.475623
9806958.269029 -1955394.975325
9815060.276272 -1914312.349943
9822990.183831 -1873196.158538
9826890.556659 -1852625.700847
9834562.054926 -1811460.512351
9838333.146736 -1790865.961995
9845745.933055 -1749653.400456
9852986.081640 -1708410.160064
9860053.465540 -1667136.963987
9863522.331890 -1646489.358701
9866947.960834 -1625834.535920
9873669.446633 -1584503.600070
9880217.805079 -1543144.881143
9886592.921353 -1501759.104334
9892794.683672 -1460346.995311
9898822.983292 -1418909.280204
9904677.714512 -1377446.685592
9907539.959772 -1356706.285648
9913134.146859 -1315207.735065
9918554.514610 -1273686.123307
9921199.486415 -1252916.896986
9926358.947912 -1211362.058680
9931344.358186 -1169785.980053
9933771.766678 -1148990.203419
9936155.629822 -1128189.390111
9938495.937168 -1107383.631309
9940792.678458 -1086573.018217
9945255.422787 -1044937.594085
9947421.406263 -1024112.965556
9949543.784557 -1003283.847760
9953657.688577 -961612.509609
9957597.062711 -919924.310307
9959501.279366 -899074.116142
9961361.837885 -878219.980826
9964951.948088 -836500.252419
9968367.330369 -794765.856611
9971607.924842 -753017.525183
9973162.658774 -732138.362359
9976140.965953 -690370.500121
9978944.349019 -648590.532757
9981572.758817 -606799.192846
9984026.149260 -564997.213169
9986304.477330 -523185.326691
9988407.703077 -481364.266554
9990335.789623 -439534.766056
9992088.703161 -397697.558648
9992899.460327 -376776.294092
9994389.557683 -334928.901826
9995704.410950 -293075.636834
9996296.113726 -272147.031395
9996843.997075 -251217.232982
9997808.296075 -209354.424225
9998597.291041 -167487.944596
9999210.968140 -125618.528191
9999649.316611 -83746.909161
9999802.740089 -62810.503094
9999978.082168 -20936.956734
10000000.000000 0.000003
