2000
9999967.500861 25494.739300
9999707.509013 76483.555056
9999341.899289 114723.934406
9999187.532077 127470.382296
9998830.053161 152962.635963
9998626.942039 165708.400315
9997920.126053 203943.994915
9997067.094456 242176.606915
9996067.859724 280405.677178
9995702.294358 293147.816913
9994922.436469 318630.646620
9994077.613305 344111.405282
9993167.830356 369589.927280
9991153.409181 420539.598871
9990048.784048 446010.417302
9987644.740592 496943.191652
9984981.025671 547863.045843
9982812.871488 586043.661221
9979694.902207 636937.719770
9978874.865201 649658.698599
9975432.578408 700531.850551
9974531.479010 713247.344365
9971730.937657 751386.789188
9969782.889360 776807.015308
9968784.563701 789515.245277
9965692.400229 827632.155019
9963549.985983 853036.738255
9962454.492464 865736.960970
9959070.887758 903829.105862
9954332.860968 954597.974572
9949336.028797 1005342.024432
9945418.641536 1043382.980786
9939969.216600 1094080.423481
9935712.543939 1132084.910336
9932794.032763 1157412.071264
9931310.565429 1170072.840898
9925215.341001 1220696.700561
9918862.068227 1271288.823002
9912250.912287 1321847.892862
9907123.412652 1359744.713714
9900061.378802 1410242.779082
9892741.950590 1460704.179168
9887083.578607 1498525.378378
9883230.995050 1523727.370128
9879314.172194 1548919.457911
9877331.678967 1561511.736643
9873318.545025 1586688.661478
9865099.779029 1637011.407960
9860894.200396 1662156.902518
9858767.374062 1674725.608609
9850099.902882 1724973.015222
9847893.011232 1737527.910375
9841176.336302 1775175.573797
9836618.589479 1800259.627139
9831996.906329 1825331.979104
9822561.851620 1875440.927113
9812871.417481 1925501.115029
9807930.511599 1950512.517174
9802925.855856 1975511.241323
9795299.412525 2012985.200887
9792725.425321 2025470.005768
9782270.391081 2075376.109473
9774262.194990 2112770.348048
9766111.054196 2150133.688196
9763362.262318 2162581.174138
9755020.714382 2199902.466469
9752208.489363 2212335.774697
9743676.751158 2249614.048885
9740801.166112 2262032.856143
9737909.752677 2274447.987693
9729140.589149 2311671.126388
9723215.425008 2336467.803949
9714209.192393 2373634.295004
9708126.103295 2398392.703984
9698883.167462 2435501.037555
9689498.389314 2472573.752890
9679971.906101 2509610.307817
9673542.260971 2534280.987817
9667049.739481 2558935.195428
9663779.913273 2571256.072005
9657193.156497 2595885.270598
9643831.375885 2645092.889387
9640451.740055 2657384.098633
9630218.862705 2694231.737694
9626776.598778 2706505.554627
9623318.691746 2718774.973604
9612851.168343 2755556.643455
9609330.745338 2767808.271303
9595092.963353 2816769.608010
9591494.524285 2828998.549065
9587880.499444 2841222.893117
9573268.660192 2890073.902131
9562146.420429 2926662.917776
9547099.262895 2975381.599800
9539482.577824 2999712.010744
9527941.306432 3036171.019753
9516260.692683 3072585.625966
9504440.907401 3108955.296835
9496483.818307 3133176.517311
9488465.003703 3157377.372679
9480384.515709 3181557.705637
9464038.730042 3229856.175788
9447446.886282 3278070.672038
9434841.787100 3314175.682186
9430609.415808 3326199.940846
9417820.383521 3362240.209108
9409217.832655 3386239.769662
9396199.352134 3422197.793080
9387444.011238 3446142.036522
9374196.611341 3482016.354344
9365288.836090 3505904.307966
9356320.188072 3529769.473814
9351813.054979 3541693.462841
9347290.725585 3553611.696767
9333632.633212 3589331.674315
9324451.392179 3613115.862367
9315209.543817 3636876.565787
9305907.148197 3660613.630136
9296544.265782 3684326.901126
9291840.161028 3696174.565940
9277637.284388 3731681.446659
9263298.725987 3767133.753018
9253664.411769 3790738.048766
9248824.695521 3802530.966543
9229315.620057 3849640.656656
9209566.589130 3896650.258924
9189578.116202 3943558.551133
9174429.940082 3978672.551809
9154023.697882 4025400.618399
9148884.929296 4037066.329714
9133379.457755 4072024.027515
9117740.414168 4106922.173582
9107240.291282 4130154.267925
9101968.027248 4141760.257543
9086062.527660 4176537.769905
9070024.148017 4211254.202062
9048433.345201 4257446.887215
9026607.289729 4303528.881861
9004546.549064 4349498.987900
8993428.350784 4372441.709082
8982251.696768 4395356.010144
8959723.312491 4441098.756344
8948371.728662 4463926.904160
8925494.146536 4509496.007334
8913968.296939 4532236.666499
8902384.508084 4554947.866906
8890742.855261 4577629.460936
8873172.046716 4611596.017582
8861386.065848 4634202.951101
8855471.471555 4645495.131467
8837641.388640 4679326.306830
8819682.058730 4713089.048905
8801593.744473 4746782.863925
8783376.710403 4780407.259131
8771160.641503 4802784.713159
8765031.222937 4813961.742778
8758887.561568 4825130.949914
8734170.688056 4869729.190818
8715483.974957 4903094.847365
8690370.133120 4947470.762862
8671386.440540 4980668.348607
8645877.630002 5024818.405378
8639465.278442 5035835.551584
8626598.469469 5057845.277049
8620144.032964 5068837.820542
8594186.318479 5112725.449627
8568005.161430 5156480.151587
8554831.004433 5178307.299262
8534965.536555 5210984.867549
8514975.248195 5243586.227253
8488127.870747 5286935.336265
8481381.516942 5297751.179894
8461059.808177 5330146.988822
8454258.392829 5340928.292654
8447443.239670 5351700.917704
8433771.764235 5373220.061452
8426915.464176 5383966.545182
8399353.441878 5426864.818513
8392428.786772 5437567.384314
8385490.494325 5448261.114299
8371573.042528 5469621.997325
8350594.867353 5501596.619286
8336541.551484 5522868.363485
8308272.453186 5565304.020773
8286928.833143 5597035.868602
8265464.020057 5628685.862006
8258282.204780 5639217.589898
8251086.970145 5649740.154300
8222172.072182 5691738.435262
8193043.403753 5733588.735183
8185727.923637 5744028.060532
8171057.070932 5764878.692875
8163701.722182 5775289.965988
8134147.790332 5816841.043473
8104382.376584 5858240.887341
8089420.605620 5878883.760151
8066879.392456 5909776.380505
8051786.354978 5930323.472948
8036640.982274 5950832.019309
8013825.010106 5981522.273418
7998549.230767 6001933.871929
7990891.838930 6012125.050140
7960132.547725 6052791.903134
7929166.298890 6093301.387963
7921392.493781 6103404.046880
7905806.280435 6123579.594994
7874479.796245 6163811.153704
7866616.154090 6173844.044371
7842948.581334 6203882.457829
7811213.455491 6243792.465542
7803247.909521 6253744.643216
7795269.683604 6263686.658821
7787278.790704 6273618.496199
7771259.055915 6293451.571742
7755188.809280 6313243.740933
7730988.958197 6342855.013969
7698546.676274 6382192.340665
7682250.423670 6401798.843139
7665904.237762 6421363.735023
7633062.491341 6460368.178616
7600022.290874 6499204.657358
7566784.495380 6537872.161527
7541726.996677 6566761.295159
7508145.492347 6605130.677417
7499719.581063 6614696.229262
7491281.483053 6624251.032506
7465894.205879 6652850.795458
7440397.742966 6681353.263109
7431874.722900 6690832.392395
7423339.626352 6700300.649361
7397662.016609 6728640.032578
7380483.482497 6747478.311532
7363256.976512 6766272.733038
7337327.515292 6794381.865434
7319981.570172 6813066.109494
7302588.046432 6831706.069797
7293873.477898 6841009.405667
7267658.715620 6868852.654794
7241337.666720 6896595.449680
7232540.430991 6905820.654642
7206078.265651 6933428.879661
7170631.511812 6970082.045558
7143924.050389 6997453.048236
7126061.009128 7015643.555241
7099179.637032 7042843.777988
7063176.373788 7078950.452769
7026989.473120 7114873.080011
7017914.164754 7123824.869839
7008827.452576 7132765.083754
6972366.861317 7168409.890011
6944902.403189 7195021.237646
6917336.378622 7221527.360953
6908125.203082 7230339.285161
6871168.396768 7265469.349138
6861901.244217 7274222.385563
6834032.945096 7300410.516221
6806064.700958 7326491.881274
6777996.920826 7352466.099294
6740419.089898 7386931.060497
6721564.395955 7404091.576354
6702666.012999 7421203.966890
6674236.790451 7446782.074493
6664738.671682 7455283.927403
6655229.722994 7463773.665792
6636179.397690 7480716.743847
6607523.072210 7506040.157780
6578770.114330 7531253.798857
6540283.247082 7564700.592088
6520975.984776 7581350.289096
6482234.430269 7614501.742795
6462800.389882 7631003.284008
6453067.609124 7639235.461228
6443324.342404 7647455.225013
6423806.414427 7663857.458876
6384645.424700 7696512.379049
6374829.200508 7704644.875940
6365002.617489 7712764.853109
6335460.875230 7737049.534444
6295927.832598 7769253.035313
6276099.863305 7785279.089784
6256231.100443 7801254.541281
6246281.461771 7809223.258452
6226351.750782 7825122.610894
6206381.569579 7840971.101387
6166320.316002 7872515.084804
6126098.742602 7903854.388581
6095827.981586 7927224.055047
6075597.919604 7942739.446772
6045178.823403 7965915.703363
6024850.282677 7981301.840635
6014671.318862 7988975.461600
5984075.852143 8011918.384245
5963630.227361 8027148.591580
5943145.840010 8042326.623831
5932889.151968 8049896.043457
5922622.823233 8057452.382343
5902061.310427 8072525.768801
5871147.153584 8095037.436663
5850489.985953 8109979.465095
5829794.791145 8124868.780057
5819432.975575 8132293.639730
5798680.992293 8147103.703134
5788290.858301 8154488.882800
5777891.318582 8161860.811767
5757064.089573 8176564.869709
5715297.507393 8205813.451571
5683874.996704 8227609.921590
5662880.447598 8242074.073691
5641849.090743 8256484.653730
5631319.652120 8263669.824941
5610233.340031 8277999.871370
5599676.500829 8285144.723302
5567951.456493 8306498.454712
5546756.159870 8320666.806389
5504257.545743 8348841.169296
5461615.824941 8376798.468434
5418832.106119 8404537.976932
5408114.119495 8411438.739628
5365154.467813 8438904.996296
5343622.263237 8452555.892027
5322055.326035 8466151.847600
5300453.796390 8479692.774643
5267986.948291 8499900.794282
5246299.552304 8513303.765724
5224578.056273 8526651.402158
5181033.329042 8553180.323327
5159210.380877 8566361.435630
5148286.322678 8572931.117169
5115464.024670 8592556.535299
5093540.900973 8605570.352400
5082566.915033 8612056.290701
5049595.474874 8631430.098201
5005518.762982 8657065.433127
4972375.762002 8676144.263523
4939160.042001 8695096.208755
4916976.069052 8707660.210204
4905872.088746 8713920.991658
4861376.629808 8738822.418562
4827922.027307 8757349.421956
4783206.143109 8781852.822299
4760801.493273 8794018.941397
4715899.506257 8818179.622058
4693402.460933 8830174.026581
4670874.909301 8842111.036493
4659599.739369 8848057.994208
4648316.997785 8853990.574205
4637026.702883 8859908.766841
4614423.526522 8871701.951592
4591790.357202 8883437.471807
4580462.571147 8889283.583862
4557784.688284 8900932.464368
4523712.363576 8918297.284327
4489573.881371 8935531.677730
4455369.740931 8952635.392531
4432530.750824 8963965.146240
4421100.442478 8969608.178595
4409662.950030 8975236.635718
4375307.553996 8992034.464344
4352368.377178 9003159.973550
4329400.910715 9014226.963767
4283381.706174 9036185.099876
4248794.154081 9052499.557374
4225701.234242 9063302.327459
4191010.402069 9079396.004677
4179433.145851 9084731.068081
4133056.395253 9105923.612334
4121445.370372 9111184.778010
4074934.487944 9132081.302691
4051639.241550 9142440.563457
4039981.733273 9147597.913924
4004969.895474 9162980.745170
3969899.486580 9178229.571462
3946486.927732 9188320.898251
3923048.717398 9198352.502537
3887843.638660 9213287.786742
3864341.966481 9223169.800350
3829042.410572 9237880.396392
3793686.856439 9252455.892101
3781889.317023 9257284.331476
3746459.903048 9271679.362168
3699135.544438 9290661.775346
3675437.222576 9300062.431129
3639844.994758 9314050.054307
3592305.976854 9332488.294590
3556590.353744 9346157.769675
3532751.009552 9355194.829853
3508888.703086 9364171.082875
3473052.528448 9377521.321471
3437165.561797 9390734.417542
3425192.043156 9395108.273325
3389238.170352 9408138.212453
3353234.731287 9421030.561297
3341222.661192 9425297.402646
3293120.282685 9442211.541994
3269036.908159 9450576.579929
3232872.054994 9463008.944096
3184578.796446 9479370.120911
3160401.039842 9487458.314394
3124095.937716 9499474.962962
3099867.120906 9507408.891634
3075618.155493 9515281.023785
3039207.273560 9526973.241714
2990590.383025 9542346.103604
2978423.962039 9546150.569855
2966252.701241 9549939.524017
2941895.739325 9557470.871467
2905324.492554 9568651.398863
2893124.608486 9572347.152072
2868710.756566 9579691.988533
2819827.273156 9594194.815073
2783116.479071 9604908.259006
2734105.532325 9618974.318404
2685023.500832 9632790.291498
2660456.227015 9639604.383175
2611269.961654 9653044.555339
2598962.737335 9656365.397495
2549691.808107 9669491.800693
2537363.667890 9672734.133474
2512695.038171 9679171.640443
2488010.076367 9685546.234462
2438591.798399 9698106.518325
2426227.272181 9701207.204453
2401486.412294 9707361.279543
2376729.943158 9713452.258456
2351958.025687 9719480.101600
2302368.489890 9731346.224278
2289961.702434 9734273.234371
2252719.094194 9742959.339064
2215443.540832 9751502.956846
2178135.587489 9759903.962771
2165692.497335 9762672.585260
2153245.888023 9765425.343820
2103424.663777 9776277.649689
2090960.762164 9778951.022021
2066022.786028 9784250.091224
2028590.693515 9792079.441987
1991128.933669 9799765.587477
1953638.054354 9807308.415288
1903605.866034 9817142.390065
1878571.130888 9821963.678725
1828465.192229 9831414.701904
1815931.228719 9833737.528151
1803394.314397 9836044.374991
1753217.556507 9845111.893704
1728112.002589 9849549.680392
1690432.661920 9856086.313315
1677867.360717 9858233.164205
1640155.180024 9864577.587786
1589835.055291 9872812.390447
1577248.514456 9874830.992156
1526876.926082 9882744.904762
1501676.163372 9886605.519609
1489072.111538 9888511.730622
1451245.519905 9894133.940925
1413397.704383 9899611.453448
1375529.218481 9904944.188086
1325006.707268 9911829.156402
1287092.144698 9916823.776344
1249158.758917 9921673.366677
1223859.651667 9924825.819782
1173237.737029 9930937.176944
1160577.440796 9932424.678995
1122585.319068 9936790.336996
1109917.602743 9938213.265729
1059228.907643 9943743.466181
1046552.379376 9945085.626440
1033874.150506 9946411.626356
983144.641066 9951553.979894
970458.218257 9952799.146301
932389.570583 9956437.600300
894307.287082 9959930.445353
868911.797645 9962178.089550
830808.025500 9965428.140565
779984.191946 9969534.826676
767275.013332 9970521.002130
716426.037533 9974303.671573
665558.435180 9977827.016408
627396.305301 9980299.287902
614673.528794 9981090.945032
589225.000000 9982625.601483
551045.077518 9984805.923129
512857.096220 9986840.220954
487394.240692 9988115.280379
436459.191224 9990470.628274
410987.328354 9991550.901433
372774.577016 9993049.540292
347296.346246 9993967.442807
296333.278226 9995608.365088
270848.772226 9996331.374188
258105.848697 9996668.513603
207130.167546 9997854.624553
194385.354042 9998110.538203
156149.101162 9998780.798588
117910.564664 9999304.830774
66923.263601 9999776.061332
54176.114683 9999853.246353
28681.573460 9999958.868283
3186.845811 9999999.492201
-47802.505917 9999885.745369
-73296.798574 9999731.375358
-86043.776603 9999629.816574
-98790.614815 9999512.008814
-137030.083415 9999061.093735
-149776.155228 9998878.292255
-188012.827545 9998232.402614
-226246.750248 9997440.292795
-277220.070241 9996156.713090
-328186.182715 9994613.240615
-379143.762588 9992809.915499
-430091.485000 9990746.784627
-455561.235708 9989617.808531
-468295.011008 9989028.970959
-506491.688387 9987165.071711
-519222.295710 9986511.313148
-531952.059318 9985841.326928
-582862.262924 9982999.127640
-595587.497710 9982248.019989
-646478.552053 9979081.394684
-684635.884922 9976536.157659
-710068.578761 9974758.273435
-722783.205264 9973845.017755
-748208.914136 9971969.886678
-786338.307253 9969035.663822
-824456.200484 9965955.647778
-849861.465185 9963821.329690
-900655.257631 9959358.418437
-926043.455227 9957029.854280
-938735.307166 9955841.301622
-976801.628069 9952178.584581
-1027534.404783 9947068.565512
-1078240.466353 9941699.929927
-1090912.652998 9940317.378410
-1116251.687638 9937503.819866
-1128918.494459 9936072.817410
-1154246.584186 9933162.377757
-1166907.825935 9931682.945290
-1192224.600335 9928675.667095
-1242834.736868 9922467.526620
-1268127.770042 9919266.704694
-1306051.813546 9914344.590558
-1318688.944209 9912671.661486
-1331323.932057 9910982.624742
-1356587.397192 9907556.239244
-1369215.833426 9905818.896058
-1394466.010623 9902295.922927
-1407087.710556 9900510.298707
-1457551.440669 9893206.952137
-1470161.503290 9891340.917906
-1520577.659423 9883716.081599
-1533175.572464 9881769.713164
-1545770.994159 9879807.287271
-1583542.106522 9873823.696870
-1633867.469642 9865620.968375
-1659014.303176 9861423.403437
-1671583.686416 9859300.582663
-1684150.353403 9857161.740944
-1721833.852666 9850649.124997
-1746942.229993 9846227.340716
-1784583.454708 9839474.675672
-1809663.139136 9834892.949232
-1834731.061065 9830247.297681
-1884830.965756 9820764.340444
-1909862.622876 9815927.096395
-1934881.866219 9811026.050510
-1947386.781901 9808551.611817
-1984882.461167 9801032.681067
-2009863.487777 9795940.422466
-2022349.112315 9793370.414108
-2047310.482412 9788182.660157
-2059786.187411 9785564.922995
-2084727.535945 9780281.749565
-2109655.334109 9774935.005987
-2159469.631309 9764050.947811
-2184355.806562 9758513.703958
-2209227.783878 9752913.031446
-2234085.401593 9747248.966677
-2283756.912036 9735730.808045
-2296165.562558 9732811.706250
-2308570.481908 9729876.789048
-2358152.444532 9717979.061942
-2382920.515011 9711935.431166
-2420043.529373 9702751.636311
-2432410.029361 9699658.831581
-2469485.733598 9690285.868413
-2506525.322587 9680771.188662
-2518863.732999 9677568.160162
-2543528.254639 9671114.931478
-2568176.243783 9664598.842211
-2580493.988600 9661317.238079
-2629722.835879 9648033.882945
-2678883.312285 9634499.685981
-2727974.139683 9620714.999064
-2776994.041746 9606680.180588
-2825941.743994 9592395.595447
-2874815.973821 9577861.615030
-2887022.902260 9574189.196053
-2935803.504875 9559344.003684
-2972338.935381 9548046.986333
-3020985.131587 9532767.113212
-3057418.303723 9521144.538135
-3093806.762329 9509382.720101
-3142254.233062 9493483.993498
-3166447.410953 9485442.045243
-3214771.865527 9469173.240184
-3263012.738382 9452658.243540
-3287101.439633 9444308.557304
-3311168.775290 9435897.484688
-3347229.376128 9423165.896003
-3383241.025065 9410296.497258
-3419203.195447 9397289.476665
-3443150.227864 9388541.766875
-3490976.997542 9370863.332833
-3526787.579592 9357444.596065
-3562546.583775 9343889.010387
-3610144.120007 9325602.362999
-3633907.767455 9316368.087277
-3657647.795129 9307073.256765
-3693213.212059 9293017.603033
-3716893.515544 9283571.650723
-3752368.624275 9269289.601019
-3764181.491249 9264498.783039
-3787788.856106 9254871.991636
-3799583.315627 9250036.033855
-3823153.693028 9240319.033425
-3858462.617847 9225630.939219
-3870219.745266 9220704.914666
-3893715.114182 9210807.923825
-3905453.317499 9205836.973618
-3928910.666480 9195850.204023
-3952342.478218 9185803.662983
-3999128.880921 9165531.528165
-4045811.309195 9145021.096224
-4080754.166958 9129482.210337
-4115637.345311 9113809.809398
-4162054.533528 9092705.981166
-4185222.624062 9082065.381126
-4196796.477523 9076722.939820
-4231477.045036 9060607.155005
-4243023.507301 9055205.768865
-4289140.221568 9033453.169178
-4300652.022765 9027978.299657
-4323654.641332 9016984.559291
-4335145.421324 9011465.706309
-4358105.829364 9000384.079586
-4403941.515576 8978045.395707
-4415382.593105 8972424.229633
-4449662.702527 8955473.289209
-4483877.737400 8938391.378545
-4506651.360979 8926930.800146
-4518027.197341 8921178.747458
-4529395.692100 8915412.198232
-4574795.885822 8892201.223717
-4597451.453330 8880509.001982
-4642672.793352 8856951.469544
-4653959.313888 8851026.082024
-4665238.271936 8845086.311962
-4687773.427275 8833163.662841
-4721518.983837 8815172.062147
-4743977.690668 8803106.024037
-4766405.562461 8790982.767253
-4799989.235619 8772690.769538
-4822339.382481 8760424.811627
-4844658.184966 8748101.912463
-4878077.300708 8729510.974179
-4922525.064128 8704524.512748
-4933617.052856 8698242.510747
-4944701.024664 8691946.374471
-4977904.658533 8672973.262414
-5022062.842327 8647478.523114
-5066090.456157 8621758.955691
-5077076.823840 8615294.012675
-5099024.791262 8602322.138708
-5109986.355337 8595815.228835
-5131884.555154 8582759.516179
-5175580.743572 8556480.816712
-5197378.448155 8543258.000707
-5240872.369664 8516645.865885
-5251724.603690 8509958.207124
-5262568.303886 8503256.720042
-5284230.032320 8489812.304493
-5305857.414168 8476312.706626
-5316658.181185 8469542.241730
-5338233.779648 8455960.035018
-5381280.743760 8428630.823381
-5424187.798504 8401082.473501
-5445588.511111 8387226.345322
-5466953.828330 8373315.701615
-5477623.170262 8366339.964680
-5498935.134088 8352347.717324
-5530836.020104 8331257.583265
-5552058.369376 8317129.785151
-5573244.631224 8302947.927124
-5615508.342056 8274422.400403
-5657626.053775 8245681.744747
-5678629.817621 8231230.976861
-5689117.866773 8223985.523939
-5699596.671350 8216726.707390
-5720526.478682 8202169.030610
-5730977.447427 8194870.194035
-5772688.026855 8165541.803494
-5803872.526864 8143406.148038
-5814248.520613 8136001.114832
-5855657.848158 8106248.896087
-5865986.434071 8098777.880353
-5907205.290327 8068762.337431
-5938018.702117 8046112.967968
-5968745.272743 8023345.927299
-5999384.552840 8000461.548383
-6040100.366747 7969767.095695
-6080659.142459 7938865.434886
-6090774.175505 7931107.737448
-6131135.171064 7899948.196928
-6151255.957379 7884291.353496
-6191377.453173 7852824.029121
-6221362.994498 7829089.505855
-6261202.108497 7797265.428120
-6290974.671724 7773264.287269
-6330528.231843 7741085.990081
-6350243.355093 7724921.315528
-6360085.446408 7716820.142674
-6369917.202854 7708706.430315
-6399350.303298 7684290.188149
-6438448.781756 7651560.447694
-6457935.311237 7635120.923462
-6496782.317409 7602093.101259
-6506467.715872 7593805.229417
-6535460.411987 7568867.630190
-6545103.425255 7560530.480907
-6573968.589371 7535445.374094
-6593158.646072 7518660.723010
-6631410.071829 7484944.920254
-6669489.085771 7451034.514400
-6707394.697870 7416930.387093
-6735709.518964 7391225.695116
-6763925.832982 7365412.909398
-6801393.638757 7330828.368655
-6810732.998267 7322152.417583
-6820061.290624 7313464.568324
-6857263.485637 7278594.472049
-6866536.215221 7269847.344000
-6885048.185848 7252317.662551
-6921937.752184 7217116.997450
-6940315.108117 7199446.242597
-6949486.876968 7190593.309794
-6976934.368266 7163964.462566
-7004279.824670 7137230.845204
-7022453.245336 7119350.421006
-7049627.755619 7092443.056324
-7085699.992849 7056405.289618
-7103667.086259 7038317.549500
-7121588.007056 7020184.061529
-7130531.116312 7011100.198921
-7148382.559878 6992898.310260
-7157290.865180 6983780.313786
-7175072.570443 6965510.290630
-7183945.941511 6956358.293637
-7210495.955486 6928834.539511
-7236940.518821 6901209.453933
-7254511.452976 6882736.634410
-7289511.748156 6845656.905915
-7298232.244580 6836359.126331
-7306940.881686 6827050.237954
-7315637.645322 6817730.255910
-7350305.682827 6780339.694219
-7376181.348995 6752181.033321
-7410514.368472 6714482.615561
-7427608.683320 6695567.880880
-7461652.367686 6657607.974626
-7495502.054542 6619474.975430
-7529156.863823 6581169.874722
-7537540.013871 6571566.825293
-7554269.555815 6552328.706505
-7587581.226928 6513724.827222
-7604163.139576 6494359.317647
-7612435.567967 6484660.725400
-7645401.448557 6445761.141277
-7678168.554296 6406693.972075
-7686329.172212 6396901.113540
-7718846.611981 6357625.891849
-7735030.127862 6337926.231905
-7751163.367378 6318185.376531
-7783278.598192 6278580.593010
-7799260.380746 6258716.922287
-7815191.469450 6238812.570982
-7823137.971236 6228845.180530
-7846901.151440 6198882.344385
-7854796.726885 6188874.564839
-7862679.538619 6178856.728634
-7878406.819734 6158790.951377
-7901901.694012 6128617.268044
-7925281.006116 6098353.956117
-7933048.370523 6088246.344469
-7956273.068157 6057864.216448
-7979381.408457 6027393.494569
-7994722.158734 6007030.681181
-8025247.666961 5966188.053015
-8048004.914390 5935454.228445
-8055564.524613 5925190.308320
-8063111.044884 5914916.760011
-8093165.981526 5873726.619062
-8100646.868527 5863405.180560
-8130438.663212 5822024.316657
-8160019.072433 5780492.084375
-8182065.194788 5749244.224091
-8196696.152047 5728365.577634
-8218542.663723 5696977.837816
-8233040.250644 5676006.362865
-8247484.324220 5654997.994848
-8254686.264152 5644480.018604
-8261874.790568 5633952.870319
-8290494.527785 5591752.899115
-8318898.718203 5549407.546422
-8333019.752365 5528180.695916
-8354099.719032 5496273.090419
-8361099.239674 5485619.336440
-8388961.344512 5442915.354870
-8409714.829913 5410794.440703
-8430345.326575 5378594.395816
-8457660.818421 5335538.724491
-8471236.148632 5313958.798684
-8498221.536444 5270695.468107
-8511631.418644 5249012.344541
-8524985.976705 5227295.103299
-8531642.482044 5216423.732653
-8538285.123825 5205543.885538
-8564716.839832 5161940.086198
-8571290.002366 5151018.122210
-8590925.879459 5118202.080187
-8616911.561291 5074331.004663
-8629820.431679 5052345.922141
-8649078.537989 5019306.769237
-8655469.811871 5008277.382073
-8661847.020983 4997239.856670
-8668210.154959 4986194.210965
-8687215.002800 4953008.731583
-8706092.803571 4919750.816415
-8718607.285967 4897538.871013
-8731065.098917 4875295.092452
-8737272.729030 4864161.310909
-8749645.386099 4841870.053761
-8768097.713193 4808374.204645
-8774220.006620 4797193.270593
-8798566.503832 4752391.763906
-8810654.008156 4729944.603118
-8822684.244745 4707466.698505
-8828677.863188 4696216.262913
-8834657.135404 4684958.196169
-8846572.602314 4662419.242410
-8864337.963828 4628554.035877
-8881973.687920 4594621.138580
-8887823.409669 4583295.216167
-8893658.689082 4571961.846092
-8899479.516675 4560621.046774
-8916855.194077 4526554.257696
-8934100.466013 4492421.269560
-8956890.873345 4446808.505320
-8979448.408060 4401080.127309
-9001772.483678 4355237.324430
-9018361.983477 4320780.847830
-9029348.392706 4297774.726896
-9040276.112724 4274740.671166
-9061955.201397 4228589.354367
-9072706.429143 4205472.393274
-9088722.678346 4170745.745801
-9104606.008590 4135958.102829
-9120356.187587 4101109.973111
-9135972.984997 4066201.866289
-9151456.172430 4031234.292880
-9161703.957721 4007889.792782
-9171892.193512 3984519.242090
-9176963.959637 3972824.245235
-9182020.813584 3961122.792709
-9187062.747136 3949414.903526
-9202098.943615 3914252.806338
-9212048.323070 3890779.573995
-9226860.103285 3855522.355583
-9246399.201049 3808425.109522
-9260895.789666 3773037.128487
-9280013.858473 3725767.409078
-9284755.695957 3713934.795658
-9289482.446106 3702096.147252
-9294194.101239 3690251.483096
-9303572.095860 3666544.184535
-9312889.618863 3642813.054067
-9322146.609686 3619058.245941
-9326752.386712 3607172.011002
-9331343.008161 3595279.914560
-9335918.466573 3583381.975941
-9349553.789360 3547653.300403
-9363052.378637 3511872.741844
-9376414.036991 3476040.823541
-9394016.240351 3428185.945369
-9402725.781301 3404225.004557
-9407057.636762 3392236.226832
-9424232.127886 3344226.188480
-9428487.483103 3332210.044546
-9445355.626268 3284091.517198
-9453697.635382 3260000.156254
-9466095.418329 3223823.433610
-9474283.708132 3199679.392973
-9482410.416723 3175514.554971
-9486450.661540 3163424.386036
-9498478.879374 3127123.115274
-9506420.528994 3102896.828115
-9518217.130970 3066519.631067
-9522118.406723 3054383.906509
-9533729.370519 3017947.032288
-9548993.740072 2969295.969092
-9564009.842765 2920567.706370
-9571424.671785 2896175.021015
-9582430.251714 2859550.746365
-9596886.336395 2810653.419816
-9600461.385849 2798417.620518
-9614605.522523 2749429.149163
-9628499.686480 2700369.194659
-9642143.516480 2651239.032529
-9648871.445139 2626648.022705
-9655536.657794 2602039.940122
-9658845.732066 2589729.546524
-9662139.111123 2577414.944726
-9668678.762211 2552773.196577
-9675155.568551 2528114.855842
-9684752.852181 2491096.584270
-9691072.363367 2466397.463505
-9700433.510604 2429318.774132
-9709652.792854 2392204.556936
-9715720.100471 2367442.275812
-9724702.642482 2330270.052012
-9730612.000783 2305469.602970
-9739357.437650 2268240.882643
-9742240.937476 2255823.910717
-9747960.440283 2230978.990193
-9759209.328937 2181245.807789
-9764738.641668 2156357.869166
-9775606.824243 2106540.105913
-9780945.623444 2081610.605090
-9786220.848183 2056667.574157
-9791432.464170 2031711.175238
-9799130.547756 1994251.866751
-9801664.734807 1981758.922380
-9811642.169323 1931755.145239
-9814096.679264 1919246.302606
-9818957.852708 1894219.281590
-9828488.703806 1844128.466011
-9837764.021380 1793989.704440
-9846783.564278 1743804.300448
-9853380.228003 1706135.423229
-9861951.604953 1655871.535345
-9864054.394697 1643298.785513
-9866141.155770 1630723.365389
-9872305.233188 1592981.287640
-9878324.932063 1555215.913172
-9882257.810783 1530026.326968
-9888036.684161 1492223.352142
-9889930.844154 1479617.483628
-9895516.887638 1441785.534148
-9897346.746549 1429170.171315
-9904505.325161 1378685.701621
-9911406.393872 1328165.387107
-9914760.305684 1302892.198473
-9921274.775219 1252320.579805
-9927531.298860 1201716.401718
-9932054.316492 1163742.692461
-9936432.081774 1125751.963929
-9939269.864509 1100415.630782
-9940664.530684 1087744.771722
-9943405.401317 1062397.771577
-9944751.601323 1049721.671679
-9946081.641528 1037043.866029
-9948693.233919 1011683.219874
-9951240.161517 986315.997953
-9952489.370828 973629.972604
-9954939.270327 948253.196201
-9958492.792104 910176.526622
-9963004.262906 859387.024171
-9967256.702878 808575.178286
-9968279.326199 795868.880454
-9969285.751489 783161.289368
-9972207.822946 745030.963096
-9973149.440019 732318.405511
-9976753.833951 681456.481911
-9978458.765895 656018.793430
-9980894.551217 617854.317367
-9983915.199945 566954.389968
-9985328.188517 541498.815893
-9987959.448154 490577.274276
-9989177.702117 465111.637715
-9991419.418738 414171.460697
-9991939.261022 401434.682178
-9992930.235336 375959.188893
-9993401.365756 363220.515525
-9994294.909297 337741.418835
-9995513.420665 299518.709443
-9996585.751619 261291.619708
-9997219.419748 235804.735770
-9997788.107672 210316.319141
-9998519.293702 172081.182810
-9998730.528539 159335.550503
-9998925.515864 146589.659283
-9999266.746731 121097.182948
-9999754.226132 70110.034648
-9999835.473469 57362.910975
-9999997.968803 6373.691298
-9999997.968803 -6373.691298
-9999949.220110 -31868.404706
-9999835.473469 -57362.910975
-9999542.984086 -95603.919502
-9999412.989720 -108350.639258
-9999266.746731 -121097.182948
-9998730.528539 -159335.550503
-9998048.082885 -197571.587839
-9996910.707962 -248548.379679
-9996244.551248 -274034.435149
-9995887.107403 -286776.805296
-9995513.420665 -299518.709442
-9994294.909297 -337741.418835
-9993401.365756 -363220.515524
-9991939.261022 -401434.682177
-9990883.340822 -426907.566206
-9990331.028144 -439642.978008
-9989177.702117 -465111.637714
-9986676.274174 -516039.722169
-9984629.806531 -554227.053228
-9983184.369920 -579680.805431
-9982437.317643 -592406.278937
-9980894.551217 -617854.317367
-9979286.910694 -643298.339851
-9976753.833951 -681456.481910
-9973149.440019 -732318.405511
-9969285.751489 -783161.289368
-9966217.883187 -821280.162218
-9965162.868814 -833983.811604
-9961900.674879 -872086.546073
-9958492.792104 -910176.526622
-9953722.407766 -960942.365148
-9948693.233919 -1011683.219874
-9946081.641528 -1037043.866029
-9944751.601323 -1049721.671679
-9943405.401317 -1062397.771576
-9939269.864509 -1100415.630782
-9934988.969826 -1138417.396845
-9932054.316492 -1163742.692460
-9930562.779875 -1176402.514006
-9929055.106514 -1189060.423948
-9924435.290600 -1227022.478479
-9921274.775219 -1252320.579805
-9919670.333761 -1264966.588292
-9918049.773260 -1277610.541263
-9913091.403955 -1315529.861630
-9909705.278174 -1340798.754371
-9907988.059625 -1353429.942895
-9906254.741015 -1366058.932152
-9899160.522691 -1416552.486140
-9897346.746549 -1429170.171314
-9889930.844154 -1479617.483628
-9884200.164359 -1517427.794289
-9876334.413309 -1567806.925767
-9870266.578367 -1605564.596012
-9864054.394697 -1643298.785513
-9861951.604953 -1655871.535345
-9853380.228003 -1706135.423229
-9851197.346682 -1718694.515242
-9846783.564278 -1743804.300448
-9837764.021380 -1793989.704440
-9830831.499001 -1831598.219655
-9821364.508313 -1881701.143874
-9814096.679264 -1919246.302606
-9806685.322949 -1956763.393122
-9796580.437532 -2006741.570547
-9788834.609398 -2044191.035559
-9780945.623444 -2081610.605090
-9778284.168492 -2094077.056895
-9770204.485279 -2131455.914588
-9764738.641668 -2156357.869166
-9756420.882866 -2193684.470561
-9747960.440283 -2230978.990193
-9739357.437650 -2268240.882642
-9736458.111781 -2280654.168773
-9730612.000783 -2305469.602970
-9724702.642482 -2330270.052012
-9712694.338021 -2379825.349932
-9703522.374165 -2416951.289142
-9694208.500148 -2454041.881400
-9681569.488046 -2503440.082795
-9671925.023616 -2540446.090268
-9662139.111124 -2577414.944726
-9658845.732067 -2589729.546524
-9655536.657794 -2602039.940121
-9645515.317586 -2638945.671704
-9631934.126756 -2688093.186226
-9628499.686480 -2700369.194659
-9625049.600299 -2712640.815106
-9614605.522523 -2749429.149162
-9611092.909043 -2761683.018331
-9596886.336395 -2810653.419816
-9582430.251714 -2859550.746365
-9571424.671785 -2896175.021015
-9556532.849328 -2944941.408537
-9552771.056124 -2957121.091412
-9545200.907310 -2981466.021790
-9533729.370519 -3017947.032288
-9526004.209438 -3042243.218706
-9522118.406724 -3054383.906508
-9506420.528994 -3102896.828114
-9502457.424730 -3115012.502576
-9490475.491277 -3151329.076670
-9482410.416723 -3175514.554971
-9474283.708132 -3199679.392973
-9461978.197088 -3235887.605870
-9453697.635382 -3260000.156254
-9449534.308371 -3272048.495196
-9445355.626268 -3284091.517198
-9441161.595862 -3296129.202690
-9424232.127886 -3344226.188480
-9411374.206153 -3380241.936867
-9394016.240351 -3428185.945369
-9376414.036991 -3476040.823541
-9371975.377523 -3487990.470615
-9363052.378637 -3511872.741844
-9349553.789360 -3547653.300403
-9335918.466573 -3583381.975941
-9322146.609686 -3619058.245941
-9308238.420108 -3654681.588652
-9294194.101239 -3690251.483096
-9289482.446106 -3702096.147252
-9280013.858473 -3725767.409078
-9265697.899190 -3761228.847191
-9246399.201049 -3808425.109522
-9226860.103285 -3855522.355583
-9207081.113901 -3902519.360880
-9197101.820308 -3925979.891300
-9176963.959637 -3972824.245235
-9156587.504609 -4019565.308642
-9151456.172430 -4031234.292880
-9135972.984997 -4066201.866289
-9120356.187587 -4101109.973111
-9109870.874253 -4124348.755189
-9104606.008590 -4135958.102828
-9094031.902045 -4159156.616983
-9078059.933232 -4193903.652762
-9067338.182290 -4217034.300071
-9061955.201398 -4228589.354367
-9051145.072503 -4251678.830356
-9040276.112724 -4274740.671165
-9023862.519788 -4309281.288563
-9001772.483678 -4355237.324430
-8985051.336531 -4389630.107413
-8973830.888366 -4412522.995635
-8962552.111845 -4435387.203218
-8945524.741865 -4469629.413351
-8934100.466013 -4492421.269560
-8928366.547138 -4503806.256929
-8916855.194077 -4526554.257696
-8899479.516675 -4560621.046774
-8887823.409669 -4583295.216166
-8881973.687921 -4594621.138580
-8864337.963828 -4628554.035877
-8858430.568023 -4639849.983729
-8834657.135405 -4684958.196168
-8822684.244745 -4707466.698505
-8798566.503832 -4752391.763906
-8786421.810341 -4774808.034965
-8774220.006620 -4797193.270593
-8768097.713194 -4808374.204644
-8755810.392950 -4830712.614378
-8731065.098917 -4875295.092451
-8724843.281192 -4886420.951846
-8706092.803571 -4919750.816415
-8699814.336735 -4930844.806556
-8693521.733070 -4941930.784283
-8680894.156174 -4964078.630452
-8668210.154960 -4986194.210964
-8661847.020983 -4997239.856670
-8649078.537989 -5019306.769236
-8642673.209720 -5030328.000240
-8623373.002793 -5063342.577260
-8616911.561292 -5074331.004663
-8597443.266201 -5107246.742077
-8590925.879459 -5118202.080187
-8584394.532827 -5129149.101436
-8571290.002366 -5151018.122210
-8564716.839832 -5161940.086198
-8544913.891255 -5194655.579636
-8518315.618626 -5238157.979812
-8491495.876016 -5281524.191709
-8464455.360717 -5324753.087837
-8450852.532784 -5346315.691121
-8437194.775765 -5367843.544274
-8409714.829913 -5410794.440702
-8395892.819696 -5432217.204804
-8382016.237621 -5453604.660429
-8368085.173883 -5474956.668562
-8361099.239674 -5485619.336440
-8340059.963971 -5517553.787447
-8311817.918593 -5560007.453966
-8297615.811846 -5581180.147515
-8290494.527786 -5591752.899115
-8269049.891788 -5623416.567098
-8254686.264152 -5644480.018604
-8233040.250644 -5676006.362864
-8218542.663723 -5696977.837816
-8211273.832192 -5707449.697786
-8182065.194788 -5749244.224090
-8167381.055514 -5770085.501449
-8152643.829668 -5790889.274246
-8137853.613041 -5811655.407259
-8130438.663212 -5822024.316657
-8123010.501766 -5832383.765512
-8100646.868527 -5863405.180560
-8070644.462943 -5904633.600214
-8063111.044885 -5914916.760011
-8040432.226500 -5945708.503708
-8017635.819987 -5976413.293780
-7994722.158734 -6007030.681180
-7971691.577846 -6037560.218143
-7940802.844063 -6078128.839678
-7917500.763464 -6108451.658199
-7909707.655208 -6118539.434305
-7886251.263560 -6148743.042932
-7854796.726886 -6188874.564839
-7823137.971236 -6228845.180530
-7815191.469450 -6238812.570982
-7791275.819716 -6268653.850797
-7783278.598192 -6278580.593010
-7759211.100717 -6308299.540645
-7726944.647900 -6347781.219315
-7718846.611981 -6357625.891849
-7694477.300168 -6387097.860311
-7686329.172212 -6396901.113540
-7669995.459681 -6416476.420004
-7645401.448557 -6445761.141277
-7612435.567967 -6484660.725400
-7595878.354742 -6504047.356835
-7579271.769616 -6523391.713082
-7562615.920527 -6542693.668406
-7529156.863823 -6581169.874722
-7503934.060902 -6609914.795944
-7478601.515926 -6638563.049787
-7444654.719990 -6676609.626160
-7419067.553731 -6705030.695916
-7401949.141441 -6723923.624456
-7393371.886556 -6733353.707261
-7384782.617755 -6742772.848651
-7350305.682827 -6780339.694219
-7341656.554193 -6789703.899307
-7332995.495679 -6799057.071415
-7306940.881686 -6827050.237954
-7272035.234055 -6864219.078283
-7263279.244776 -6873483.440906
-7228137.405018 -6910429.049934
-7219322.545799 -6919637.416781
-7183945.941511 -6956358.293637
-7148382.559878 -6992898.310260
-7121588.007056 -7020184.061529
-7112633.325522 -7029256.516636
-7085699.992849 -7056405.289617
-7049627.755619 -7092443.056324
-7022453.245336 -7119350.421006
-7004279.824670 -7137230.845203
-6976934.368266 -7163964.462566
-6949486.876968 -7190593.309794
-6940315.108117 -7199446.242597
-6903515.404847 -7234740.842286
-6894287.396810 -7243535.137637
-6857263.485637 -7278594.472049
-6847979.613291 -7287329.772692
-6838684.613267 -7296053.231732
-6810732.998267 -7322152.417583
-6773309.309162 -7356784.691862
-6754531.365709 -7374029.158449
-6716843.891267 -7408374.190087
-6688463.628752 -7434006.610628
-6650471.192260 -7468013.987730
-6640946.027673 -7476485.528478
-6602737.611808 -7510250.064386
-6593158.646072 -7518660.723010
-6554735.803007 -7552181.046081
-6525806.778874 -7577192.480385
-6496782.317409 -7602093.101259
-6487086.361950 -7610368.620022
-6477379.865250 -7618631.772258
-6438448.781756 -7651560.447693
-6409140.560673 -7676126.449814
-6399350.303298 -7684290.188149
-6369917.202855 -7708706.430315
-6350243.355093 -7724921.315528
-6340390.944902 -7733009.935711
-6310771.961250 -7757200.348908
-6290974.671724 -7773264.287268
-6271136.491946 -7789277.700749
-6231337.977677 -7821152.537060
-6201382.716013 -7844925.264752
-6181362.129607 -7860710.032984
-6171336.761590 -7868583.263527
-6161301.365411 -7876443.707955
-6121059.825477 -7907757.369377
-6110974.533426 -7915553.692056
-6070534.228600 -7946610.232004
-6060399.450380 -7954342.116217
-6019762.023502 -7985140.273057
-5989181.186108 -8008102.691647
-5948270.563562 -8038537.012583
-5927757.191645 -8053675.848760
-5917486.048818 -8061225.642670
-5876305.488005 -8091293.704448
-5834972.147543 -8121151.398503
-5824615.066454 -8128582.860969
-5803872.526864 -8143406.148038
-5793487.102069 -8150797.948555
-5772688.026855 -8165541.803493
-5741419.103577 -8187558.041143
-5720526.478682 -8202169.030610
-5678629.817621 -8231230.976860
-5657626.053775 -8245681.744747
-5636585.516334 -8260078.917120
-5604956.058907 -8281573.979487
-5594394.667942 -8288712.101364
-5552058.369376 -8317129.785150
-5520211.355782 -8338301.181145
-5498935.134088 -8352347.717324
-5488283.611290 -8359350.632797
-5456275.602829 -8380277.832266
-5434892.570543 -8394161.229489
-5413474.212391 -8407990.066109
-5392020.667588 -8421764.252240
-5349008.576035 -8449148.315274
-5327450.308857 -8462758.014185
-5305857.414169 -8476312.706626
-5273403.452632 -8496541.415527
-5262568.303886 -8503256.720042
-5251724.603690 -8509958.207124
-5219142.370673 -8529979.654996
-5197378.448156 -8543258.000707
-5164669.267273 -8563071.374202
-5142821.155313 -8576210.734611
-5120939.615901 -8589294.351127
-5088054.941488 -8608815.070171
-5055095.856292 -8628209.888714
-5044093.042111 -8634646.801261
-5022062.842327 -8647478.523114
-4988956.382688 -8666620.691575
-4944701.024664 -8691946.374471
-4922525.064129 -8704524.512748
-4878077.300708 -8729510.974179
-4833502.710842 -8754270.474704
-4788802.453438 -8778802.370594
-4766405.562461 -8790982.767253
-4721518.983838 -8815172.062147
-4687773.427275 -8833163.662841
-4653959.313888 -8851026.082024
-4620077.138194 -8868759.058467
-4586127.395707 -8886362.332830
-4552110.582929 -8903835.647674
-4506651.360979 -8926930.800145
-4472479.987189 -8944099.885634
-4461074.969387 -8949793.858939
-4415382.593105 -8972424.229633
-4381037.910467 -8989243.951916
-4358105.829364 -9000384.079586
-4346629.156888 -9005932.210076
-4300652.022765 -9027978.299657
-4266095.728879 -9044358.862409
-4231477.045037 -9060607.155005
-4196796.477523 -9076722.939820
-4185222.624062 -9082065.381126
-4173641.969791 -9087393.064460
-4138859.390357 -9103287.480183
-4115637.345312 -9113809.809398
-4080754.166958 -9129482.210337
-4034150.516151 -9150171.015508
-3987441.980378 -9170621.922919
-3964048.760020 -9180757.998563
-3928910.666480 -9195850.204022
-3905453.317499 -9205836.973618
-3881970.583743 -9215763.906858
-3846699.220589 -9230541.972513
-3811371.600987 -9245185.045157
-3775988.241588 -9259692.910642
-3740549.659862 -9274065.356795
-3716893.515544 -9283571.650723
-3669508.903324 -9302403.152327
-3657647.795129 -9307073.256765
-3610144.120007 -9325602.362999
-3574454.699678 -9339340.105165
-3550632.678886 -9348422.732185
-3502919.556787 -9366405.638167
-3479028.765607 -9375305.800243
-3431179.499416 -9392923.253321
-3395233.938797 -9405976.105692
-3359238.724230 -9418891.399397
-3335214.588920 -9427425.080363
-3323194.382130 -9431668.945557
-3287101.439633 -9444308.557304
-3275059.749924 -9448491.077121
-3263012.738382 -9452658.243540
-3250960.424583 -9456810.049789
-3226839.968558 -9465067.554821
-3214771.865527 -9469173.240184
-3178536.291710 -9481397.947681
-3130149.975241 -9497481.831122
-3093806.762330 -9509382.720101
-3045278.854882 -9525034.209703
-3020985.131588 -9532767.113211
-3008830.896610 -9536610.332587
-2972338.935381 -9548046.986333
-2960165.262092 -9551828.182139
-2947986.778661 -9555593.856629
-2923615.460534 -9563078.617209
-2911422.665441 -9566797.691138
-2874815.973821 -9577861.615030
-2862604.373928 -9581518.470387
-2850388.122424 -9585159.756183
-2801476.997430 -9599569.085791
-2789237.785785 -9603132.435531
-2740235.814265 -9617229.730136
-2727974.139683 -9620714.999064
-2715708.032259 -9624184.634738
-2691162.598617 -9631076.983796
-2642019.414708 -9644673.836492
-2617421.983862 -9651378.251752
-2568176.243783 -9664598.842211
-2543528.254639 -9671114.931478
-2518863.732999 -9677568.160162
-2506525.322587 -9680771.188662
-2494182.839178 -9683958.486319
-2481836.302828 -9687130.047954
-2432410.029361 -9699658.831581
-2382920.515011 -9711935.431166
-2345762.651383 -9720977.192823
-2320971.649929 -9726926.061209
-2271344.550507 -9738634.089691
-2258928.498138 -9741521.546468
-2221658.397786 -9750088.920802
-2184355.806562 -9758513.703958
-2159469.631310 -9764050.947811
-2109655.334109 -9774935.005987
-2097193.138952 -9777616.321882
-2059786.187411 -9785564.922995
-2009863.487778 -9795940.422466
-1997374.597297 -9798494.512836
-1984882.461167 -9801032.681067
-1934881.866219 -9811026.050510
-1884830.965756 -9820764.340444
-1859787.057559 -9825537.751214
-1809663.139136 -9834892.949232
-1772039.252495 -9841741.557652
-1759492.170794 -9843992.447219
-1734389.450485 -9848446.234511
-1721833.852667 -9850649.124997
-1671583.686416 -9859300.582663
-1659014.303176 -9861423.403437
-1621290.060211 -9867695.705719
-1608710.016252 -9869754.408475
-1583542.106522 -9873823.696870
-1558363.904042 -9877828.807110
-1533175.572464 -9881769.713164
-1520577.659424 -9883716.081599
-1495374.441195 -9887560.633474
-1444939.009589 -9895056.910325
-1432324.230543 -9896890.789465
-1394466.010624 -9902295.922927
-1369215.833426 -9905818.896058
-1331323.932058 -9910982.624742
-1280771.205923 -9917642.114841
-1230185.180674 -9924043.753493
-1204880.091848 -9927147.826252
-1179567.171509 -9930187.374259
-1154246.584186 -9933162.377757
-1141583.466835 -9934625.669256
-1116251.687638 -9937503.819866
-1078240.466353 -9941699.929927
-1065566.527613 -9943066.326603
-1027534.404783 -9947068.565512
-989487.254670 -9950925.332493
-951425.633700 -9954636.571143
-900655.257632 -9959358.418437
-862562.036372 -9962729.883592
-837159.513009 -9964896.585002
-786338.307253 -9969035.663822
-760919.955189 -9971008.014328
-748208.914136 -9971969.886678
-735496.657276 -9972915.554999
-722783.205264 -9973845.017755
-710068.578761 -9974758.273435
-659198.741069 -9978249.196115
-646478.552053 -9979081.394684
-621035.043192 -9980697.143743
-570136.081012 -9983734.013340
-531952.059318 -9985841.326928
-481028.025348 -9988423.901639
-468295.011008 -9989028.970959
-430091.485000 -9990746.784627
-391881.669075 -9992318.487591
-340926.429371 -9994186.768805
-289962.325829 -9995795.208466
-264477.364182 -9996501.974383
-251734.228359 -9996830.991783
-213502.449376 -9997720.575417
-162521.983662 -9998679.243021
-111537.292496 -9999377.952272
-98790.614815 -9999512.008814
-86043.776603 -9999629.816574
-73296.798574 -9999731.375358
-47802.505917 -9999885.745369
-9560.536138 -9999995.429806
15934.222581 -9999987.305019
54176.114683 -9999853.246353
66923.263601 -9999776.061332
79670.303771 -9999682.627099
130656.962713 -9999146.401473
143403.148450 -9998971.723983
194385.354042 -9998110.538203
207130.167546 -9997854.624553
219874.644473 -9997582.464812
258105.848697 -9996668.513603
270848.772226 -9996331.374188
321815.858109 -9994820.386254
334556.373998 -9994402.034770
347296.346246 -9993967.442807
372774.577016 -9993049.540292
410987.328353 -9991550.901433
449194.069165 -9989906.140111
474661.614590 -9988728.465207
512857.096220 -9986840.220954
538316.618265 -9985500.248786
589225.000000 -9982625.601483
627396.305300 -9980299.287902
652838.779165 -9978667.322264
678277.009690 -9976970.497006
729140.079372 -9973382.312167
741852.936390 -9972444.746439
754564.587929 -9971490.975909
792692.103118 -9968532.451151
830808.025500 -9965428.140565
881610.258653 -9961062.360604
919696.963675 -9957618.063322
945080.662397 -9955240.958488
983144.641066 -9951553.979894
1033874.150506 -9946411.626356
1059228.907643 -9943743.466181
1084576.779974 -9941010.673384
1135251.211238 -9935351.261399
1173237.737029 -9930937.176944
1185896.126801 -9929433.537541
1211207.104684 -9926377.856477
1261805.278073 -9920072.955388
1274449.746849 -9918456.424402
1299732.451077 -9915175.013867
1325006.707268 -9911829.156402
1337640.616010 -9910132.066850
1350272.351143 -9908418.873753
1400777.145115 -9901405.121988
1426015.966939 -9897801.698460
1463856.769317 -9892275.944338
1476465.640025 -9890401.873222
1526876.926082 -9882744.904762
1577248.514455 -9874830.992156
1602419.012712 -9870777.745836
1640155.180023 -9864577.587786
1652728.599344 -9862478.804890
1702995.216241 -9853923.446702
1740666.193802 -9847338.787802
1753217.556506 -9845111.893704
1790854.469635 -9838335.238677
1815931.228718 -9833737.528151
1840996.184561 -9829075.900024
1866049.174245 -9824350.384595
1878571.130887 -9821963.678725
1916118.603857 -9814707.815109
1966138.215786 -9804810.070390
1991128.933669 -9799765.587477
2003619.449511 -9797219.457659
2041071.381099 -9789485.564485
2066022.786027 -9784250.091224
2115885.147415 -9773588.391320
2165692.497335 -9762672.585260
2190575.138264 -9757119.480852
2215443.540832 -9751502.956846
2227872.352214 -9748670.923887
2240297.543398 -9745823.049750
2252719.094194 -9742959.339064
2302368.489889 -9731346.224278
2351958.025687 -9719480.101601
2389110.118827 -9710414.658505
2426227.272181 -9701207.204453
2475661.521068 -9688709.926151
2525031.404565 -9675960.748472
2562015.805182 -9666233.755398
2574335.639090 -9662960.002883
2598962.737335 -9656365.397495
2623572.942770 -9649708.027395
2648166.095432 -9642987.935853
2672742.035470 -9636205.166549
2697300.603145 -9629359.763571
2734105.532325 -9618974.318404
2770870.476297 -9608448.199558
2807594.897389 -9597781.560973
2819827.273156 -9594194.815073
2868710.756566 -9579691.988533
2917519.655593 -9564940.097002
2941895.739325 -9557470.871467
2978423.962039 -9546150.569855
3027060.409445 -9530839.694254
3051349.199091 -9523091.308247
3087745.146927 -9511352.685482
3111984.057732 -9503449.648650
3136202.741176 -9495484.841031
3160401.039842 -9487458.314394
3196659.922359 -9475302.915516
3232872.054994 -9463008.944096
3281081.261231 -9446401.735963
3293120.282684 -9442211.541994
3305153.952957 -9438006.004832
3353234.731287 -9421030.561297
3389238.170352 -9408138.212454
3425192.043155 -9395108.273325
3461095.823885 -9381940.934470
3485003.589447 -9373086.470397
3532751.009552 -9355194.829853
3580406.580711 -9337059.961080
3604199.535652 -9327901.463202
3651715.011006 -9309402.638107
3675437.222576 -9300062.431129
3710975.698585 -9285938.798232
3758275.821142 -9266896.074318
3805478.231274 -9247612.417878
3817263.422369 -9242753.916677
3852581.701753 -9228088.330273
3864341.966481 -9223169.800350
3911320.040525 -9203345.888349
3934771.019483 -9193344.169791
3969899.486580 -9178229.571462
4004969.895473 -9162980.745170
4039981.733273 -9147597.913924
4086572.188208 -9126879.409227
4098203.247966 -9121662.684969
4133056.395253 -9105923.612334
4144660.704092 -9100647.649918
4167849.098232 -9090051.369182
4191010.402069 -9079396.004677
4202580.848073 -9074046.187639
4248794.154080 -9052499.557374
4271859.457488 -9041637.947599
4317906.615510 -9019738.491760
4352368.377178 -9003159.973551
4398218.292067 -8980850.508461
4421100.442477 -8969608.178595
4455369.740930 -8952635.392531
4466778.385578 -8946948.689589
4489573.881370 -8935531.677730
4500960.695473 -8929801.387366
4523712.363575 -8918297.284327
4546434.628326 -8906735.213890
4591790.357201 -8883437.471807
4637026.702883 -8859908.766841
4648316.997785 -8853990.574205
4682142.489258 -8836149.710722
4727136.543350 -8812160.921166
4738365.899046 -8806127.900885
4772007.695346 -8787943.021866
4816754.778629 -8763496.642468
4850232.971024 -8745012.299980
4883640.230687 -8726400.065159
4905872.088746 -8713920.991658
4939160.042001 -8695096.208755
4983431.532844 -8669798.738002
5027573.458108 -8644275.858817
5038588.560237 -8637859.996587
5060594.184131 -8624986.174107
5071584.670137 -8618528.234776
5115464.024670 -8592556.535299
5126413.126803 -8586028.677645
5159210.380877 -8566361.435630
5191932.183548 -8546568.913982
5224578.056272 -8526651.402158
5246299.552304 -8513303.765725
5267986.948291 -8499900.794282
5311258.876498 -8472929.195197
5354392.715855 -8445737.306144
5397387.344915 -8418325.834093
5408114.119495 -8411438.739628
5429541.287370 -8397623.557218
5450933.164162 -8383753.791700
5472289.610826 -8369829.533225
5493610.488549 -8355850.872299
5525524.810286 -8334781.075164
5557358.323417 -8313589.385166
5578535.541884 -8299394.026551
5599676.500829 -8285144.723302
5641849.090743 -8256484.653730
5683874.996704 -8227609.921590
5715297.507392 -8205813.451572
5757064.089572 -8176564.869709
5777891.318582 -8161860.811767
5788290.858301 -8154488.882800
5809061.703673 -8139705.284770
5829794.791145 -8124868.780057
5840147.133545 -8117430.717817
5850489.985953 -8109979.465095
5871147.153583 -8095037.436663
5912346.870486 -8064995.628210
5943145.840009 -8042326.623831
5984075.852143 -8011918.384245
6004482.581462 -7996636.100819
6014671.318862 -7988975.461601
6024850.282677 -7981301.840635
6045178.823402 -7965915.703363
6055328.367280 -7958203.212058
6075597.919603 -7942739.446772
6116018.421735 -7911657.137730
6146229.504019 -7888210.372697
6166320.316001 -7872515.084804
6196381.343200 -7848876.241198
6226351.750782 -7825122.610895
6236321.673155 -7817179.285966
6266170.573004 -7793273.147402
6305826.479371 -7761221.064502
6335460.875229 -7737049.534444
6345318.438857 -7728967.195525
6365002.617489 -7712764.853109
6374829.200508 -7704644.875940
6404246.732814 -7680209.878984
6423806.414427 -7663857.458876
6433570.605555 -7655662.562008
6453067.609123 -7639235.461228
6462800.389882 -7631003.284008
6482234.430269 -7614501.742795
6511306.451311 -7589656.665299
6530634.921931 -7573031.593520
6569164.393808 -7539633.888136
6597949.469113 -7514456.920033
6607523.072210 -7506040.157781
6617085.938361 -7497611.198531
6645709.959840 -7472251.275866
6655229.722994 -7463773.665792
6674236.790451 -7446782.074493
6702666.012999 -7421203.966890
6730997.211719 -7395517.327127
6768618.945912 -7361100.295815
6787363.881783 -7343819.955328
6815398.528787 -7317809.979345
6852622.941366 -7282963.601684
6861901.244216 -7274222.385563
6889669.190757 -7247927.872291
6926536.313782 -7212703.702070
6944902.403189 -7195021.237646
6981499.040908 -7159516.124837
6999729.351349 -7141693.707228
7026989.473119 -7114873.080011
7036053.362925 -7105909.728816
7072194.442254 -7069941.001942
7108151.649696 -7033788.461770
7143924.050389 -6997453.048236
7152838.165411 -6988340.731493
7179510.714277 -6960935.706037
7214910.716133 -6924237.384596
7223731.442691 -6915034.637938
7258896.823301 -6878111.434738
7285147.057127 -6850301.625187
7319981.570172 -6813066.109494
7328660.497113 -6803729.515350
7363256.976512 -6766272.733038
7371876.218998 -6756881.012107
7389078.753023 -6738064.646590
7406233.259308 -6719204.484812
7423339.626352 -6700300.649361
7457407.498275 -6662362.449212
7465894.205878 -6652850.795458
7482831.212028 -6633795.071624
7508145.492346 -6605130.677417
7516559.203211 -6595554.392515
7541726.996677 -6566761.295159
7558444.273440 -6547512.517384
7566784.495380 -6537872.161528
7591731.332865 -6508887.414112
7608300.899168 -6489511.339671
7633062.491341 -6460368.178616
7641291.566455 -6450632.774885
7674083.565746 -6411586.498359
7690404.798263 -6392000.785267
7722897.198613 -6352704.845942
7739068.155252 -6332994.875126
7755188.809279 -6313243.740933
7763230.240057 -6303352.777678
7795269.683604 -6263686.658821
7811213.455491 -6243792.465542
7827106.455835 -6223857.688687
7842948.581334 -6203882.457829
7858739.729017 -6183866.902802
7882330.642704 -6153768.247106
7913605.816745 -6113496.788024
7929166.298890 -6093301.387963
7944675.242818 -6073066.382492
7952410.356436 -6062934.068819
7960132.547725 -6052791.903135
7990891.838930 -6012125.050140
8006193.625299 -5991732.940830
8021443.372787 -5971301.886287
8029048.700962 -5961071.796043
8044220.204384 -5940582.572726
8051786.354978 -5930323.472948
8074406.254815 -5899488.421228
8081919.996606 -5889190.875532
8111843.514221 -5847905.163457
8126726.233187 -5827205.224705
8134147.790332 -5816841.043473
8141556.129832 -5806467.410121
8148951.239647 -5796084.341506
8178399.142061 -5754458.052079
8193043.403753 -5733588.735184
8200345.570520 -5723140.092996
8229420.867114 -5681252.695656
8236656.289587 -5670757.724256
8265464.020057 -5628685.862006
8272632.404305 -5618144.987738
8279787.345876 -5607594.984222
8308272.453186 -5565304.020773
8322434.049529 -5544104.209991
8350594.867353 -5501596.619286
8378538.575812 -5458945.991090
8406264.448390 -5416153.434287
8420045.470736 -5394704.280194
8426915.464176 -5383966.545182
8454258.392829 -5340928.292654
8467847.474661 -5319357.023727
8488127.870747 -5286935.336265
8494860.431703 -5276110.901591
8521652.528581 -5232727.604426
8528315.961644 -5221860.478639
8534965.536554 -5210984.867549
8561425.038908 -5167397.923826
8574571.361306 -5145554.000286
8600696.721302 -5101765.959761
8607193.148358 -5090798.179741
8633038.888116 -5046844.514771
8639465.278442 -5035835.551584
8658660.175172 -5002759.635531
8665030.348010 -4991718.047734
8677728.442435 -4969610.556105
8684056.343390 -4958544.688196
8709226.732488 -4914200.822322
8727955.962874 -4880859.013548
8740371.220580 -4858591.454986
8758887.561567 -4825130.949914
8765031.222937 -4813961.742779
8771160.641502 -4802784.713159
8783376.710403 -4780407.259131
8801593.744473 -4746782.863925
8807637.497862 -4735559.281252
8813666.939214 -4724328.003495
8819682.058730 -4713089.048906
8825682.846637 -4701842.435746
8843599.123305 -4668056.827662
8855471.471555 -4645495.131467
8861386.065848 -4634202.951101
8879043.414139 -4600281.301163
8896570.909947 -4566292.373937
8908183.640222 -4543595.958278
8919738.468836 -4520870.010028
8925494.146535 -4509496.007334
8948371.728662 -4463926.904161
8954054.795556 -4452516.447828
8959723.312491 -4441098.756344
8982251.696768 -4395356.010144
9004546.549064 -4349498.987901
9021114.083999 -4315031.944665
9032085.827605 -4292018.826005
9037549.688723 -4280501.795801
9048433.345201 -4257446.887216
9053853.122873 -4245909.046298
9075385.024577 -4199688.876058
9080731.154020 -4188116.725738
9091379.136834 -4164952.027376
9101968.027248 -4141760.257543
9107240.291281 -4130154.267925
9112497.756436 -4118541.566981
9133379.457755 -4072024.027515
9148884.929295 -4037066.329714
9169350.720958 -3990364.313702
9184543.645921 -3955269.651511
9194597.653808 -3931841.042640
9209566.589130 -3896650.258924
9214526.314713 -3884907.308477
9219471.067081 -3873158.045220
9234215.404667 -3837872.569563
9239100.184069 -3826098.246090
9248824.695521 -3802530.966543
9263298.725987 -3767133.753019
9277637.284388 -3731681.446659
9291840.161028 -3696174.565940
9310565.910645 -3648748.062492
9329049.592351 -3601226.694261
9338200.507316 -3577430.821857
9356320.188072 -3529769.473814
9374196.611341 -3482016.354344
9378627.653571 -3470063.880633
9396199.352134 -3422197.793080
9413526.756379 -3374242.730886
9422098.707103 -3350232.223832
9439058.827174 -3302146.038132
9447446.886282 -3278070.672038
9455773.538612 -3253973.999048
9459913.820306 -3241917.721408
9468148.261115 -3217789.381789
9476321.160589 -3193640.127093
9484432.465606 -3169470.114286
9500470.081785 -3121068.442875
9512336.219265 -3084713.868685
9520169.702581 -3060452.390426
9535650.980305 -3011869.914491
9539482.577823 -2999712.010744
9550884.338071 -2963209.132138
9562146.420429 -2926662.917776
9565869.379824 -2914471.308514
9580605.715962 -2865657.710765
9587880.499444 -2841222.893117
9591494.524285 -2828998.549065
9595092.963353 -2816769.608010
9602243.060809 -2792298.014385
9612851.168343 -2755556.643455
9619845.147229 -2731039.974686
9633645.477935 -2681953.542748
9643831.375885 -2645092.889388
9657193.156497 -2595885.270599
9667049.739481 -2558935.195428
9670303.857143 -2546610.160690
9683163.136955 -2497268.840777
9686338.633079 -2484923.315782
9698883.167462 -2435501.037555
9708126.103295 -2398392.703984
9711175.537969 -2386015.438081
9720229.140804 -2348860.457810
9732079.459458 -2299267.142981
9737909.752677 -2274447.987693
9743676.751158 -2249614.048886
9752208.489362 -2212335.774698
9763362.262318 -2162581.174138
9768843.976556 -2137682.708378
9779616.882401 -2087844.255075
9787529.716831 -2050429.721341
9797857.482782 -2000497.124989
9805436.150436 -1963013.474156
9812871.417481 -1925501.115030
9822561.851620 -1875440.927114
9831996.906329 -1825331.979104
9834315.738077 -1812797.275981
9838905.456793 -1787719.052952
9841176.336302 -1775175.573797
9850099.902882 -1724973.015222
9858767.374062 -1674725.608609
9863005.003196 -1649585.495493
9869241.236212 -1611855.273111
9875333.135495 -1574101.477985
9879314.172193 -1548919.457912
9883230.995050 -1523727.370128
9887083.578607 -1498525.378379
9894595.928072 -1448092.338281
9901851.025273 -1397621.648841
9905382.045067 -1372372.595643
9910557.849053 -1334482.341799
9917233.449189 -1283931.740509
9920474.569534 -1258643.839704
9925215.341001 -1220696.700561
9928295.219320 -1195388.655640
9931310.565428 -1170072.840899
9935712.543939 -1132084.910336
9939969.216600 -1094080.423481
9941355.806477 -1081408.678078
9942726.242072 -1068735.175431
9948046.397490 -1018024.004331
9949336.028797 -1005342.024432
9950609.492854 -992658.410896
9953107.910970 -967286.365351
9957910.650917 -916523.577632
9961342.810378 -878435.776899
9962454.492464 -865736.960970
9964629.289156 -840335.129392
9968784.563701 -789515.245277
9970765.014544 -764097.523061
9971730.937657 -751386.789188
9975432.578408 -700531.850552
9978874.865201 -649658.698599
9980498.722632 -624215.705944
9983551.812789 -573317.714152
9984981.025670 -547863.045843
9986345.337894 -522404.816518
9987644.740592 -496943.191652
9988879.225318 -471478.336741
9990609.213773 -433275.360114
9992688.580793 -382328.297777
9993630.841443 -356850.956215
9994922.436469 -318630.646620
9995320.486400 -305889.480296
9996750.260327 -254920.051473
9997920.126053 -203943.994916
9998830.053161 -152962.635963
9999187.532077 -127470.382296
9999601.887968 -89230.500073
9999926.876986 -38242.057166
10000000.000000 -0.000000
