2000
144868.647915 -9996918.760049
195997.754133 -9993838.520099
233788.128113 -9990758.280148
262759.913191 -9987678.040197
283957.494162 -9984597.800246
394901.983808 -9966116.360542
465845.020934 -9953795.400739
670324.715153 -9916832.521331
714510.102284 -9907591.801479
728302.901147 -9904511.561528
741271.725254 -9901431.321577
865397.934080 -9870628.922070
992826.994706 -9836746.282612
1084809.795953 -9809024.123056
1203267.715086 -9772061.243647
1264065.448420 -9750499.563992
1318338.400003 -9728937.884337
1353920.743005 -9713536.684583
1405741.737185 -9688894.764978
1448523.197842 -9667333.085323
1471058.587588 -9655012.125520
1526316.515290 -9624209.726013
1573058.879320 -9596487.566456
1612249.752168 -9571845.646850
1635936.967440 -9556444.447097
1675935.989744 -9528722.287540
1717991.683673 -9497919.888033
1750068.053309 -9473277.968428
1788037.426108 -9442475.568920
1829437.588241 -9408592.929462
1873632.439998 -9371630.050054
1899084.985314 -9350068.370399
1938913.006492 -9316185.730941
1949550.599891 -9306945.011089
1966920.563478 -9291543.811335
2001242.885341 -9260741.411828
2035157.379960 -9229939.012321
2044906.611435 -9220698.292469
2076561.429788 -9189895.892962
2104032.108958 -9162173.733405
2139393.624768 -9125210.853997
2171696.606615 -9091328.214539
2198035.510274 -9063606.054982
2223414.425644 -9035883.895426
2236973.797090 -9020482.695672
2247786.748563 -9008161.735869
2269207.931912 -8983519.816264
2298114.404253 -8949637.176806
2316339.877398 -8928075.497151
2331495.581915 -8909594.057446
2360927.385232 -8872631.178038
2377705.844046 -8851069.498383
2394436.748303 -8829507.818728
2401409.328716 -8820267.098876
2417413.415080 -8798705.419221
2430910.896105 -8780223.979516
2441893.859292 -8764822.779763
2463464.035540 -8734020.380256
2484705.780417 -8703217.980748
2486777.305346 -8700137.740798
2500892.348825 -8678576.061143
2502879.903423 -8675495.821192
2526065.195223 -8638532.941783
2547122.242772 -8604650.302326
2556435.348307 -8589249.102572
2576786.665023 -8555366.463114
2585834.550539 -8539965.263361
2605270.299491 -8506082.623903
2626292.283238 -8469119.744494
2643516.682395 -8438317.344987
2664099.526010 -8401354.465578
2670819.759177 -8389033.505775
2680777.337938 -8370552.066071
2685735.976892 -8361311.346219
2687369.009152 -8358231.106268
2705225.038996 -8324348.466810
2722974.939725 -8290465.827353
2737214.998726 -8262743.667796
2756164.819149 -8225780.788387
2774859.873755 -8188817.908979
2793167.246243 -8151855.029570
2802303.681238 -8133373.589866
2808292.914946 -8121052.630063
2823046.478267 -8090250.230556
2827448.310022 -8081009.510704
2840463.458984 -8053287.351147
2847655.164112 -8037886.151394
2862012.790446 -8007083.751887
2867745.561425 -7994762.792084
2874898.718011 -7979361.592330
2884877.453718 -7957799.912675
2896160.968859 -7933157.993069
2900340.558919 -7923917.273217
2912857.443799 -7896195.113661
2929316.498483 -7859232.234252
2932017.667013 -7853071.754351
2942803.961004 -7828429.834745
2956016.581529 -7797627.435238
2963852.271120 -7779145.995534
2978170.222009 -7745263.356076
2989769.750656 -7717541.196519
2994825.417122 -7705220.236716
3002300.157883 -7686738.797012
3013370.750482 -7659016.637456
3018206.819657 -7646695.677653
3024168.164481 -7631294.477899
3031310.765731 -7612813.038195
3034871.098937 -7603572.318343
3037230.150313 -7597411.838441
3041877.091435 -7585090.878639
3046468.458513 -7572769.918836
3060018.985321 -7535807.039427
3061133.343716 -7532726.799476
3068854.634790 -7511165.119821
3078767.606420 -7483442.960265
3085347.594393 -7464961.520561
3088609.251528 -7455720.800708
3090777.455410 -7449560.320807
3098355.299904 -7427998.641152
3103683.904264 -7412597.441398
3116418.422525 -7375634.561990
3122688.112258 -7357153.122286
3135175.165006 -7320190.242877
3140349.275690 -7304789.043123
3144460.043313 -7292468.083320
3151624.221973 -7270906.403665
3155667.895334 -7258585.443863
3158696.520338 -7249344.724010
3161680.339928 -7240104.004158
3167552.759619 -7221622.564454
3174385.692440 -7200060.884799
3175360.528403 -7196980.644848
3182130.318426 -7175418.965193
3185983.477853 -7163098.005390
3197512.541213 -7126135.125982
3198465.759537 -7123054.886031
3204147.836850 -7104573.446327
3212539.364699 -7076851.286770
3215304.377747 -7067610.566918
3217138.320887 -7061450.087017
3218048.317174 -7058369.847066
3227033.951945 -7027567.447559
3234186.402311 -7002925.527953
3235950.103400 -6996765.048052
3237707.241140 -6990604.568150
3247311.818648 -6956721.928692
3255936.361666 -6925919.529185
3263651.062045 -6898197.369629
3269607.632379 -6876635.689974
3274676.200212 -6858154.250270
3283032.492330 -6827351.850762
3283863.116134 -6824271.610812
3290460.556851 -6799629.691206
3292104.023937 -6793469.211304
3299482.029955 -6765747.051748
3300299.860667 -6762666.811797
3308372.338325 -6731864.412290
3311556.124739 -6719543.452487
3315498.872339 -6704142.252734
3317061.390405 -6697981.772832
3318620.295949 -6691821.292931
3320166.659032 -6685660.813029
3329423.508068 -6648697.933621
3333236.560868 -6633296.733867
3334756.565928 -6627136.253966
3343031.424280 -6593253.614508
3348226.277755 -6571691.934853
3349698.884839 -6565531.454951
3355530.271794 -6540889.535346
3364248.128029 -6503926.655937
3370021.358151 -6479284.736331
3371448.763718 -6473124.256430
3377864.997518 -6445402.096874
3382100.285367 -6426920.657169
3382801.534495 -6423840.417219
3390498.399726 -6389957.777761
3398136.627152 -6356075.138303
3401600.988102 -6340673.938549
3403677.341910 -6331433.218697
3405058.567960 -6325272.738796
3407121.420472 -6316032.018943
3409179.801000 -6306791.299091
3417333.520940 -6269828.419683
3420048.495056 -6257507.459880
3426091.766732 -6229785.300323
3428091.125387 -6220544.580471
3434713.037812 -6189742.180964
3441257.823089 -6158939.781457
3443198.500666 -6149699.061605
3445120.833424 -6140458.341753
3448933.292291 -6121976.902048
3456502.463330 -6085014.022640
3457760.038775 -6078853.542738
3464633.501835 -6044970.903280
3465256.411073 -6041890.663330
3467111.578848 -6032649.943478
3474524.545508 -5995687.064069
3476373.943155 -5986446.344217
3477591.650063 -5980285.864315
3481218.480350 -5961804.424611
3483028.163204 -5952563.704759
3486007.337629 -5937162.505005
3489549.555759 -5918681.065301
3494825.040445 -5890958.905745
3499485.779554 -5866316.986139
3504132.314418 -5841675.066533
3509870.167231 -5810872.667026
3512715.963014 -5795471.467272
3517797.194233 -5767749.307716
3523408.983453 -5736946.908209
3523965.666725 -5733866.668258
3527272.435112 -5715385.228554
3533820.149426 -5678422.349145
3539768.561482 -5644539.709687
3541386.013929 -5635298.989835
3544057.738317 -5619897.790082
3548809.909750 -5592175.630525
3550378.362450 -5582934.910673
3556112.324891 -5549052.271215
3559215.331236 -5530570.831511
3563833.276207 -5502848.671954
3569936.236771 -5465885.792546
3575519.627474 -5432003.153088
3577028.968997 -5422762.433236
3577528.150951 -5419682.193285
3578514.853682 -5413521.713384
3583894.187023 -5379639.073926
3589257.783344 -5345756.434468
3590709.207496 -5336515.714616
3595495.701064 -5305713.315109
3599770.131165 -5277991.155552
3600240.015568 -5274910.915601
3602562.220105 -5259509.715848
3604410.993517 -5247188.756045
3607630.697540 -5225627.076390
3610361.181653 -5207145.636686
3615764.295734 -5170182.757277
3621162.183073 -5133219.877868
3624286.672240 -5111658.198213
3628745.912806 -5080855.798706
3633599.180390 -5046973.159248
3637094.881410 -5022331.239643
3638393.166100 -5013090.519791
3641821.983092 -4988448.600185
3645671.959531 -4960726.440628
3649492.311064 -4933004.281072
3654148.124413 -4899121.641614
3657942.743422 -4871399.482058
3658781.121480 -4865239.002156
3661276.904205 -4846757.562452
3663346.706847 -4831356.362698
3665394.640511 -4815955.162945
3669887.059739 -4782072.523487
3671508.091923 -4769751.563684
3676352.431665 -4732788.684275
3678351.494544 -4717387.484522
3681925.539328 -4689665.324965
3685074.934559 -4665023.405360
3688197.019876 -4640381.485754
3690531.793159 -4621900.046050
3691309.297748 -4615739.566148
3695540.249035 -4581856.926690
3700146.894133 -4544894.047282
3700528.554562 -4541813.807331
3703561.174054 -4517171.887725
3705434.603642 -4501770.687972
3708800.229411 -4474048.528415
3712133.285790 -4446326.368859
3715078.750427 -4421684.449253
3716181.150455 -4412443.729401
3716548.259383 -4409363.489450
3716911.807358 -4406283.249499
3717274.646719 -4403203.009549
3717634.663403 -4400122.769598
3719420.726667 -4384721.569844
3723346.224575 -4350838.930387
3724054.384715 -4344678.450485
3727237.985537 -4316956.290929
3730751.133299 -4286153.891422
3731448.952849 -4279993.411520
3732830.942436 -4267672.451717
3736279.124226 -4236870.052210
3737304.449137 -4227629.332358
3740374.363797 -4199907.172801
3740712.114484 -4196826.932851
3742726.630103 -4178345.493146
3746070.886968 -4147543.093639
3748073.469524 -4129061.653935
3749729.100391 -4113660.454181
3753698.671674 -4076697.574773
3756000.491765 -4055135.895118
3759585.379250 -4021253.255660
3761203.537352 -4005852.055906
3763141.453402 -3987370.616202
3766982.564265 -3950407.736793
3770808.317314 -3913444.857385
3773328.282880 -3888802.937779
3773639.494573 -3885722.697828
3774565.615730 -3876481.977976
3775487.995929 -3867241.258124
3777930.286372 -3842599.338518
3779148.955152 -3830278.378716
3780969.544590 -3811796.939011
3781874.298372 -3802556.219159
3782772.616808 -3793315.499307
3785163.244726 -3768673.579701
3788426.907563 -3734790.940243
3791369.633949 -3703988.540736
3792250.640037 -3694747.820884
3793126.225289 -3685507.101032
3793709.347892 -3679346.621130
3794291.870000 -3673186.141229
3794582.231517 -3670105.901278
3794870.799353 -3667025.661328
3797750.514662 -3636223.261820
3798892.891385 -3623902.302018
3799747.009077 -3614661.582165
3800309.349307 -3608501.102264
3801151.979432 -3599260.382412
3804518.981327 -3562297.503003
3805079.562253 -3556137.023102
3805634.885606 -3549976.543200
3808102.505905 -3522254.383644
3811108.957112 -3488371.744186
3812461.146454 -3472970.544432
3815675.524538 -3436007.665024
3818869.413445 -3399044.785615
3820198.780683 -3383643.585862
3823104.687161 -3349760.946404
3825718.222031 -3318958.546897
3826234.764413 -3312798.066995
3828023.170201 -3291236.387340
3829295.056533 -3275835.187587
3830057.357595 -3266594.467734
3833066.836990 -3229631.588326
3835550.058620 -3198829.188819
3836043.971924 -3192668.708917
3836535.705992 -3186508.229016
3837759.605388 -3171107.029262
3840204.690121 -3140304.629755
3840447.573356 -3137224.389804
3842386.314961 -3112582.470199
3844777.435723 -3081780.070691
3845964.959536 -3066378.870938
3846669.472257 -3057138.151086
3848062.580801 -3038656.711381
3849903.162345 -3014014.791776
3851045.634889 -2998613.592022
3853327.954516 -2967811.192515
3854235.639696 -2955490.232712
3855361.100171 -2940089.032959
3856476.148581 -2924687.833205
3858022.699180 -2903126.153550
3860433.107855 -2869243.514092
3861297.283285 -2856922.554289
3863886.735370 -2819959.674881
3865600.761239 -2795317.755275
3868150.386576 -2758354.875866
3869827.801960 -2733712.956261
3870034.953664 -2730632.716310
3871469.178611 -2709071.036655
3873488.054477 -2678268.637148
3875287.116227 -2650546.477591
3876277.910715 -2635145.277838
3877456.476193 -2616663.838133
3878234.298686 -2604342.878330
3880362.493913 -2570460.238873
3881133.437692 -2558139.279070
3882095.891256 -2542738.079316
3883810.686028 -2515015.919760
3886079.511457 -2478053.040351
3887767.989176 -2450330.880795
3889076.149030 -2428769.201140
3891115.829305 -2394886.561682
3892210.994893 -2376405.121978
3893840.752145 -2348682.962421
3894019.438510 -2345602.722470
3895623.310478 -2317880.562914
3896852.398066 -2296318.883259
3897552.830455 -2283997.923456
3898427.182048 -2268596.723702
3899809.058836 -2243954.804097
3900489.597307 -2231633.844294
3901160.720104 -2219312.884491
3903140.335565 -2182350.005082
3904117.536371 -2163868.565378
3905718.298843 -2133066.165871
3906353.967500 -2120745.206068
3906511.958923 -2117664.966117
3906826.092977 -2111504.486216
3907448.824711 -2099183.526413
3907755.590109 -2093023.046512
3908212.296999 -2083782.326659
3909563.880562 -2056060.167103
3910605.525307 -2034498.487448
3911938.629323 -2006776.327892
3912957.980730 -1985214.648237
3913535.025999 -1972893.688434
3913676.800417 -1969813.448483
3914801.976141 -1945171.528877
3916487.036472 -1908208.649469
3917451.105003 -1886646.969814
3918405.758853 -1865085.290159
3919765.072521 -1834282.890651
3920439.138536 -1818881.690898
3922046.177583 -1781918.811489
3923514.388200 -1748036.172031
3924047.390925 -1735715.212229
3924445.137097 -1726474.492376
3924706.741177 -1720314.012475
3925486.223025 -1701832.572771
3926133.572227 -1686431.373017
3927663.284136 -1649468.493608
3928045.048477 -1640227.773756
3929291.100925 -1609425.374249
3930406.599550 -1581703.214693
3931025.220049 -1566302.014939
3931394.411747 -1557061.295087
3932620.652524 -1526258.895580
3933835.908587 -1495456.496073
3934431.480332 -1480055.296319
3935605.133093 -1449252.896812
3936185.412853 -1433851.697058
3936880.440469 -1415370.257354
3937674.545427 -1393808.577699
3938240.676619 -1378407.377945
3939464.677712 -1344524.738488
3940771.374758 -1307561.859079
3941203.483110 -1295240.899276
3942277.277138 -1264438.499769
3943119.068337 -1239796.580163
3944252.878041 -1205913.940705
3944957.877221 -1184352.261050
3946039.845302 -1150469.621592
3947002.108614 -1119667.222085
3947096.418021 -1116586.982135
3947376.156235 -1107346.262282
3948014.015870 -1085784.582627
3948282.298068 -1076543.862775
3948369.187569 -1073463.622825
3948455.021419 -1070383.382874
3948624.158304 -1064222.902972
3949044.893149 -1048821.703219
3949792.739129 -1021099.543662
3950690.575907 -987216.904205
3951662.468628 -950254.024796
3951742.199811 -947173.784845
3952128.277640 -931772.585092
3952586.546997 -913291.145387
3953327.332555 -882488.745880
3953400.993456 -879408.505929
3954114.656519 -848606.106422
3954185.397752 -845525.866472
3955026.795315 -808562.987063
3955165.363132 -802402.507162
3955440.002494 -790081.547359
3956261.425100 -753118.667950
3956528.582701 -740797.708147
3956658.011024 -734637.228246
3957223.652837 -706915.068689
3957588.330620 -688433.628985
3958189.924231 -657631.229478
3958844.857074 -623748.590020
3959019.757336 -614507.870168
3959413.415324 -592946.190513
3959523.827816 -586785.710611
3959629.298676 -580625.230710
3960148.424999 -549822.831203
3960663.438809 -519020.431696
3960712.680029 -515940.191745
3961148.460467 -488218.032188
3961333.935291 -475897.072386
3961516.130439 -463576.112583
3961692.589447 -451255.152780
3962073.041808 -423532.993223
3962531.288136 -389650.353766
3962976.038256 -355767.714308
3963251.907646 -334206.034653
3963559.015327 -309564.115047
3963632.525463 -303403.635146
3964053.998842 -266440.755737
3964152.639140 -257200.035885
3964430.225420 -229477.876328
3964460.661081 -226397.636378
3964754.838680 -195595.236870
3964783.849377 -192514.996920
3965089.537511 -158632.357462
3965194.188444 -146311.397659
3965420.504232 -118589.238103
3965443.415072 -115508.998152
3965485.986966 -109348.518250
3965568.694078 -97027.558448
3965724.363673 -72385.638842
3965797.327465 -60064.679039
3965895.816800 -41583.239335
3965988.220908 -23101.799630
3966086.088592 -1540.119975
3966109.995917 4620.359926
3966204.809075 32342.519483
3966308.130279 63144.918990
3966355.737619 78546.118743
3966399.292053 93947.318497
3966439.400279 112428.758201
3966444.666847 115508.998152
3966474.442667 137070.677807
3966498.748816 174033.557215
3966498.748816 201755.716772
3966478.696273 235638.356230
3966436.362206 269520.995688
3966406.990586 284922.195441
3966378.630934 297243.155244
3966322.718037 315724.594948
3966303.675101 321885.074850
3966176.644401 355767.714308
3966123.964198 368088.674111
3966051.016943 383489.873864
3965874.915907 417372.513322
3965727.364830 442014.432928
3965624.996123 457415.632681
3965560.529056 466656.352534
3965514.707375 472816.832435
3965490.780631 475897.072386
3965343.562112 494378.512090
3965211.731729 509779.711844
3965154.524353 515940.191745
3964880.603408 543662.351301
3964599.351274 571384.510858
3964369.190577 592946.190513
3964263.210301 602186.910365
3964083.516351 617588.110119
3963738.020211 645310.269675
3963576.292894 657631.229478
3963064.112069 694594.108887
3962755.308805 716155.788542
3962618.047602 725396.508394
3962377.999601 740797.708147
3962076.390346 759279.147852
3961516.658791 793161.787309
3961045.742956 820883.946866
3960938.625701 827044.426767
3960340.421164 860927.066225
3960120.420350 873248.026028
3959951.091180 882488.745880
3959441.247614 910210.905437
3959208.873050 922531.865240
3959149.746900 925612.105190
3959088.346740 928692.345141
3958836.121943 941013.304944
3958581.411115 953334.264747
3958451.982791 959494.744648
3958321.309982 965655.224550
3958055.813580 977976.184352
3957851.081701 987216.904205
3957429.133584 1005698.343909
3957283.898822 1011858.823810
3956620.950714 1039580.983367
3956322.129492 1051901.943170
3955398.055388 1088864.822578
3955318.534048 1091945.062529
3955076.191098 1101185.782381
3954171.415294 1135068.421839
3953591.230621 1156630.101494
3952743.438217 1187432.501001
3952395.035185 1199753.460804
3951339.680679 1236716.340213
3950632.727155 1261358.259818
3949829.786117 1289080.419375
3949188.956425 1310642.099030
3948353.566913 1338364.258586
3947688.931176 1359925.938241
3946830.566094 1387648.097798
3945855.502100 1418450.497305
3945459.494127 1430771.457108
3944856.494282 1449252.896812
3944551.136619 1458493.616664
3944031.471080 1473894.816418
3943300.928926 1495456.496073
3942768.346083 1510857.695826
3942660.318995 1513937.935777
3942001.779278 1532419.375481
3940886.882790 1563221.774988
3939871.757007 1590943.934545
3938958.989904 1615585.854151
3937682.374432 1649468.493609
3937101.004299 1664869.693362
3936390.256298 1683351.133066
3936149.398958 1689511.612968
3934802.952100 1723394.252426
3933944.583557 1744955.932081
3933820.859457 1748036.172031
3933694.930596 1751116.411982
3933188.564473 1763437.371785
3932161.672533 1788079.291391
3930855.874128 1818881.690898
3929532.280942 1849684.090405
3929266.671214 1855844.570306
3927793.552088 1889727.209764
3926979.306520 1908208.649469
3925484.061485 1942091.288927
3924516.850755 1963652.968582
3924376.429061 1966733.208532
3922963.196889 1997535.608039
3921545.452708 2028338.007547
3920826.410295 2043739.207300
3920241.199053 2056060.167103
3918629.368794 2089942.806561
3917586.127602 2111504.486216
3916381.062791 2136146.405822
3915002.684678 2163868.565378
3913145.542385 2200831.444787
3912367.127717 2216232.644540
3910943.123131 2243954.804097
3909656.941359 2268596.723702
3908516.873753 2290158.403357
3908190.673931 2296318.883259
3906202.634747 2333281.762668
3904541.251122 2364084.162175
3903867.307462 2376405.121978
3902676.365138 2397966.801633
3900773.678397 2431849.441090
3899896.948541 2447250.640844
3899186.983829 2459571.600647
3897587.413651 2487293.760203
3896869.795025 2499614.720006
3894714.063611 2536577.599415
3893994.527565 2548898.559218
3891984.073763 2582781.198676
3891429.249339 2592021.918528
3889362.880303 2625904.557986
3887280.442648 2659787.197443
3886325.334667 2675188.397197
3885365.331792 2690589.596951
3883619.658142 2718311.756507
3883034.075314 2727552.476359
3881856.991135 2746033.916063
3881262.514443 2755274.635916
3881063.363740 2758354.875866
3879244.129970 2786077.035423
3877822.176261 2807638.715078
3876792.708215 2823039.914831
3875135.494588 2847681.834437
3874925.564475 2850762.074388
3872818.660286 2881564.473895
3871334.939890 2903126.153550
3869189.853314 2933928.553057
3866819.005527 2967811.192515
3866601.935658 2970891.432466
3864863.322122 2995533.352071
3863122.652975 3020175.271677
3860496.208958 3057138.151086
3858739.057719 3081780.070692
3856748.306568 3109502.230248
3854069.072391 3146465.109657
3853617.844302 3152625.589558
3851348.631351 3183427.989065
3849050.538201 3214230.388572
3848586.697686 3220390.868474
3846959.551893 3241952.548129
3844166.981706 3278915.427537
3841810.619605 3309717.827045
3841096.499765 3318958.546897
3838700.009508 3349760.946404
3835791.897100 3386723.825812
3834334.597690 3405205.265517
3832121.794383 3432927.425073
3830383.539242 3454489.104728
3829636.930864 3463729.824580
3828133.840144 3482211.264285
3826366.744272 3503772.943940
3825861.307846 3509933.423841
3824842.690480 3522254.383644
3822792.128802 3546896.303250
3819689.522030 3583859.182658
3816553.280186 3620822.062067
3815763.303460 3630062.781919
3813906.161141 3651624.461574
3811767.801167 3676266.381180
3809354.450937 3703988.540736
3808539.692751 3713229.260588
3806090.241637 3740951.420145
3803071.080878 3774834.059603
3801135.593630 3796395.739258
3800856.473392 3799475.979208
3798056.497147 3830278.378716
3794671.879444 3867241.258124
3794100.691082 3873401.738026
3791223.954335 3904204.137533
3788039.852751 3938086.776991
3784832.678435 3971969.416448
3781895.991475 4002771.815956
3779220.249316 4030493.975512
3775909.572237 4064376.614970
3773496.895485 4089018.534576
3769855.716608 4125981.413984
3767725.210853 4147543.093639
3764958.070256 4175265.253196
3762159.989788 4202987.412752
3759359.084554 4230709.572309
3756552.523714 4258431.731865
3754030.023618 4283073.651471
3751479.521585 4307715.571077
3749875.852109 4323116.770830
3746980.573193 4350838.930387
3745048.456871 4369320.370091
3744073.679668 4378561.089943
3743745.827963 4381641.329894
3740771.604351 4409363.489450
3737773.678720 4437085.649007
3735773.079659 4455567.088711
3735098.245605 4461727.568612
3731697.309653 4492529.968120
3728606.142921 4520252.127676
3728262.341551 4523332.367627
3726876.268546 4535653.327430
3726178.448996 4541813.807331
3723001.080179 4569535.966887
3720512.793808 4591097.646542
3716222.048053 4628060.525951
3713697.003886 4649622.205606
3713333.455911 4652702.445557
3708949.559393 4689665.324965
3708210.320321 4695825.804867
3705592.611389 4717387.484522
3704841.052347 4723547.964423
3703330.618295 4735868.924226
3700684.791442 4757430.603881
3696886.653230 4788233.003388
3696125.550242 4794393.483290
3695360.747556 4800553.963191
3694976.860464 4803634.203142
3694200.860200 4809794.683043
3692644.344678 4822115.642846
3691856.995870 4828276.122748
3687912.627962 4859078.522255
3685543.716941 4877559.961959
3683563.888315 4892961.161713
3680784.075705 4914522.841368
3675986.324797 4951485.720776
3673571.165889 4969967.160481
3671146.654688 4988448.600185
3670742.178903 4991528.840136
3667098.378304 5019250.999692
3663426.310845 5046973.159248
3658482.709404 5083936.038657
3656817.247046 5096256.998460
3655566.943715 5105497.718312
3650531.816519 5142460.597721
3646286.981483 5173262.997228
3645007.368199 5182503.717080
3643281.330608 5194824.676883
3642849.404236 5197904.916834
3640255.341679 5216386.356538
3635885.715404 5247188.756045
3633686.072496 5262589.955799
3628381.352306 5299552.835207
3624813.959854 5324194.754813
3624367.604259 5327274.994764
3620323.104756 5354997.154320
3618049.904221 5370398.354074
3617136.208973 5376558.833975
3613928.964999 5398120.513630
3610715.497581 5419682.193285
3607035.835839 5444324.112891
3602404.926464 5475126.512398
3598678.564766 5499768.432004
3596347.326691 5515169.631757
3594939.042429 5524410.351609
3593519.764957 5533651.071462
3590201.669908 5555212.751117
3587346.499126 5573694.190821
3583502.355260 5598336.110427
3581092.730838 5613737.310180
3577199.542203 5638379.229786
3576225.294491 5644539.709687
3575733.388368 5647619.949638
3569801.577190 5684582.829047
3568315.719097 5693823.548899
3566324.851893 5706144.508702
3561308.500595 5736946.908209
3558783.033276 5752348.107962
3555205.417302 5773909.787617
3551595.939517 5795471.467272
3546408.927223 5826273.866780
3545889.200603 5829354.106730
3539609.181883 5866316.986139
3536987.324792 5881718.185893
3531686.151146 5912520.585400
3525274.012614 5949483.464808
3524194.636374 5955643.944710
3523654.410283 5958724.184660
3519293.625255 5983366.104266
3517645.199580 5992606.824118
3510978.400937 6029569.703527
3507042.230274 6051131.383182
3503664.969597 6069612.822886
3500267.215381 6088094.262590
3494569.867710 6118896.662098
3490569.604757 6140458.341753
3487691.941295 6155859.541506
3485380.447684 6168180.501309
3483629.107541 6177421.221161
3482447.160288 6183581.701063
3478875.814386 6202063.140767
3475267.606780 6220544.580471
3473457.923926 6229785.300323
3472849.699061 6232865.540274
3465513.179314 6269828.419683
3458710.897473 6303711.059141
3457459.872481 6309871.539042
3454936.815468 6322192.498845
3447287.831334 6359155.378254
3440202.019577 6393038.017711
3435004.926494 6417679.937317
3427820.937216 6451562.576775
3422568.382993 6476204.496381
3420577.560640 6485445.216233
3418571.765323 6494685.936085
3417894.484630 6497766.176036
3417209.101354 6500846.415986
3413051.868215 6519327.855691
3404691.929299 6556290.735099
3401899.185915 6568611.694902
3393456.470787 6605574.574311
3391341.152343 6614815.294163
3387087.184839 6633296.733867
3385661.355106 6639457.213769
3377049.412755 6676420.093177
3373412.920534 6691821.292931
3370480.881990 6704142.252734
3362408.740698 6738024.892192
3360197.349173 6747265.612044
3358718.109481 6753426.091945
3355722.680445 6765747.051748
3351926.999318 6781148.251502
3345047.787341 6808870.411058
3344276.383255 6811950.651009
3335722.200486 6845833.290467
3331018.316681 6864314.730171
3327875.103755 6876635.689974
3318312.557415 6913598.569382
3316709.425575 6919759.049284
3315102.519846 6925919.529185
3312675.052424 6935160.249037
3307802.865045 6953641.688742
3304531.542197 6965962.648545
3302042.656818 6975203.368397
3297016.787593 6993684.808101
3288548.663747 7024487.207608
3287691.474816 7027567.447559
3285974.999126 7033727.927460
3276488.001806 7067610.566918
3267820.958194 7098412.966425
3259933.429095 7126135.125982
3251986.889184 7153857.285538
3241311.856577 7190820.164947
3239507.919779 7196980.644848
3229446.916182 7230863.284306
3219321.499535 7264745.923764
3209144.059260 7298628.563222
3203585.596282 7317110.002926
3197092.384480 7338671.682581
3192442.425933 7354072.882335
3184050.898084 7381795.041891
3173714.692897 7415677.681349
3166138.589813 7440319.600955
3165182.870221 7443399.840906
3162311.947156 7452640.560758
3160375.161412 7458801.040659
3153569.410858 7480362.720314
3151604.083439 7486523.200216
3139764.673054 7523486.079624
3128897.316963 7557368.719082
3118910.893974 7588171.118589
3116891.810638 7594331.598491
3111795.580056 7609732.798244
3103505.513024 7634374.717850
3098236.690668 7649775.917604
3085538.040767 7686738.797012
3077012.273791 7711380.716618
3068401.259539 7736022.636224
3059777.946356 7760664.555829
3057594.098246 7766825.035731
3055403.937290 7772985.515632
3054302.495997 7776065.755583
3042080.348058 7809948.395041
3034245.452018 7831510.074696
3024022.139960 7859232.234252
3017176.112697 7877713.673957
3011445.484186 7893114.873710
3004443.350800 7911596.313414
3002095.074577 7917756.793316
3000917.349614 7920837.033267
2988994.659966 7951639.432774
2976885.618686 7982441.832281
2963354.894399 8016324.471739
2955832.164969 8034805.911443
2954574.342969 8037886.151394
2949534.952369 8050207.111197
2941951.452670 8068688.550901
2939403.065971 8074849.030802
2930469.198396 8096410.710457
2920107.553529 8121052.630063
2908255.871611 8148774.789620
2906936.817156 8151855.029570
2893657.564121 8182657.429077
2877587.554006 8219620.308486
2866856.059900 8244262.228092
2865503.170968 8247342.468043
2851787.292065 8278144.867550
2835098.112225 8315107.746958
2832277.233439 8321268.226860
2820973.756198 8345910.146465
2810977.208048 8367471.826120
2805213.496186 8379792.785923
2803769.972690 8382873.025874
2800819.260026 8389033.505775
2793387.973484 8404434.705529
2791868.099470 8407514.945480
2790316.146586 8410595.185430
2788733.917808 8413675.425381
2771054.115491 8447558.064839
2766213.233474 8456798.784691
2764570.333789 8459879.024642
2759540.488485 8469119.744494
2757832.397834 8472199.984445
2749274.113966 8487601.184198
2738763.122093 8506082.623903
2733496.403857 8515323.343755
2722895.086246 8533804.783459
2721105.153817 8536885.023410
2704711.100910 8564607.182966
2682804.023725 8601570.062375
2677178.170864 8610810.782227
2660223.810077 8638532.941783
2643191.978381 8666255.101340
2633553.876654 8681656.301094
2629680.646759 8687816.780995
2619883.366041 8703217.980749
2605903.716109 8724779.660404
2583285.339535 8758662.299861
2568528.559020 8780223.979516
2549115.400397 8807946.139073
2529551.122353 8835668.298629
2514094.014817 8857229.978284
2498176.499986 8878791.657939
2488775.940498 8891112.617742
2469869.343199 8915754.537348
2447859.418769 8943476.696904
2427831.280338 8968118.616510
2397245.934809 9005081.495919
2381860.603254 9023562.935623
2366238.769130 9042044.375327
2360866.518769 9048204.855229
2330940.306311 9082087.494687
2308455.834292 9106729.414292
2276592.367210 9140612.053750
2261755.779355 9156013.253504
2243441.993242 9174494.693208
2240378.736197 9177574.933159
2230986.724454 9186815.653011
2192573.978763 9223778.532420
2165865.700362 9248420.452025
2162487.633793 9251500.691976
2158941.769326 9254580.931927
2147748.959868 9263821.651779
2136100.697214 9273062.371631
2112375.389232 9291543.811335
2084438.850430 9313105.490990
2042176.651370 9343907.890497
1994757.081469 9377790.529955
1980998.331948 9387031.249808
1925070.766851 9423994.129216
1901252.724322 9439395.328970
1896325.895241 9442475.568920
1875169.855397 9454796.528723
1835732.923341 9476358.208378
1801255.797743 9494839.648083
1788945.562187 9501000.127984
1762028.027783 9513321.087787
1740852.598028 9522561.807639
1695548.881777 9541043.247343
1649029.208991 9559524.687048
1562189.487574 9593407.326505
1553757.468964 9596487.566456
1482854.138978 9621129.486062
1398793.143275 9648851.645618
1284245.212521 9685814.525027
1195401.773171 9713536.684583
1068266.121072 9750499.563992
1013967.235499 9765900.763746
869156.521487 9802863.643154
757033.325493 9827505.562760
725997.519213 9833666.042661
537068.943482 9864468.442169
437739.616770 9876789.401971
148026.019665 9910672.041429
39382.872161 9922993.001232
-134454.590098 9935313.961035
-395216.860025 9944554.680887
-1988771.987089 9978437.320345
-3205669.669330 9999999.000000
-3648043.616170 9996863.712651
-4422194.415172 9974916.701207
-5110327.550055 9952969.689763
-5474627.441376 9931022.678320
-5635484.697070 9918481.528923
-5746073.270030 9909075.666876
-5807086.399110 9902805.092177
-6083548.210030 9871452.218686
-6143862.877068 9862046.356639
-6265274.365049 9840099.345195
-6415191.132903 9808746.471704
-6429691.008886 9805611.184355
-6512609.758320 9786799.460260
-6565412.125414 9774258.310864
-6683327.001021 9742905.437373
-6763721.607518 9720958.425929
-6774505.583443 9717823.138580
-6848194.183847 9695876.127136
-6858597.143706 9692740.839787
-6895823.579712 9680199.690390
-6986036.646337 9648846.816899
-7048546.965253 9626899.805455
-7119271.831674 9601817.506663
-7187933.498816 9576735.207870
-7195755.361369 9573599.920520
-7288792.715276 9535976.472331
-7348710.753265 9510894.173538
-7413903.585308 9482676.587396
-7489839.844208 9448188.426556
-7522806.778212 9432511.989810
-7585015.369807 9401159.116319
-7608256.417667 9388617.966923
-7654433.612069 9363535.668130
-7665611.231032 9357265.093432
-7670866.038624 9354129.806082
-7717878.230674 9325912.219940
-7737823.859879 9313371.070544
-7771765.037210 9291424.059100
-7804269.569275 9269477.047656
-7831412.136220 9250665.323562
-7840276.708956 9244394.748863
-7870241.802933 9222447.737420
-7886643.089580 9209906.588023
-7917977.003169 9184824.289230
-7964354.517685 9147200.841041
-7987339.988711 9128389.116946
-7994618.664739 9122118.542248
-8015749.435828 9103306.818153
-8056527.814490 9065683.369964
-8083295.557186 9040601.071171
-8105933.812003 9018654.059727
-8143083.034943 8981030.611538
-8173181.691841 8949677.738047
-8205614.595393 8915189.577206
-8226045.130300 8893242.565763
-8243498.205336 8874430.841668
-8252109.027173 8865024.979621
-8263150.381467 8852483.830224
-8282228.885238 8830536.818780
-8297984.604447 8811725.094686
-8318801.922999 8786642.795893
-8323898.439021 8780372.221195
-8341323.202138 8758425.209751
-8346244.669972 8752154.635053
-8348663.797112 8749019.347703
-8374904.116975 8714531.186863
-8393420.664360 8689448.888070
-8409492.180748 8667501.876626
-8425308.771972 8645554.865183
-8447608.838259 8614201.991692
-8454195.536223 8604796.129644
-8477621.928364 8570307.968804
-8492094.273798 8548360.957360
-8498222.018357 8538955.095313
-8522674.071110 8501331.647123
-8546551.456952 8463708.198934
-8570316.998174 8426084.750745
-8584115.569423 8404137.739301
-8599596.240595 8379055.440508
-8603371.054511 8372784.865810
-8610853.534936 8360243.716413
-8618221.200170 8347702.567017
-8625572.735901 8335161.417620
-8641724.211489 8306943.831478
-8663121.882043 8269320.383289
-8680617.369990 8237967.509798
-8699389.729353 8203479.348958
-8712714.143145 8178397.050165
-8725801.968987 8153314.751372
-8733854.494034 8137638.314626
-8746638.851222 8112556.015833
-8752969.731679 8100014.866437
-8765369.349680 8074932.567644
-8771465.617820 8062391.418247
-8780475.953608 8043579.694153
-8790761.199952 8021632.682709
-8792225.245771 8018497.395360
-8802418.634076 7996550.383916
-8805279.815050 7990279.809218
-8813833.223124 7971468.085123
-8830850.359514 7933844.636934
-8833632.952635 7927574.062236
-8844630.718597 7902491.763443
-8854188.586965 7880544.751999
-8862339.596738 7861733.027904
-8867746.224107 7849191.878508
-8882589.504970 7814703.717667
-8891848.451498 7792756.706224
-8900986.559492 7770809.694780
-8907439.909944 7755133.258034
-8922754.248299 7717509.809845
-8934166.732645 7689292.223703
-8937958.787247 7679886.361655
-8952959.667039 7642262.913466
-8961641.629840 7620315.902022
-8964080.053289 7614045.327324
-8978665.447608 7576421.879135
-8981074.019475 7570151.304436
-8988288.677737 7551339.580342
-8996692.913831 7529392.568898
-9003787.894715 7510580.844803
-9004952.760855 7507445.557454
-9009563.954558 7494904.408058
-9016369.594059 7476092.683963
-9018615.102443 7469822.109265
-9030876.261402 7435333.948425
-9042962.472123 7400845.787584
-9052837.071443 7372628.201442
-9060451.996370 7350681.189998
-9073395.818046 7313057.741809
-9084106.735743 7281704.868318
-9092639.531946 7256622.569525
-9105367.453940 7218999.121336
-9117002.283729 7184510.960495
-9129503.216353 7146887.512306
-9141918.685836 7109264.064117
-9154166.191631 7071640.615927
-9163314.594204 7043423.029785
-9174435.794905 7008934.868945
-9181409.389183 6986987.857501
-9193284.892737 6949364.409312
-9205144.656647 6911740.961122
-9214911.050731 6880388.087631
-9223643.331528 6852170.501489
-9224609.786868 6849035.214140
-9229367.329696 6833358.777395
-9236949.985673 6808276.478602
-9246379.650750 6776923.605111
-9252946.647043 6754976.593667
-9255750.299936 6745570.731619
-9262250.609603 6723623.720176
-9271501.452610 6692270.846684
-9274255.715416 6682864.984637
-9279729.654826 6664053.260542
-9287919.961732 6635835.674400
-9298745.110637 6598212.226211
-9304144.201147 6579400.502116
-9312142.928446 6551182.915974
-9313894.362827 6544912.341276
-9319935.312481 6522965.329832
-9326764.459267 6497883.031039
-9330981.677591 6482206.594294
-9338509.447309 6453989.008152
-9348486.940947 6416365.559962
-9349310.557291 6413230.272613
-9358306.483604 6378742.111773
-9363173.203574 6359930.387678
-9363980.538292 6356795.100329
-9367194.846178 6344253.950933
-9375184.026264 6312901.077442
-9376778.158634 6306630.502743
-9382287.152871 6284683.491300
-9387733.270576 6262736.479856
-9389275.158363 6256465.905158
-9394604.804849 6234518.893714
-9402116.275295 6203166.020223
-9405080.764838 6190624.870826
-9406544.981958 6184354.296128
-9415281.766982 6146730.847939
-9423913.205072 6109107.399749
-9426758.968466 6096566.250353
-9434533.699722 6062078.089513
-9438719.490858 6043266.365418
-9442185.069154 6027589.928672
-9449101.265994 5996237.055181
-9453901.041686 5974290.043737
-9460677.415913 5942937.170246
-9464708.643684 5924125.446151
-9470060.759164 5899043.147359
-9472725.458383 5886501.997962
-9478049.198934 5861419.699169
-9484019.368989 5833202.113027
-9485341.861754 5826931.538329
-9486649.071784 5820660.963631
-9487299.244381 5817525.676282
-9491831.357776 5795578.664838
-9495031.482155 5779902.228092
-9502687.742979 5742278.779903
-9504589.866987 5732872.917856
-9505847.441124 5726602.343157
-9512128.785987 5695249.469666
-9513999.562619 5685843.607619
-9518351.177152 5663896.596175
-9520814.812351 5651355.446779
-9523263.272610 5638814.297382
-9526295.688277 5623137.860637
-9527499.989412 5616867.285938
-9528689.626457 5610596.711240
-9529870.818269 5604326.136542
-9532206.976182 5591784.987145
-9537452.694830 5563567.401003
-9538029.689571 5560432.113654
-9543764.825455 5529079.240163
-9546045.063096 5516538.090767
-9552837.820718 5478914.642577
-9557917.073210 5450697.056435
-9564050.881820 5416208.895595
-9569039.454761 5387991.309453
-9573456.076498 5362909.010660
-9577863.898609 5337826.711867
-9584410.124251 5300203.263678
-9589849.066546 5268850.390187
-9596317.741384 5231226.941997
-9598448.491321 5218685.792601
-9604284.926206 5184197.631761
-9607991.688854 5162250.620317
-9610105.659084 5149709.470920
-9613261.005294 5130897.746826
-9619040.103741 5096409.585985
-9623740.576651 5068191.999843
-9624256.721100 5065056.712494
-9630444.370708 5027433.264305
-9635575.484613 4996080.390814
-9639636.326388 4970998.092021
-9645203.597918 4936509.931180
-9649236.696772 4911427.632388
-9651235.573189 4898886.482991
-9655190.610201 4873804.184198
-9660612.892898 4839316.023358
-9664029.966190 4817369.011914
-9668883.063251 4786016.138423
-9671281.454266 4770339.701677
-9673672.863129 4754663.264932
-9675091.086117 4745257.402885
-9678836.507607 4720175.104092
-9679301.519619 4717039.816742
-9682553.451342 4695092.805299
-9684409.898584 4682551.655902
-9689465.927098 4648063.495062
-9690374.592055 4641792.920364
-9693995.217445 4616710.621571
-9695350.328580 4607304.759523
-9696701.514663 4597898.897476
-9699393.457242 4579087.173381
-9700738.128138 4569681.311334
-9705659.066352 4535193.150494
-9706552.918091 4528922.575796
-9708768.198357 4513246.139050
-9710962.183149 4497569.702304
-9715303.787919 4466216.828813
-9720458.673301 4428593.380624
-9721316.163508 4422322.805926
-9723886.151706 4403511.081831
-9724737.044458 4397240.507133
-9725159.217388 4394105.219784
-9727682.490800 4375293.495689
-9732695.041021 4337670.047500
-9734767.528953 4321993.610754
-9735594.125345 4315723.036056
-9740131.630505 4281234.875216
-9742988.606214 4259287.863772
-9744613.292971 4246746.714375
-9746230.144988 4234205.564979
-9747431.111994 4224799.702932
-9751826.144707 4190311.542091
-9755415.127973 4162093.955949
-9758190.394987 4140146.944505
-9762526.263870 4105658.783665
-9764493.298973 4089982.346920
-9766060.840281 4077441.197523
-9770749.811376 4039817.749334
-9773863.693705 4014735.450541
-9778095.724953 3980247.289701
-9780381.794387 3961435.565606
-9781889.626341 3948894.416209
-9783770.751633 3933217.979464
-9787893.143872 3898729.818624
-9791608.055614 3867376.945133
-9794185.763979 3845429.933689
-9795284.042358 3836024.071641
-9796741.275244 3823482.922245
-9798905.841318 3804671.198150
-9802474.764703 3773318.324659
-9806373.695939 3738830.163819
-9806724.676411 3735694.876470
-9810891.046455 3698071.428280
-9811580.660718 3691800.853582
-9814309.277110 3666718.554789
-9818361.838124 3629095.106600
-9819033.920570 3622824.531902
-9821040.172775 3604012.807807
-9823373.824893 3582065.796363
-9824700.717079 3569524.646967
-9826357.680210 3553848.210221
-9827675.341355 3541307.060825
-9830634.164582 3513089.474683
-9833251.120775 3488007.175890
-9834226.604277 3478601.313842
-9835839.421353 3462924.877097
-9839671.470729 3425301.428907
-9840308.860833 3419030.854209
-9841883.160769 3403354.417464
-9843137.516424 3390813.268067
-9843759.000663 3384542.693369
-9847480.344002 3346919.245180
-9850237.487990 3318701.659038
-9851455.406959 3306160.509641
-9851758.334599 3303025.222292
-9852360.478832 3296754.647594
-9853850.460544 3281078.210848
-9854737.112367 3271672.348801
-9856213.341423 3255995.912055
-9856797.154214 3249725.337357
-9857671.059726 3240319.475310
-9860865.421121 3205831.314469
-9863473.566366 3177613.728327
-9866641.466444 3143125.567487
-9867210.278309 3136854.992789
-9869767.254224 3108637.406647
-9871454.117708 3089825.682552
-9874250.804871 3058472.809061
-9877578.621679 3020849.360872
-9880048.188149 2992631.774730
-9881950.662967 2970684.763286
-9884108.733850 2945602.464493
-9884642.500687 2939331.889795
-9885440.573202 2929926.027747
-9888332.327909 2895437.866907
-9889115.030741 2886032.004860
-9890405.421681 2870355.568114
-9891692.999760 2854679.131369
-9893233.037667 2835867.407274
-9894258.607401 2823326.257877
-9895537.766494 2807649.821132
-9897314.889785 2785702.809688
-9897567.928207 2782567.522339
-9898320.373775 2773161.660292
-9900550.345579 2744944.074150
-9900795.920669 2741808.786800
-9901039.032903 2738673.499451
-9902719.862831 2716726.488008
-9903667.355031 2704185.338611
-9903902.344492 2701050.051262
-9906475.423455 2666561.890422
-9906938.443164 2660291.315724
-9909452.867382 2625803.154883
-9909906.328939 2619532.580185
-9910579.402283 2610126.718138
-9911923.970993 2591314.994043
-9913936.093719 2563097.407901
-9915261.788649 2544285.683806
-9917224.528296 2516068.097664
-9917870.996218 2506662.235617
-9918944.565774 2490985.798871
-9919156.703148 2487850.511522
-9919783.888491 2478444.649475
-9921019.909981 2459632.925380
-9922651.704150 2434550.626587
-9923460.523178 2422009.477191
-9923860.399107 2415738.902493
-9925449.860068 2390656.603700
-9926236.579735 2378115.454303
-9926821.379897 2368709.592256
-9929157.591783 2331086.144067
-9930126.037600 2315409.707321
-9930509.445710 2309139.132623
-9932601.862820 2274650.971782
-9933165.125882 2265245.109735
-9934091.622945 2249568.672990
-9934273.989957 2246433.385640
-9934455.869651 2243298.098291
-9934635.076217 2240162.810942
-9935698.695924 2221351.086848
-9936404.877218 2208809.937451
-9936578.532654 2205674.650102
-9938303.086078 2174321.776611
-9939663.583226 2149239.477818
-9941012.628366 2124157.179025
-9941682.389264 2111616.029629
-9941849.353953 2108480.742279
-9943164.198923 2083398.443486
-9944462.029757 2058316.144694
-9944783.188862 2052045.569995
-9946065.943112 2026963.271202
-9946383.342630 2020692.696504
-9946851.013064 2011286.834457
-9948707.688899 1973663.386267
-9949163.479171 1964257.524220
-9950214.001076 1942310.512776
-9950512.298441 1936039.938078
-9952127.532185 1901551.777238
-9953432.510112 1873334.191096
-9954439.451881 1851387.179652
-9954862.750285 1841981.317605
-9956547.715641 1804357.869415
-9957949.569263 1773004.995924
-9959052.810414 1747922.697131
-9959999.058080 1725975.685687
-9961332.716686 1694622.812196
-9962650.552826 1663269.938705
-9963832.542185 1635052.352563
-9963961.846053 1631917.065214
-9965356.998961 1597428.904374
-9965988.916503 1581752.467628
-9967494.762035 1544129.019439
-9967990.445644 1531587.870042
-9968361.537866 1522182.007995
-9968484.565163 1519046.720646
-9969450.946057 1493964.421853
-9969570.408784 1490829.134504
-9970401.981466 1468882.123060
-9971345.246201 1443799.824267
-9972746.839176 1406176.376078
-9974017.019420 1371688.215238
-9974470.065016 1359147.065841
-9975249.008594 1337200.054397
-9975907.435678 1318388.330303
-9976452.829431 1302711.893557
-9977410.854264 1274494.307415
-9977729.539025 1265088.445368
-9978362.969333 1246276.721273
-9978780.883471 1233735.571877
-9979711.363243 1205517.985734
-9980120.547336 1192976.836338
-9980937.171747 1167894.537545
-9981931.834519 1136541.664054
-9982126.424886 1130271.089356
-9982602.069183 1114594.652610
-9982694.820456 1111459.365261
-9983060.647363 1098918.215865
-9984045.344349 1064430.055024
-9984483.257433 1048753.618279
-9984744.716502 1039347.756231
-9985505.927342 1011130.170089
-9985755.167927 1001724.308042
-9985920.472594 995453.733344
-9986562.888020 970371.434551
-9987503.476381 932747.986362
-9987812.745442 920206.836965
-9988725.229935 882583.388776
-9989242.635890 860636.377332
-9989672.124700 841824.653237
-9989741.165077 838689.365888
-9990414.654767 807336.492397
-9990883.139853 785389.480953
-9991011.927705 779118.906255
-9991261.917509 766577.756858
-9991383.124280 760307.182160
-9991734.133892 741495.458066
-9992192.068869 716413.159273
-9992248.891049 713277.871924
-9992900.566235 675654.423734
-9993474.903805 641166.262894
-9993974.026005 609813.389403
-9994172.003191 597272.240006
-9994508.229262 575325.228563
-9994885.808203 550242.929770
-9995336.924122 518890.056278
-9995821.688704 484401.895438
-9996154.253490 459319.596645
-9996520.897857 431102.010503
-9996750.356282 412290.286409
-9996977.321051 393478.562314
-9997013.486778 390343.274965
-9997265.193395 368396.263521
-9997573.871550 340178.677379
-9997910.623027 308825.803888
-9998007.293139 299419.941840
-9998069.666823 293149.367142
-9998327.972588 264931.781000
-9998527.427415 242984.769556
-9998632.292911 230443.620160
-9998927.027164 192820.171971
-9999020.308297 180279.022574
-9999041.147928 177143.735225
-9999061.780903 174008.447876
-9999275.106556 139520.287036
-9999377.833922 120708.562941
-9999476.844487 101896.838846
-9999604.923089 73679.252704
-9999703.095014 51732.241260
-9999778.574853 32920.517166
-9999850.340578 14108.793071
-9999860.651053 10973.505722
-9999907.662963 -7838.218373
-9999959.620830 -36055.804515
-9999994.670425 -67408.678006
-9999999.000000 -76814.540053
-9999995.288947 -95626.264148
-9999994.464268 -98761.551497
-9999969.517529 -133249.712337
-9999955.909834 -142655.574385
-9999945.188459 -148926.149083
-9999877.147781 -183414.309923
-9999844.156567 -195955.459320
-9999763.323064 -221037.758113
-9999647.840036 -252390.631604
-9999566.169295 -271202.355698
-9999411.899127 -305690.516539
-9999354.149697 -318231.665935
-9999322.384970 -324502.240633
-9999138.781174 -355855.114124
-9998986.940613 -380937.412917
-9998841.063199 -402884.424361
-9998777.304287 -412290.286408
-9998732.731293 -418560.861107
-9998534.586934 -443643.159900
-9998307.950790 -471860.746042
-9998150.652547 -490672.470136
-9998096.978010 -496943.044835
-9998015.845235 -506348.906882
-9997988.386959 -509484.194231
-9997681.791163 -543972.355071
-9997652.883416 -547107.642420
-9997341.014996 -578460.515912
-9997027.073815 -609813.389403
-9996670.335881 -644301.550243
-9996263.744600 -681924.998432
-9996009.130913 -703872.009876
-9995933.891546 -710142.584574
-9995856.989742 -716413.159273
-9995492.217696 -744630.745415
-9995323.437477 -757171.894811
-9995066.519336 -775983.618906
-9994800.852042 -794795.343000
-9994755.531970 -797930.630350
-9994189.163557 -835554.078539
-9993595.231998 -873177.526728
-9993283.212390 -891989.250823
-9993124.063267 -901395.112870
-9993014.612621 -907665.687569
-9992957.790441 -910800.974918
-9992670.531648 -926477.411663
-9992255.137814 -948424.423107
-9991581.558561 -982912.583947
-9991395.329536 -992318.445995
-9990878.491153 -1017400.744788
-9990077.908457 -1055024.192977
-9989259.575509 -1092647.641166
-9988697.092974 -1117729.939959
-9988187.115992 -1139676.951403
-9988040.983910 -1145947.526101
-9987297.584943 -1177300.399592
-9986624.701745 -1205517.985734
-9986246.626556 -1221194.422480
-9985318.819373 -1258817.870669
-9985240.010707 -1261953.158018
-9984921.363793 -1274494.307415
-9984350.280155 -1296441.318859
-9983771.713821 -1318388.330303
-9983346.675951 -1334064.767048
-9983174.945444 -1340335.341746
-9982740.253996 -1356011.778492
-9981952.010445 -1384229.364634
-9980870.045029 -1421852.812823
-9980685.837433 -1428123.387522
-9980592.654283 -1431258.674871
-9980305.969038 -1440664.536918
-9979728.700444 -1459476.261013
-9979335.179936 -1472017.410409
-9979235.713659 -1475152.697758
-9978834.369353 -1487693.847155
-9978118.297190 -1509640.858598
-9977809.446464 -1519046.720646
-9977602.236629 -1525317.295344
-9976766.408353 -1550399.594137
-9975806.412494 -1578617.180279
-9974623.442272 -1613105.341119
-9973742.022131 -1638187.639912
-9973074.356206 -1656999.364007
-9972281.526414 -1678946.375451
-9971357.758964 -1704028.674244
-9970540.163061 -1725975.685687
-9970301.237606 -1732246.260386
-9969449.416364 -1754193.271829
-9969326.835497 -1757328.559179
-9968704.995095 -1773004.995924
-9967209.893934 -1810628.444113
-9967083.958744 -1813763.731463
-9965797.669115 -1845116.604954
-9965667.013657 -1848251.892303
-9965400.281935 -1854522.467001
-9964043.961707 -1885875.340492
-9963077.031800 -1907822.351936
-9962385.228723 -1923498.788682
-9962103.944184 -1929769.363380
-9960670.045601 -1961122.236871
-9959226.964716 -1992475.110362
-9957915.775554 -2020692.696504
-9956442.768908 -2052045.569995
-9955557.580530 -2070857.294090
-9954225.642710 -2099074.880232
-9953188.074331 -2121021.891676
-9952890.701906 -2127292.466374
-9951997.197455 -2146104.190469
-9950638.182236 -2174321.776611
-9950485.555008 -2177457.063960
-9948942.988058 -2208809.937451
-9948319.427480 -2221351.086847
-9946434.715145 -2258974.535037
-9944845.370776 -2290327.408528
-9944685.496782 -2293462.695877
-9942738.750532 -2331086.144066
-9941418.221565 -2356168.442859
-9939406.084036 -2393791.891049
-9938897.330203 -2403197.753096
-9937872.655413 -2422009.477191
-9937529.661512 -2428280.051889
-9935635.289863 -2462768.212729
-9935116.484567 -2472174.074777
-9933717.621455 -2497256.373569
-9931593.281712 -2534879.821759
-9931414.317565 -2538015.109108
-9931053.963114 -2544285.683806
-9930872.813647 -2547420.971155
-9929599.655788 -2569367.982599
-9927381.939853 -2606991.430788
-9925322.051954 -2641479.591629
-9924182.215611 -2660291.315723
-9922260.218768 -2691644.189215
-9921488.443021 -2704185.338611
-9921294.753858 -2707320.625960
-9920518.007757 -2719861.775357
-9920321.077893 -2722997.062706
-9919127.477115 -2741808.786800
-9917511.857656 -2766891.085593
-9915073.275119 -2804514.533783
-9913641.908859 -2826461.545226
-9911594.565045 -2857814.418718
-9910971.208731 -2867220.280765
-9909715.304262 -2886032.004860
-9908663.598541 -2901708.441605
-9908239.323794 -2907979.016303
-9905690.590161 -2945602.464493
-9904198.424675 -2967549.475937
-9902470.369735 -2992631.774730
-9899844.019319 -3030255.222919
-9898074.334777 -3055337.521712
-9897182.158259 -3067878.671108
-9895600.588279 -3089825.682552
-9893771.916121 -3114907.981345
-9891239.959723 -3149396.142185
-9890087.739841 -3165072.578931
-9887764.632561 -3196425.452422
-9886119.706331 -3218372.463866
-9885646.499261 -3224643.038564
-9885172.753161 -3230913.613262
-9882304.340499 -3268537.061452
-9881822.474027 -3274807.636150
-9878918.215509 -3312431.084339
-9875984.467803 -3350054.532529
-9874501.124792 -3368866.256623
-9874251.970417 -3372001.543972
-9871232.197836 -3409624.992162
-9868952.344473 -3437842.578304
-9867415.672204 -3456654.302398
-9866388.980266 -3469195.451795
-9865871.133710 -3475466.026493
-9863781.660642 -3500548.325286
-9862461.534282 -3516224.762032
-9860057.002666 -3544442.348174
-9857634.361298 -3572659.934316
-9854644.758011 -3607148.095156
-9853000.127448 -3625959.819251
-9849707.372156 -3663583.267440
-9846653.648382 -3698071.428280
-9845256.777199 -3713747.865026
-9844135.744261 -3726289.014422
-9843571.089359 -3732559.589121
-9843286.385738 -3735694.876470
-9840996.826176 -3760777.175263
-9839842.461649 -3773318.324659
-9836628.162935 -3807806.485499
-9833393.847726 -3842294.646340
-9831027.002862 -3867376.945132
-9829538.553330 -3883053.381878
-9828342.885769 -3895594.531274
-9826532.747087 -3914406.255369
-9825021.205650 -3930082.692115
-9824716.725908 -3933217.979464
-9821962.391150 -3961435.565606
-9821655.729465 -3964570.852955
-9820111.458260 -3980247.289701
-9817938.469808 -4002194.301144
-9816694.239652 -4014735.450541
-9814505.773850 -4036682.461985
-9811991.981857 -4061764.760778
-9808500.438514 -4096252.921618
-9804660.669246 -4133876.369807
-9803374.296588 -4146417.519204
-9801118.618249 -4168364.530647
-9798509.504145 -4193446.829440
-9797523.229736 -4202852.691488
-9793538.585162 -4240476.139677
-9791860.047430 -4256152.576423
-9788163.593976 -4290640.737263
-9786466.633938 -4306317.174008
-9783052.485572 -4337670.047500
-9779964.516317 -4365887.633642
-9776839.738784 -4394105.219784
-9775796.090148 -4403511.081831
-9772303.521454 -4434863.955322
-9768790.261317 -4466216.828813
-9768436.508803 -4469352.116162
-9767014.532572 -4481893.265559
-9765575.722608 -4494434.414955
-9762306.553583 -4522652.001097
-9758283.465406 -4557140.161938
-9754228.825372 -4591628.322778
-9750134.448403 -4626116.483618
-9746032.083950 -4660604.644458
-9745284.016501 -4666875.219157
-9741129.402649 -4701363.379997
-9737315.582831 -4732716.253488
-9735773.672030 -4745257.402884
-9732674.852967 -4770339.701677
-9728782.500056 -4801692.575168
-9726444.822858 -4820504.299263
-9726053.696356 -4823639.586612
-9721346.513425 -4861263.034802
-9720555.113943 -4867533.609500
-9718164.772830 -4886345.333595
-9716955.646578 -4895751.195642
-9715733.592915 -4905157.057689
-9712848.877773 -4927104.069133
-9712015.869609 -4933374.643831
-9707814.472660 -4964727.517322
-9702753.286556 -5002350.965512
-9701484.319727 -5011756.827559
-9699348.856953 -5027433.264305
-9698057.644740 -5036839.126352
-9697187.645261 -5043109.701050
-9693227.013144 -5071327.287192
-9687920.603167 -5108950.735382
-9687034.491061 -5115221.310080
-9684347.747420 -5134033.034175
-9679374.199509 -5168521.195015
-9673895.773245 -5206144.643204
-9669751.005060 -5234362.229346
-9668829.053230 -5240632.804044
-9666963.589756 -5253173.953441
-9663664.021453 -5275120.964885
-9658453.766854 -5309609.125725
-9656551.757052 -5322150.275121
-9653190.744226 -5344097.286565
-9649338.366687 -5369179.585358
-9644974.828383 -5397397.171500
-9640585.725618 -5425614.757642
-9640092.790827 -5428750.044991
-9639096.278173 -5435020.619690
-9638595.581127 -5438155.907039
-9633578.809086 -5469508.780530
-9632060.462305 -5478914.642577
-9631553.354195 -5482049.929926
-9630527.131414 -5488320.504625
-9625335.143253 -5519673.378116
-9624292.649183 -5525943.952814
-9623770.888584 -5529079.240163
-9619033.197677 -5557296.826305
-9617967.822709 -5563567.401003
-9613140.300731 -5591784.987145
-9612601.778772 -5594920.274494
-9606672.160172 -5629408.435335
-9600724.867330 -5663896.596175
-9595312.868546 -5695249.469666
-9590427.537995 -5723467.055808
-9587697.229675 -5739143.492554
-9583293.799160 -5764225.791347
-9578290.255623 -5792443.377489
-9577728.716057 -5795578.664838
-9571483.230353 -5830066.825678
-9565782.636249 -5861419.699169
-9563493.199381 -5873960.848566
-9556555.265180 -5911584.296755
-9551336.015989 -5939801.882897
-9547831.779120 -5958613.606992
-9542521.816049 -5986831.193134
-9536585.735900 -6018184.066625
-9531232.369196 -6046401.652767
-9525229.305492 -6077754.526258
-9520975.204924 -6099701.537702
-9517321.339333 -6118513.261796
-9515483.103842 -6127919.123844
-9513029.599300 -6140460.273240
-9511797.781701 -6146730.847939
-9504383.970832 -6184354.296128
-9500005.237072 -6206301.307572
-9499375.796493 -6209436.594921
-9498102.414259 -6215707.169619
-9495542.314756 -6228248.319015
-9493604.054238 -6237654.181063
-9488408.141132 -6262736.479856
-9480531.710014 -6300359.928045
-9477225.478102 -6316036.364791
-9470570.802414 -6347389.238282
-9469899.646959 -6350524.525631
-9463794.378543 -6378742.111773
-9455557.333876 -6416365.559962
-9454178.564936 -6422636.134661
-9450033.324240 -6441447.858755
-9446560.242591 -6457124.295501
-9445158.909662 -6463394.870199
-9440227.501556 -6485341.881643
-9436670.297314 -6501018.318388
-9435957.297456 -6504153.605738
-9429497.932669 -6532371.191880
-9428056.190747 -6538641.766578
-9419386.663713 -6576265.214767
-9418663.406365 -6579400.502116
-9415741.457173 -6591941.651513
-9407697.187326 -6626429.812353
-9404768.753086 -6638970.961749
-9398859.571820 -6664053.260542
-9394417.795242 -6682864.984637
-9389218.341366 -6704811.996081
-9381773.926993 -6736164.869572
-9376521.799899 -6758111.881016
-9368221.924686 -6792600.041856
-9366706.035958 -6798870.616554
-9359845.874233 -6827088.202696
-9359082.770433 -6830223.490045
-9350679.112525 -6864711.650886
-9349130.176581 -6870982.225584
-9344446.007343 -6889793.949679
-9340501.933114 -6905470.386424
-9338911.491069 -6911740.961122
-9336509.161469 -6921146.823170
-9334886.921479 -6927417.397868
-9325859.157279 -6961905.558708
-9317534.694489 -6993258.432199
-9313362.550381 -7008934.868945
-9303325.524091 -7046558.317134
-9300795.193097 -7055964.179182
-9297413.321101 -7068505.328578
-9293160.506811 -7084181.765324
-9285449.831300 -7112399.351466
-9284580.513809 -7115534.638815
-9281962.990186 -7124940.500862
-9271428.582069 -7162563.949052
-9269648.887035 -7168834.523750
-9258823.738130 -7206457.971939
-9257015.033630 -7212728.546637
-9254281.501163 -7222134.408685
-9249667.789464 -7237810.845430
-9244081.895720 -7256622.569525
-9233682.561132 -7291110.730365
-9232729.821767 -7294246.017714
-9224988.072988 -7319328.316507
-9215247.307213 -7350681.189998
-9208392.812151 -7372628.201442
-9204444.792353 -7385169.350839
-9195502.591488 -7413386.936981
-9193488.695967 -7419657.511679
-9186373.271743 -7441604.523123
-9178118.896102 -7466686.821916
-9169738.875406 -7491769.120709
-9168687.018251 -7494904.408058
-9162367.124725 -7513716.132152
-9160245.804393 -7519986.706851
-9147410.715577 -7557610.155040
-9145244.251124 -7563880.729738
-9139812.728236 -7579557.166484
-9137605.776080 -7585827.741182
-9129814.479438 -7607774.752626
-9117553.320479 -7642262.913466
-9107374.670945 -7670480.499608
-9095897.734047 -7701833.373099
-9090082.091115 -7717509.809845
-9086545.291805 -7726915.671892
-9077099.591158 -7751997.970685
-9075917.094344 -7755133.258034
-9065258.521938 -7783350.844176
-9064052.388091 -7786486.131525
-9053062.482596 -7814703.717667
-9041882.430761 -7842921.303809
-9027956.066429 -7877409.464650
-9019065.504245 -7899356.476093
-9010030.813613 -7921303.487537
-9008729.621766 -7924438.774886
-8994322.687231 -7958926.935727
-8979868.422724 -7993415.096567
-8975900.302783 -8002820.958614
-8970538.753903 -8015362.108011
-8969191.625499 -8018497.395360
-8962376.125704 -8034173.832105
-8952802.038698 -8056120.843549
-8947255.944661 -8068661.992946
-8931925.306685 -8103150.153786
-8916515.040265 -8137638.314626
-8906570.995640 -8159585.326070
-8896556.862229 -8181532.337514
-8886345.223500 -8203479.348957
-8868745.075616 -8241102.797147
-8852465.329503 -8275590.957987
-8837557.564569 -8306943.831478
-8836041.948449 -8310079.118827
-8832959.481103 -8316349.693526
-8828309.624353 -8325755.555573
-8820545.230145 -8341431.992318
-8812751.415375 -8357108.429064
-8800065.311016 -8382190.727857
-8796863.025366 -8388461.302555
-8777346.969565 -8426084.750745
-8772380.219882 -8435490.612792
-8759002.138483 -8460572.911585
-8738813.116550 -8498196.359774
-8737103.033701 -8501331.647123
-8733625.801345 -8507602.221822
-8730119.357585 -8513872.796520
-8723076.909994 -8526413.945916
-8708658.250940 -8551496.244709
-8697820.942806 -8570307.968804
-8684899.184247 -8592254.980248
-8664137.707709 -8626743.141088
-8652580.234416 -8645554.865183
-8642904.814934 -8661231.301928
-8636949.480419 -8670637.163975
-8630909.117966 -8680043.026023
-8626794.218192 -8686313.600721
-8606169.696045 -8717666.474212
-8581177.332457 -8755289.922402
-8564011.045599 -8780372.221194
-8557474.863210 -8789778.083242
-8555244.856581 -8792913.370591
-8537358.070571 -8817995.669384
-8523582.485095 -8836807.393479
-8504812.167555 -8861889.692271
-8495323.052088 -8874430.841668
-8488024.521551 -8883836.703715
-8475825.729412 -8899513.140461
-8461018.906943 -8918324.864556
-8445729.358875 -8937136.588650
-8427459.026417 -8959083.600094
-8406451.400804 -8984165.898887
-8401017.551248 -8990436.473585
-8384455.519807 -9009248.197680
-8378771.528484 -9015518.772378
-8358340.993578 -9037465.783822
-8346547.210468 -9050006.933218
-8310176.411037 -9087630.381408
-8288271.765623 -9109577.392851
-8255566.572562 -9140930.266343
-8226020.825827 -9169147.852485
-8222648.941854 -9172283.139834
-8205657.950745 -9187959.576579
-8181397.439609 -9209906.588023
-8174438.191483 -9216177.162721
-8167308.220159 -9222447.737420
-8141290.529031 -9244394.748863
-8114356.078254 -9266341.760307
-8086815.539979 -9288288.771751
-8082790.655600 -9291424.059100
-8057838.090039 -9310235.783195
-8018738.439430 -9338453.369337
-7978233.548067 -9366670.955479
-7940486.224768 -9391753.254272
-7925859.226160 -9401159.116319
-7874836.659895 -9432511.989810
-7854187.824306 -9445053.139207
-7810854.253311 -9470135.438000
-7756351.545755 -9501488.311491
-7690540.409507 -9539111.759680
-7684730.147542 -9542247.047029
-7648430.855192 -9561058.771124
-7580481.439639 -9595546.931964
-7533267.855883 -9617493.943408
-7491188.958234 -9636305.667503
-7414333.382748 -9667658.540994
-7406370.308257 -9670793.828343
-7313761.793722 -9705281.989183
-7269111.565926 -9720958.425929
-7240590.478760 -9730364.287976
-7133711.698671 -9764852.448816
-7102502.819092 -9774258.310864
-7009413.220353 -9799340.609657
-6913805.457265 -9824422.908450
-6804772.070784 -9852640.494592
-6708033.529778 -9874587.506035
-6633075.145851 -9890263.942781
-6582042.703542 -9899669.804828
-6481518.258481 -9915346.241574
-6159818.866558 -9952969.689763
-5843856.620502 -9984322.563254
-5805390.889471 -9987457.850603
-5753348.047855 -9990593.137953
-5690152.712228 -9993728.425302
-5563760.597786 -9996863.712651
-5416302.982037 -9999999.000000
0.000000 -9999999.000000
