2000
174300.518268 -9996675.637089
256861.765019 -9993352.274177
314958.425510 -9990028.911266
362490.460307 -9986705.548355
407305.810161 -9983382.185444
699109.702657 -9956795.282154
987176.768249 -9926885.015952
1211213.562863 -9900298.112662
1420305.516330 -9873711.209372
1487505.489589 -9863741.120638
1648308.163579 -9837154.217348
1846511.562168 -9800597.225324
1979909.283500 -9774010.322034
2071200.370890 -9754070.144566
2185160.034760 -9727483.241276
2212891.847678 -9720836.515454
2352985.511967 -9684279.523430
2388047.181767 -9674309.434696
2500700.996273 -9641075.805583
2564601.116064 -9621135.628116
2646987.114521 -9594548.724826
2716325.283568 -9571285.184447
2725751.077779 -9567961.821535
2734846.337897 -9564638.458624
2778781.087057 -9548021.644068
2795778.465598 -9541374.918245
2887262.235056 -9504817.926221
2895278.378163 -9501494.563310
2951103.042606 -9478231.022931
3020042.231244 -9448320.756730
3101096.343225 -9411763.764706
3144481.977331 -9391823.587238
3222923.103581 -9355266.595214
3297907.301708 -9318709.603190
3371591.424416 -9282152.611167
3384873.351509 -9275505.885344
3442894.966444 -9245595.619143
3480629.778018 -9225655.441675
3511695.235403 -9209038.627119
3553992.688733 -9185775.086740
3595316.652275 -9162511.546361
3601087.147225 -9159188.183450
3629724.547329 -9142571.368893
3668939.410229 -9119307.828514
3712795.617130 -9092720.925224
3718181.343033 -9089397.562313
3744283.678038 -9072780.747757
3749416.542463 -9069457.384845
3769675.820663 -9056163.933200
3814369.684056 -9026253.666999
3853461.251798 -8999666.763709
3867709.297579 -8989696.674975
3910320.476715 -8959786.408774
3947276.671221 -8933199.505484
3956377.332061 -8926552.779661
3969787.037182 -8916582.690927
4013455.494572 -8883349.061815
4061352.636830 -8846792.069791
4100095.250734 -8816881.803589
4108583.861423 -8810235.077767
4121071.060010 -8800264.989033
4133222.656752 -8790294.900299
4161274.363666 -8767031.359920
4200717.329502 -8733797.730808
4231781.983469 -8707210.827517
4258616.073609 -8683947.287139
4300569.230683 -8647390.295115
4337946.356188 -8614156.666002
4367046.715467 -8587569.762712
4396076.248754 -8560982.859422
4399678.624701 -8557659.496510
4439209.153543 -8521102.504487
4477990.311003 -8484545.512463
4485008.130493 -8477898.786640
4519207.456305 -8444665.157527
4552634.142678 -8411431.528415
4575667.744305 -8388167.988036
4601874.892598 -8361581.084746
4633920.717386 -8328347.455633
4652818.304288 -8308407.278166
4658997.931959 -8301760.552343
4662061.850330 -8298437.189432
4677035.588436 -8281820.374875
4691766.784122 -8265203.560319
4715053.214620 -8238616.657029
4726535.002609 -8225323.205384
4755069.662963 -8192089.576271
4780253.255416 -8162179.310070
4783035.228342 -8158855.947159
4810801.326740 -8125622.318046
4824421.349359 -8109005.503490
4848480.104148 -8079095.237288
4874817.879189 -8045861.608175
4887890.195611 -8029244.793619
4903266.111202 -8009304.616152
4930905.493264 -7972747.624128
4958109.249084 -7936190.632104
4962969.976216 -7929543.906281
4979664.210132 -7906280.365902
5005414.258114 -7869723.373878
5016925.101958 -7853106.559322
5030624.421381 -7833166.381854
5037373.814761 -7823196.293121
5057328.862131 -7793286.026919
5079253.485812 -7760052.397807
5098674.697990 -7730142.131605
5111540.841808 -7710201.954138
5134835.396102 -7673644.962114
5143227.631697 -7660351.510469
5166199.620881 -7623794.518445
5174425.995181 -7610501.066800
5196674.550694 -7573944.074776
5218856.248468 -7537387.082752
5234844.009054 -7510800.179462
5250572.718500 -7484213.276171
5256436.320520 -7474243.187438
5273771.623530 -7444332.921236
5292921.457783 -7411099.292124
5304378.118965 -7391159.114656
5315768.784489 -7371218.937188
5319506.260153 -7364572.211366
5323201.495468 -7357925.485543
5341521.864714 -7324691.856431
5357894.834122 -7294781.590229
5368719.025811 -7274841.412762
5379379.385757 -7254901.235294
5384658.492169 -7244931.146560
5400474.119041 -7215020.880359
5405695.829000 -7205050.791625
5422843.939430 -7171817.162512
5426250.551847 -7165170.436690
5441416.955869 -7135260.170489
5459879.684535 -7098703.178465
5471550.890229 -7075439.638086
5474881.102847 -7068792.912263
5489768.293538 -7038882.646062
5494678.731024 -7028912.557328
5510940.068300 -6995678.928215
5515786.763557 -6985708.839482
5528627.601388 -6959121.936191
5534973.774372 -6945828.484546
5552336.193881 -6909271.492522
5553894.525673 -6905948.129611
5560056.952663 -6892654.677966
5561587.846944 -6889331.315055
5578279.851439 -6852774.323031
5591817.619093 -6822864.056830
5593303.180447 -6819540.693918
5608140.353043 -6786307.064806
5619951.358034 -6759720.161515
5622900.455726 -6753073.435693
5630236.835421 -6736456.621137
5640394.599237 -6713193.080758
5649069.278430 -6693252.903290
5661986.161767 -6663342.637089
5676233.702492 -6630109.007976
5680482.086720 -6620138.919242
5687537.035532 -6603522.104686
5693106.571565 -6590228.653041
5694497.282160 -6586905.290130
5698614.772495 -6576935.201396
5702727.347588 -6566965.112662
5713603.100448 -6540378.209372
5714948.127654 -6537054.846461
5717619.172661 -6530408.120638
5721611.592116 -6520438.031904
5729558.926138 -6500497.854437
5741354.726359 -6470587.588235
5745236.496414 -6460617.499502
5758160.679420 -6427383.870389
5760739.510670 -6420737.144566
5762027.428657 -6417413.781655
5770928.661101 -6394150.241276
5773451.409295 -6387503.515454
5778485.298164 -6374210.063809
5779732.255325 -6370886.700897
5792088.131630 -6337653.071785
5803094.834193 -6307742.805583
5809147.444907 -6291125.991027
5816394.125433 -6271185.813559
5818801.491035 -6264539.087737
5825950.510602 -6244598.910269
5827127.351965 -6241275.547358
5835337.544223 -6218012.006979
5841162.664679 -6201395.192423
5851554.530000 -6171484.926221
5854999.222359 -6161514.837488
5865230.339010 -6131604.571286
5871983.332704 -6111664.393819
5877598.379983 -6095047.579262
5884255.041130 -6075107.401795
5896365.161942 -6038550.409771
5904020.926436 -6015286.869392
5908390.846269 -6001993.417747
5917044.834365 -5975406.514457
5920258.282709 -5965436.425723
5928752.977443 -5938849.522433
5939267.777135 -5905615.893320
5945522.046441 -5885675.715852
5950700.122305 -5869058.901296
5958904.685723 -5842471.998006
5966052.693485 -5819208.457627
5971098.138946 -5802591.643071
5982186.157214 -5766034.651047
5987177.543368 -5749417.836491
5995103.867182 -5722830.933200
6003004.684035 -5696244.029910
6013821.749980 -5659687.037886
6022653.102092 -5629776.771685
6025581.142976 -5619806.682951
6035278.735953 -5586573.053838
6041066.232114 -5566632.876371
6048692.674948 -5540045.973081
6059167.838819 -5503488.981057
6062000.408845 -5493518.892323
6064808.918848 -5483548.803589
6065741.107512 -5480225.440678
6074993.774072 -5446991.811565
6084207.142452 -5413758.182453
6085123.592903 -5410434.819541
6094181.594374 -5377201.190429
6097766.533577 -5363907.738784
6107583.365059 -5327350.746760
6117306.946708 -5290793.754736
6126137.200331 -5257560.125623
6128777.865906 -5247590.036889
6131415.734269 -5237619.948156
6133155.779259 -5230973.222333
6137492.091467 -5214356.407777
6146991.653828 -5177799.415753
6154731.175247 -5147889.149551
6161559.960067 -5121302.246261
6169153.427539 -5091391.980060
6172503.396882 -5078098.528415
6174164.263537 -5071451.802592
6179136.331042 -5051511.625125
6187361.961634 -5018277.996012
6196343.383820 -4981721.003988
6205230.257397 -4945164.011964
6210057.162788 -4925223.834497
6213251.340384 -4911930.382851
6214042.309750 -4908607.019940
6221868.638515 -4875373.390828
6228852.848755 -4845463.124626
6234233.398038 -4822199.584247
6241129.256751 -4792289.318046
6243413.280297 -4782319.229312
6244172.199425 -4778995.866401
6249434.063844 -4755732.326022
6256871.471185 -4722498.696909
6264957.326743 -4685941.704885
6272230.121888 -4652708.075773
6279471.926311 -4619474.446660
6283073.539593 -4602857.632104
6287349.499181 -4582917.454636
6290908.986647 -4566300.640080
6297295.515564 -4536390.373878
6301530.452222 -4516450.196411
6306460.628748 -4493186.656032
6308557.751062 -4483216.567298
6311347.915266 -4469923.115653
6312040.973104 -4466599.752742
6316172.563090 -4446659.575274
6317542.363058 -4440012.849452
6320926.463622 -4423396.034895
6321599.636398 -4420072.671984
6324266.223699 -4406779.220339
6327563.493982 -4390162.405783
6330842.895618 -4373545.591226
6333460.715692 -4360252.139581
6340605.051720 -4323695.147557
6344489.235367 -4303754.970090
6349010.904657 -4280491.429711
6352869.728716 -4260551.252243
6356686.562663 -4240611.074776
6358592.889512 -4230640.986042
6364926.444902 -4197407.356929
6369316.323305 -4174143.816550
6374278.367809 -4147556.913260
6376753.920228 -4134263.461615
6381081.356520 -4110999.921236
6382913.541576 -4101029.832502
6388987.051085 -4067796.203390
6391400.312229 -4054502.751745
6396216.105862 -4027915.848455
6400415.870910 -4004652.308076
6404596.946864 -3981388.767697
6405188.927988 -3978065.404786
6405778.263420 -3974742.041874
6406942.464500 -3968095.316052
6407518.689390 -3964771.953141
6408658.172941 -3958125.227318
6414847.482557 -3921568.235294
6417077.692208 -3908274.783649
6419849.552708 -3891657.969093
6424833.189191 -3861747.702891
6429759.922009 -3831837.436690
6430850.975170 -3825190.710867
6432485.669361 -3815220.622134
6438465.735091 -3778663.630110
6444404.476428 -3742106.638086
6445478.009978 -3735459.912263
6448661.376188 -3715519.734796
6452332.156107 -3692256.194417
6453368.704708 -3685609.468594
6455947.887211 -3668992.654038
6460059.986059 -3642405.750748
6464658.806663 -3612495.484546
6468717.641296 -3585908.581256
6470221.668995 -3575938.492522
6471722.103492 -3565968.403789
6476711.589746 -3532734.774676
6482127.951501 -3496177.782652
6484076.228667 -3482884.331007
6488923.340586 -3449650.701894
6492312.198634 -3426387.161515
6492791.039955 -3423063.798604
6493268.711609 -3419740.435693
6497520.542918 -3389830.169492
6501281.369295 -3363243.266201
6502215.785511 -3356596.540379
6505911.932802 -3330009.637089
6510033.941573 -3300099.370887
6512768.217579 -3280159.193420
6515481.958507 -3260219.015952
6518168.429526 -3240278.838485
6520844.706461 -3220338.661017
6521285.110063 -3217015.298106
6523897.224065 -3197075.120638
6526057.218216 -3180458.306082
6530327.111031 -3147224.676969
6534569.279076 -3113991.047856
6539193.105974 -3077434.055833
6541711.884290 -3057493.878365
6543377.858218 -3044200.426720
6545443.863637 -3027583.612164
6547485.273301 -3010966.797607
6548298.567989 -3004320.071785
6550722.139993 -2984379.894317
6551916.056285 -2974409.805583
6556264.087509 -2937852.813559
6557435.404112 -2927882.724826
6560127.300817 -2904619.184447
6560509.194262 -2901295.821535
6561645.312606 -2891325.732802
6563885.798622 -2871385.555334
6565729.164809 -2854768.740778
6566458.116289 -2848122.014955
6567538.997743 -2838151.926221
6570392.175561 -2811565.022931
6572856.005878 -2788301.482552
6574241.172779 -2775008.030907
6577647.525066 -2741774.401795
6577982.530756 -2738451.038883
6581628.338092 -2701894.046859
6584606.690864 -2671983.780658
6585924.301017 -2658690.329013
6589172.674767 -2625456.699900
6591439.451246 -2602193.159521
6592409.409575 -2592223.070788
6592727.682732 -2588899.707876
6593670.435311 -2578929.619143
6595549.919140 -2558989.441675
6596788.883746 -2545695.990030
6598330.091172 -2529079.175474
6601698.782617 -2492522.183450
6603212.571344 -2475905.368893
6605026.133645 -2455965.191426
6607697.351329 -2426054.925224
6607993.163305 -2422731.562313
6610946.335922 -2389497.933200
6611820.434581 -2379527.844467
6612110.814879 -2376204.481555
6613823.584351 -2356264.304088
6615236.179091 -2339647.489531
6616904.880418 -2319707.312064
6618556.020355 -2299767.134596
6621567.037742 -2263210.142572
6623737.413897 -2236623.239282
6626401.873022 -2203389.610169
6628791.172113 -2173479.343968
6630895.651692 -2146892.440678
6633245.809837 -2116982.174477
6635837.809720 -2083748.545364
6637899.850844 -2057161.642074
6640189.354992 -2027251.375872
6642977.075117 -1990694.383848
6644477.513737 -1970754.206381
6646959.101298 -1937520.577268
6649407.245913 -1904286.948156
6651597.696813 -1874376.681954
6653298.043855 -1851113.141575
6653779.094580 -1844466.415753
6655449.454918 -1821202.875374
6657821.430738 -1787969.246261
6660420.159672 -1751412.254237
6662542.121632 -1721501.988036
6664165.998338 -1698238.447657
6664627.124375 -1691591.721834
6666467.845772 -1665004.818544
6667606.485911 -1648388.003988
6669401.900069 -1621801.100698
6671617.923885 -1588567.471585
6674009.046108 -1552010.479561
6675729.291127 -1525423.576271
6676797.419622 -1508806.761715
6678062.335281 -1488866.584247
6679518.456913 -1465603.043868
6679925.171730 -1458956.318046
6680937.306096 -1442339.503490
6681735.858645 -1429046.051844
6682514.004487 -1415752.600199
6682705.764099 -1412429.237288
6682896.599002 -1409105.874377
6684036.062870 -1389165.696909
6684223.203414 -1385842.333998
6684964.387476 -1372548.882353
6686766.712363 -1339315.253240
6688546.063710 -1306081.624128
6689759.501133 -1282818.083749
6690276.797257 -1272847.995015
6691808.087800 -1242937.728814
6693459.258309 -1209704.099701
6693943.664868 -1199734.010967
6695699.782022 -1163177.018943
6697107.943198 -1133266.752742
6698043.989796 -1113326.575274
6698510.649606 -1103356.486540
6700038.931366 -1070122.857428
6701700.076777 -1033565.865404
6703178.480737 -1000332.236291
6704210.193092 -977068.695912
6704357.127740 -973745.333001
6705642.894261 -943835.066800
6706066.060624 -933864.978066
6707563.067125 -897307.986042
6707963.230829 -887337.897308
6709283.602221 -854104.268195
6709677.013254 -844134.179462
6709806.800635 -840810.816550
6710315.161135 -827517.364905
6710438.210272 -824194.001994
6711040.001890 -807577.187438
6711626.112730 -790960.372881
6712443.533638 -767696.832502
6713703.436762 -731139.840479
6714616.151092 -704552.937188
6714955.735411 -694582.848455
6715390.639463 -681289.396810
6716333.024321 -651379.130608
6716432.831122 -648055.767697
6716722.902739 -638085.678963
6717658.672391 -604852.049850
6718122.111661 -588235.235294
6719031.214257 -555001.606181
6719821.427239 -525091.339980
6720170.857344 -511797.888335
6720773.039864 -488534.347956
6721029.786928 -478564.259222
6721610.234236 -455300.718843
6721852.347966 -445330.630110
6722004.012599 -438683.904287
6722731.357650 -405450.275174
6723354.127099 -375540.008973
6723968.939831 -345629.742772
6724440.940030 -322366.202393
6724691.218710 -309072.750748
6724867.010811 -299102.662014
6725215.947820 -279162.484546
6725497.906306 -262545.669990
6725941.983532 -235958.766700
6726049.475408 -229312.040877
6726361.371638 -209371.863410
6726560.488918 -196078.411765
6726887.359156 -172814.871386
6727222.180744 -146227.968096
6727583.011547 -116317.701894
6727690.090198 -106347.613161
6727877.862943 -86407.435693
6728117.675606 -59820.532403
6728322.326718 -33233.629113
6728437.051600 -16616.814556
6728596.009541 9970.088734
6728675.592843 26586.903290
6728703.912797 33233.629113
6728797.209850 66467.258225
6728837.381642 86407.435693
6728843.747557 93054.161515
6728844.406096 112994.338983
6728823.662008 136257.879362
6728806.649638 152874.693918
6728772.075504 169491.508475
6728685.364623 202725.137587
6728603.151431 225988.677966
6728561.330228 235958.766700
6728386.791483 269192.395813
6728325.205466 279162.484546
6728125.827549 305749.387836
6727948.295867 329012.928215
6727746.152411 352276.468594
6727409.156402 388833.460618
6727047.978613 425390.452642
6726975.273284 432037.178465
6726666.855136 458624.081755
6726384.668757 481887.622134
6726221.659103 495181.073779
6725744.332309 531738.065803
6725218.566718 568295.057827
6725068.567838 578265.146560
6724861.518501 591558.598205
6724263.038493 628115.590229
6723749.558671 658025.856431
6723383.411332 677966.033898
6722990.769416 697906.211366
6722287.750167 731139.840479
6721987.076862 744433.292124
6721682.862190 757726.743769
6720966.491238 787637.009970
6720883.348483 790960.372881
6719939.502191 827517.364905
6719678.095430 837487.453639
6719144.626729 857427.631107
6718328.433661 887337.897308
6718041.698928 897307.986042
6717841.639936 903954.711864
6717135.196997 927218.252243
6716425.635224 950481.792622
6715593.311447 977068.695912
6714953.008811 997008.873380
6714406.029182 1013625.687936
6713491.525492 1040212.591226
6712219.316913 1076769.583250
6711987.111090 1083416.309073
6710821.605448 1116649.938185
6710227.656297 1133266.752742
6708881.518118 1169823.744766
6708507.658287 1179793.833500
6707117.079837 1216350.825523
6706989.315646 1219674.188435
6705698.187462 1252907.817547
6705564.123922 1256231.180459
6704480.801213 1282818.083749
6704342.228941 1286141.446660
6703768.064561 1299434.898305
6702296.454033 1332668.527418
6700652.764967 1369225.519442
6700353.005803 1375872.245264
6698694.354874 1412429.237288
6697308.685700 1442339.503490
6696365.819283 1462279.680957
6694780.728094 1495513.310070
6694303.835471 1505483.398804
6692832.153526 1535393.665005
6691502.086589 1561980.568295
6689793.789331 1595214.197408
6688591.573039 1618477.737787
6688417.995732 1621801.100698
6687360.024501 1641741.278166
6687180.481494 1645064.641077
6685523.184853 1674974.907278
6684958.302051 1684944.996012
6683440.864851 1711531.899302
6683249.798813 1714855.262213
6681320.637475 1748088.891326
6679755.079895 1774675.794616
6679161.039862 1784645.883350
6678557.246726 1794615.972084
6676737.497898 1824526.238285
6675717.219762 1841143.052841
6673416.192581 1877700.044865
6671089.467570 1914257.036889
6670657.063003 1920903.762712
6670223.720659 1927550.488534
6670005.172635 1930873.851446
6667810.300298 1964107.480558
6667367.565832 1970754.206381
6666702.053141 1980724.295115
6666025.238062 1990694.383848
6664890.137794 2007311.198405
6663264.604303 2030574.738784
6661144.777264 2060485.004985
6659714.465696 2080425.182453
6658275.595684 2100365.359920
6657052.716365 2116982.174477
6654357.132306 2153539.166500
6653857.464953 2160185.892323
6652856.214681 2173479.343968
6650055.290084 2210036.335992
6649795.849148 2213359.698903
6648484.172046 2229976.513460
6645587.855135 2266533.505484
6642940.335836 2299767.134596
6640787.440134 2326354.037886
6639155.283376 2346294.215354
6636136.231849 2382851.207378
6634177.442018 2406114.747757
6633614.852555 2412761.473579
6632756.257840 2422731.562313
6631591.779158 2436025.013958
6630409.520775 2449318.465603
6628333.639993 2472582.005982
6627135.526761 2485875.457627
6625329.419863 2505815.635095
6623493.448090 2525755.812562
6621651.489409 2545695.990030
6621343.997094 2549019.352941
6619469.026106 2568959.530409
6618836.002497 2575606.256231
6618201.972910 2582252.982054
6616927.872983 2595546.433699
6616605.311801 2598869.796610
6616279.714753 2602193.159521
6613638.394184 2628780.062812
6612971.954117 2635426.788634
6611618.638077 2648720.240279
6609560.962323 2668660.417747
6605748.917948 2705217.409771
6605397.718927 2708540.772682
6602204.264343 2738451.038883
6599687.684387 2761714.579262
6599324.517159 2765037.942173
6595682.377997 2798271.571286
6593468.761376 2818211.748754
6591236.189355 2838151.926221
6589346.635720 2854768.740778
6585916.774039 2884679.006979
6585153.519080 2891325.732802
6582474.676967 2914589.273180
6581700.758640 2921235.999003
6577408.879845 2957792.991027
6577016.025354 2961116.353938
6575038.300791 2977733.168495
6571039.663381 3010966.797607
6566986.792105 3044200.426720
6564538.736160 3064140.604187
6560447.734317 3097374.233300
6560035.354704 3100697.596211
6555878.660685 3133931.225324
6552098.011730 3163841.491525
6550400.036874 3177134.943170
6548695.409881 3190428.394816
6544819.966596 3220338.661017
6542639.004334 3236955.475573
6539140.494717 3263542.378863
6535154.045455 3293452.645065
6530244.425099 3330009.637089
6526212.167505 3359919.903290
6524859.564693 3369889.992024
6521659.569052 3393153.532403
6518882.280394 3413093.709870
6514241.946983 3446327.338983
6513306.952507 3452974.064806
6510488.072176 3472914.242273
6509546.125086 3479560.968096
6508124.484950 3489531.056830
6505722.957882 3506147.871386
6502315.538419 3529411.411765
6498879.142308 3552674.952144
6493446.444210 3589231.944167
6492951.967861 3592555.307079
6491457.810456 3602525.395813
6485926.549683 3639082.387836
6482873.369657 3659022.565304
6480316.955403 3675639.379860
6476221.845689 3702226.283151
6473125.000443 3722166.460618
6468951.905885 3748753.363908
6465266.057377 3772016.904287
6459944.972200 3805250.533400
6456176.698336 3828514.073779
6455096.302244 3835160.799601
6452379.658845 3851777.614158
6448007.897439 3878364.517448
6444151.690470 3901628.057827
6441368.704796 3918244.872383
6439139.769301 3931538.324028
6435769.546715 3951478.501496
6434633.289991 3958125.227318
6432337.488360 3971418.678963
6429438.433747 3988035.493519
6428264.379814 3994682.219342
6422957.388442 4024592.485543
6422363.085778 4027915.848455
6421762.116035 4031239.211366
6418132.148779 4051179.388834
6414473.866255 4071119.566301
6413860.765890 4074442.929212
6412007.174111 4084413.017946
6406421.794222 4114323.284148
6399580.146985 4150880.276171
6393326.118225 4184113.905284
6389544.708940 4204054.082752
6383179.833368 4237287.711864
6376116.909984 4273844.703888
6375469.192882 4277168.066800
6374820.061680 4280491.429711
6374163.824653 4283814.792622
6372839.895421 4290461.518445
6370180.523726 4303754.970090
6364183.952079 4333665.236291
6360138.360098 4353605.413759
6358111.187309 4363575.502493
6356070.838722 4373545.591226
6351284.283324 4396809.131605
6348534.334821 4410102.583250
6347145.982005 4416749.309073
6340830.936466 4446659.575274
6337993.998871 4459953.026919
6330116.904389 4496510.018943
6325098.844033 4519773.559322
6323657.428759 4526420.285145
6317873.258836 4553007.188435
6315699.557237 4562977.277168
6309847.080753 4589564.180459
6309106.894821 4592887.543370
6302409.664991 4622797.809571
6300150.981152 4632767.898305
6297887.490458 4642737.987039
6292577.877507 4666001.527418
6287228.646611 4689265.067797
6285687.263539 4695911.793619
6278684.514774 4725822.059821
6274001.144255 4745762.237288
6273218.926016 4749085.600199
6266141.560449 4778995.866401
6261373.070963 4798936.043868
6257382.462229 4815552.858425
6252578.496866 4835493.035892
6246950.087043 4858756.576271
6242100.135500 4878696.753739
6234740.026071 4908607.019940
6228142.091922 4935193.923230
6223987.728118 4951810.737787
6216446.308404 4981721.003988
6213080.350109 4995014.455633
6209674.980446 5008307.907278
6205409.248073 5024924.721834
6200263.204991 5044864.899302
6198542.400656 5051511.625125
6192481.199733 5074775.165503
6184596.891472 5104685.431705
6181062.917339 5117978.883350
6180173.785098 5121302.246261
6178376.553388 5127948.972084
6174766.794334 5141242.423729
6167493.401209 5167829.327019
6162003.460611 5187769.504487
6154675.753546 5214356.407777
6145496.619906 5247590.036889
6138145.499373 5274176.940179
6137215.789446 5277500.303091
6134396.781561 5287470.391825
6129673.312454 5304087.206381
6127777.866288 5310733.932203
6125870.236923 5317380.658026
6122038.634945 5330674.109671
6116248.041425 5350614.287139
6110438.823648 5370554.464606
6107499.772877 5380524.553340
6098654.194295 5410434.819541
6095702.501708 5420404.908275
6088733.331416 5443668.448654
6084729.462411 5456961.900299
6078710.709684 5476902.077767
6076682.709873 5483548.803589
6070572.375172 5503488.981057
6066481.170440 5516782.432702
6065451.707826 5520105.795613
6063390.551921 5526752.521436
6060282.021788 5536722.610169
6056123.806799 5550016.061815
6051938.413679 5563309.513460
6040416.067796 5599866.505484
6039364.015728 5603189.868395
6037253.030262 5609836.594217
6035137.441791 5616483.320040
6032998.650586 5623130.045862
6025471.860245 5646393.586241
6024390.704016 5649716.949153
6017889.537135 5669657.126620
6008041.002628 5699567.392822
6005825.782664 5706214.118644
5996886.310124 5732801.021934
5987837.297928 5759387.925224
5979910.623523 5782651.465603
5967398.977385 5819208.457627
5962813.722704 5832501.909272
5958197.692760 5845795.360917
5950019.657380 5869058.901296
5944145.353565 5885675.715852
5938231.303522 5902292.530409
5927513.819969 5932202.796610
5921539.471428 5948819.611167
5919130.742686 5955466.336989
5913054.036869 5972083.151545
5905695.307639 5992023.329013
5892111.607898 6028580.321037
5888381.441801 6038550.409771
5880878.202803 6058490.587238
5875858.771059 6071784.038883
5868294.884543 6091724.216351
5863246.480441 6105017.667996
5861982.923803 6108341.030907
5854392.836211 6128281.208375
5851845.212198 6134927.934197
5839062.782955 6168161.563310
5824854.449204 6204718.555334
5811770.986538 6237952.184447
5799856.990952 6267862.450648
5786541.082755 6301096.079761
5785198.440873 6304419.442672
5778421.266137 6321036.257228
5763475.996477 6357593.249252
5748369.508809 6394150.241276
5735980.060340 6424060.507478
5724887.740251 6450647.410768
5716548.490249 6470587.588235
5709582.381101 6487204.402792
5695599.736814 6520438.031904
5684345.905049 6547024.935194
5672954.801442 6573611.838485
5668657.047267 6583581.927218
5662856.171845 6596875.378863
5651139.670940 6623462.282154
5645223.181952 6636755.733799
5640758.179790 6646725.822532
5636254.044518 6656695.911266
5621069.955889 6689929.540379
5611913.514806 6709869.717846
5605786.069773 6723163.169492
5594981.296013 6746426.709870
5590303.318591 6756396.798604
5574630.182087 6789630.427717
5569898.015997 6799600.516451
5552479.708608 6836157.508475
5546088.324834 6849450.960120
5538036.717409 6866067.774676
5526690.867110 6889331.315055
5510418.900930 6922564.944168
5497211.999876 6949151.847458
5492206.736109 6959121.936191
5487181.487154 6969092.024925
5478738.810425 6985708.839482
5459888.606460 7022265.831505
5444361.145425 7052176.097707
5435676.043034 7068792.912263
5419827.859358 7098703.178465
5400431.254796 7135260.170489
5398655.753117 7138583.533400
5391534.113382 7151876.985045
5378914.682543 7175140.525424
5367991.718919 7195080.702891
5362444.940939 7205050.791625
5354964.656104 7218344.243270
5335966.522760 7251577.872383
5320746.070957 7278164.775673
5315013.593037 7288134.864407
5301461.584053 7311398.404786
5289811.552698 7331338.582253
5268168.599895 7367895.574277
5266198.148293 7371218.937188
5256213.255631 7387835.751745
5234147.735497 7424392.743769
5224087.835660 7441009.558325
5222066.762134 7444332.921236
5199632.556768 7480889.913260
5179050.934591 7514123.542373
5160470.817763 7544033.808574
5152174.967274 7557327.260219
5141660.285997 7573944.074776
5130963.724686 7590560.889332
5111649.332433 7620471.155533
5096603.370908 7643734.695912
5090114.268365 7653704.784646
5076906.761191 7673644.962114
5059268.489070 7700231.865404
5052589.915120 7710201.954138
5029962.993552 7743435.583250
5011712.272117 7770022.486540
4988785.674923 7803256.115653
4963440.806400 7839813.107677
4944823.029806 7866400.010967
4925921.270953 7892986.914257
4913986.648597 7909603.728814
4887459.322388 7946160.720837
4875338.963803 7962777.535394
4858072.922273 7986041.075773
4848137.097775 7999334.527418
4835517.722131 8015951.341974
4830397.038530 8022598.067797
4822702.137006 8032568.156530
4802033.169394 8059155.059821
4791507.773173 8072448.511466
4788871.563139 8075771.874377
4778148.740487 8089065.326022
4772777.272058 8095712.051844
4756448.738871 8115652.229312
4726284.460243 8152209.221336
4712388.015205 8168826.035892
4706775.326908 8175472.761715
4675231.683958 8212029.753739
4643372.703743 8248586.745763
4613760.297430 8281820.374875
4589578.775016 8308407.278166
4565093.096095 8334994.181456
4543532.708487 8358257.721835
4537333.448225 8364904.447657
4531081.260833 8371551.173480
4502581.953256 8401461.439681
4483206.709176 8421401.617149
4479934.451821 8424724.980060
4459946.278357 8444665.157527
4439912.927449 8464605.334995
4416001.000969 8487868.875374
4412529.014585 8491192.238285
4391249.510717 8511132.415753
4376995.209781 8524425.867398
4358829.643984 8541042.681954
4351491.929401 8547689.407777
4344007.148442 8554336.133599
4332608.921664 8564306.222333
4305602.158734 8587569.762712
4262610.138182 8624126.754736
4234744.078420 8647390.295115
4214626.765752 8664007.109671
4173736.542275 8697240.738784
4169579.876864 8700564.101695
4122826.856150 8737121.093719
4114229.621311 8743767.819541
4096936.867728 8757061.271186
4066236.145066 8780324.811565
4048487.362058 8793618.263210
4007349.470152 8823528.529412
3984075.015305 8840145.343968
3941129.924231 8870055.610169
3921922.857826 8883349.061815
3878570.307070 8913259.328016
3834941.920353 8943169.594217
3795534.694785 8969756.497507
3765196.070801 8989696.674975
3744206.794596 9002990.126620
3696157.547134 9032900.392822
3690743.280249 9036223.755733
3679837.711404 9042870.481555
3663061.954509 9052840.570289
3600871.294398 9089397.562313
3566697.521357 9109337.739781
3549482.997114 9119307.828514
3485888.171813 9155864.820538
3431612.239378 9185775.086740
3413085.009591 9195745.175474
3357279.673811 9225655.441675
3299136.609983 9255565.707876
3279341.395805 9265535.796610
3217855.120522 9295446.062812
3162466.458405 9322032.966102
3148302.332661 9328679.691924
3125930.663086 9338649.780658
3041463.015918 9375206.772682
3033508.502720 9378530.135593
2993324.018235 9395146.950150
2950714.052294 9411763.764706
2862595.567048 9444997.393819
2798742.101647 9468260.934197
2697210.491166 9504817.926221
2649061.252229 9521434.740778
2600612.406198 9538051.555334
2570416.078271 9548021.644068
2505854.544507 9567961.821535
2425547.422137 9591225.361914
2401169.222368 9597872.087737
2323164.690371 9617812.265204
2256496.794151 9634429.079761
2117219.999682 9667662.708873
2086339.042543 9674309.434696
1965094.575218 9697572.975075
1928848.993792 9704219.700897
1743325.744164 9737453.330010
1644722.505795 9754070.144566
1403496.612086 9790627.136590
1268128.878108 9810567.314058
1166134.538175 9823860.765703
981640.609221 9847124.306082
805756.763096 9867064.483549
619418.946307 9887004.661017
434895.160575 9903621.475573
190453.665019 9923561.653041
3163.840276 9936855.104686
-397338.891603 9956795.282154
-1652293.813295 9990028.911266
-2279777.127852 9999999.000000
-3300816.931493 9996754.353991
-3545862.963898 9990265.061973
-3902024.355060 9974041.831927
-3950640.807623 9970797.185918
-4238885.880311 9944840.017846
-4309290.002632 9938350.725827
-4438236.331022 9925372.141791
-4581334.560794 9909148.911746
-4749899.950844 9889681.035691
-4883038.004266 9873457.805646
-5003587.915467 9857234.575600
-5190573.809151 9831277.407528
-5303974.475319 9815054.177482
-5549810.754834 9779363.071382
-5628814.717795 9766384.487346
-5702135.136038 9753405.903310
-5783102.537984 9737182.673264
-5797743.681222 9733938.027255
-5838176.783107 9724204.089228
-5890695.938068 9711225.505191
-6016576.619220 9678779.045101
-6064178.178665 9665800.461064
-6153129.906726 9639843.292992
-6239558.076940 9613886.124919
-6259868.010277 9607396.832901
-6309974.102951 9591173.602855
-6368557.837435 9571705.726801
-6470713.521171 9536014.620701
-6514473.032525 9519791.390655
-6564393.884251 9500323.514601
-6588950.247579 9490589.576574
-6653049.838574 9464632.408501
-6676960.807622 9454898.470474
-6731886.556921 9432185.948410
-6784106.907899 9409473.426347
-6850918.072093 9380271.612265
-6865479.256118 9373782.320247
-6893263.675876 9360803.736210
-6941224.851801 9338091.214147
-7013008.080618 9302400.108047
-7062840.696669 9276442.939974
-7069018.663029 9273198.293965
-7092849.922088 9260219.709929
-7098784.223611 9256975.063920
-7104603.639914 9253730.417910
-7133366.424818 9237507.187865
-7139032.145117 9234262.541856
-7155410.552806 9224528.603829
-7187239.127709 9205060.727774
-7192433.372301 9201816.081765
-7207594.468887 9192082.143738
-7241699.441763 9169369.621674
-7270369.616524 9149901.745620
-7284613.253758 9140167.807592
-7312304.775853 9120699.931538
-7343543.056090 9097987.409474
-7347965.721764 9094742.763465
-7352260.092000 9091498.117456
-7398163.897589 9055807.011356
-7406463.103496 9049317.719338
-7434870.580316 9026605.197274
-7438841.193520 9023360.551265
-7442779.887286 9020115.905256
-7477483.294980 8990914.091175
-7485114.879538 8984424.799156
-7519279.058573 8955222.985075
-7530608.386270 8945489.047047
-7534375.112406 8942244.401038
-7564125.928981 8916287.232966
-7571378.944996 8909797.940947
-7596269.007002 8887085.418884
-7620564.995391 8864372.896820
-7651288.307860 8835171.082738
-7681443.059197 8805969.268657
-7697779.007640 8789746.038611
-7733475.501410 8754054.932511
-7746254.505152 8741076.348475
-7768131.412824 8718363.826411
-7796197.736279 8689162.012330
-7824022.011587 8659960.198248
-7836152.545028 8646981.614212
-7866350.715572 8614535.154121
-7884094.046819 8595067.278066
-7916355.458855 8559376.171966
-7922102.542884 8552886.879948
-7944678.792791 8526929.711875
-7961311.999031 8507461.835821
-7975145.821174 8491238.605775
-8002438.332201 8458792.145685
-8018471.266658 8439324.269630
-8045040.894801 8406877.809539
-8066256.363522 8380920.641467
-8089767.225456 8351718.827385
-8094905.271729 8345229.535367
-8115084.675864 8319272.367294
-8117566.456772 8316027.721285
-8142207.405061 8283581.261194
-8144662.741951 8280336.615185
-8164029.617536 8254379.447112
-8173662.234383 8241400.863076
-8192893.800226 8215443.695003
-8209692.053305 8192731.172940
-8235906.152253 8157040.066840
-8254872.131427 8131082.898767
-8261947.658679 8121348.960740
-8268962.742368 8111615.022713
-8287416.795706 8085657.854640
-8289711.896194 8082413.208631
-8296471.624737 8072679.270603
-8303220.138930 8062945.332576
-8316540.081004 8043477.456522
-8334012.449562 8017520.288449
-8346927.819649 7998052.412395
-8357520.320656 7981829.182349
-8368096.049854 7965605.952304
-8382785.633965 7942893.430240
-8384851.552608 7939648.784231
-8390982.417657 7929914.846204
-8401153.382044 7913691.616158
-8409240.331622 7900713.032122
-8431445.416208 7865021.926022
-8435427.749047 7858532.634004
-8437392.073421 7855287.987995
-8449037.951987 7835820.111940
-8458728.426700 7819596.881895
-8474095.931859 7793639.713822
-8495040.345934 7757948.607722
-8515954.045161 7722257.501622
-8521632.775287 7712523.563595
-8529149.392485 7699544.979559
-8545842.723085 7670343.165477
-8554984.648614 7654119.935432
-8556805.227578 7650875.289422
-8563995.191176 7637896.705386
-8581793.871472 7605450.245295
-8599468.419701 7573003.785204
-8602954.525885 7566514.493186
-8620360.960439 7534068.033095
-8630747.316953 7514600.157041
-8644425.787897 7488642.988968
-8659688.685875 7459441.174886
-8676601.434279 7426994.714796
-8693399.999230 7394548.254705
-8711704.874570 7358857.148605
-8726581.483177 7329655.334523
-8736406.989306 7310187.458469
-8751067.117801 7280985.644387
-8755934.439595 7271251.706359
-8767261.524545 7248539.184296
-8776893.961298 7229071.308241
-8794483.969507 7193380.202141
-8808670.426108 7164178.388060
-8810240.565240 7160933.742051
-8811796.537748 7157689.096042
-8822604.461468 7134976.573978
-8834830.340599 7109019.405905
-8842442.299318 7092796.175860
-8851449.868792 7073328.299805
-8854444.806058 7066839.007787
-8860397.009389 7053860.423751
-8866304.487569 7040881.839714
-8867773.974539 7037637.193705
-8873629.923039 7024658.609669
-8876546.960502 7018169.317651
-8877996.434338 7014924.671642
-8883765.631639 7001946.087605
-8899591.686996 6966254.981506
-8903876.020543 6956521.043478
-8919565.898532 6920829.937378
-8923834.433762 6911095.999351
-8936561.632114 6881894.185269
-8949226.623978 6852692.371188
-8964555.661864 6817001.265088
-8972816.076091 6797533.389033
-8983710.957899 6771576.220960
-8998619.533951 6735885.114860
-9010788.207626 6706683.300779
-9014805.770962 6696949.362751
-9025480.983053 6670992.194679
-9028115.110491 6664502.902661
-9030715.212228 6658013.610642
-9033303.098111 6651524.318624
-9042328.821267 6628811.796561
-9048723.081789 6612588.566515
-9056324.840133 6593120.690461
-9068833.463260 6560674.230370
-9081183.978922 6528227.770279
-9092261.072300 6499025.956197
-9098358.666562 6482802.726152
-9111757.989696 6447111.620052
-9125141.953042 6411420.513952
-9129964.482984 6398441.929916
-9139565.595023 6372484.761843
-9152602.881275 6336793.655743
-9154957.221839 6330304.363725
-9157300.927795 6323815.071707
-9165430.135398 6301102.549643
-9167724.201612 6294613.257625
-9173440.095282 6278390.027579
-9179098.687372 6262166.797534
-9190302.782642 6229720.337443
-9200330.501224 6200518.523361
-9210324.834569 6171316.709280
-9219130.178176 6145359.541207
-9227877.230618 6119402.373134
-9235471.945379 6096689.851071
-9246190.861130 6064243.390980
-9257904.191974 6028552.284880
-9260010.670004 6022062.992862
-9263136.035063 6012329.054835
-9274496.168551 5976637.948735
-9275525.539741 5973393.302725
-9277575.342345 5966904.010707
-9284710.774676 5944191.488644
-9288774.906246 5931212.904607
-9299854.745560 5895521.798507
-9300852.241763 5892277.152498
-9304825.018722 5879298.568462
-9308793.507663 5866319.984426
-9319589.765526 5830628.878326
-9321531.704119 5824139.586308
-9326360.528104 5807916.356262
-9335033.757713 5778714.542180
-9344578.052930 5746268.082090
-9352164.548534 5720310.914017
-9358725.043548 5697598.391953
-9366206.737481 5671641.223881
-9368979.602576 5661907.285853
-9378143.950455 5629460.825762
-9388149.818186 5593769.719663
-9397149.745529 5561323.259572
-9403436.305515 5538610.737508
-9407009.576391 5525632.153472
-9409675.325801 5515898.215444
-9414094.705518 5499674.985399
-9415854.964931 5493185.693381
-9424628.278066 5460739.233290
-9432490.813496 5431537.419208
-9434225.117909 5425048.127190
-9437653.514344 5412069.543154
-9443596.272689 5389357.021090
-9450359.285048 5363399.853018
-9457919.489815 5334198.038936
-9458755.077921 5330953.392927
-9466243.597892 5301751.578845
-9471209.596142 5282283.702790
-9476942.276428 5259571.180727
-9478566.379445 5253081.888709
-9487489.499986 5217390.782609
-9489920.504848 5207656.844581
-9493154.992960 5194678.260545
-9499569.443442 5168721.092472
-9502769.888648 5155742.508436
-9506761.987803 5139519.278391
-9512292.093058 5116806.756327
-9513865.447804 5110317.464309
-9520870.983424 5081115.650227
-9527078.374670 5055158.482154
-9527846.936529 5051913.836145
-9528609.009961 5048669.190136
-9535438.647042 5019467.376054
-9539192.856962 5003244.146009
-9545871.981197 4974042.331927
-9551783.805978 4948085.163855
-9555470.852185 4931861.933809
-9561363.859752 4905904.765737
-9562832.420896 4899415.473718
-9568700.423137 4873458.305646
-9574512.511841 4847501.137573
-9575236.706457 4844256.491564
-9578815.490119 4828033.261518
-9580937.705600 4818299.323491
-9586536.794730 4792342.155419
-9588611.877270 4782608.217391
-9589984.924058 4776118.925373
-9591353.558601 4769629.633355
-9594734.950718 4753406.403310
-9598098.201684 4737183.173264
-9600092.373197 4727449.235237
-9603380.290529 4711226.005191
-9604036.453286 4707981.359182
-9607292.500121 4691758.129137
-9608587.878629 4685268.837119
-9609877.646361 4678779.545101
-9614975.386169 4652822.377028
-9618123.490868 4636599.146982
-9621261.296309 4620375.916937
-9622508.209367 4613886.624919
-9624374.487765 4604152.686892
-9629948.835516 4574950.872810
-9634892.954385 4548993.704737
-9637354.183141 4536015.120701
-9642867.657014 4506813.306619
-9646515.091217 4487345.430565
-9650737.695981 4464632.908501
-9654313.290219 4445165.032446
-9657869.107709 4425697.156392
-9659043.885463 4419207.864374
-9663711.680995 4393250.696301
-9664293.204927 4390006.050292
-9669480.302766 4360804.236210
-9675230.844257 4328357.776119
-9678090.031583 4312134.546074
-9679228.577092 4305645.254056
-9680358.182694 4299155.962038
-9685999.843914 4266709.501947
-9692149.828396 4231018.395847
-9694910.615025 4214795.165801
-9697652.611499 4198571.935756
-9703657.543437 4162880.829656
-9708553.860938 4133679.015574
-9713394.407009 4104477.201493
-9716077.428596 4088253.971447
-9718216.454011 4075275.387411
-9720350.560122 4062296.803374
-9726205.842680 4026605.697274
-9731479.872272 3994159.237184
-9735660.147493 3968202.069111
-9737220.477757 3958468.131084
-9742373.289180 3926021.670993
-9746476.300501 3900064.502920
-9751070.603596 3870862.688838
-9755120.975173 3844905.520766
-9760624.891825 3809214.414666
-9764599.375362 3783257.246593
-9768550.305684 3757300.078520
-9771970.440192 3734587.556457
-9777293.632306 3698896.450357
-9781643.739157 3669694.636275
-9785487.290705 3643737.468202
-9788838.243578 3621024.946139
-9792144.822992 3598312.424075
-9794944.680527 3578844.548021
-9795871.129169 3572355.256003
-9800474.978692 3539908.795912
-9801849.337485 3530174.857884
-9805024.573125 3507462.335821
-9806827.750658 3494483.751785
-9807719.262407 3487994.459766
-9810380.412492 3468526.583712
-9811697.648718 3458792.645685
-9815192.554762 3432835.477612
-9816057.449551 3426346.185594
-9819080.727274 3403633.663530
-9819943.420376 3397144.371512
-9820799.523253 3390655.079494
-9821225.384086 3387410.433485
-9822493.136213 3377676.495457
-9826247.456817 3348474.681376
-9830408.085159 3316028.221285
-9832063.679408 3303049.637249
-9833287.591843 3293315.699221
-9834506.672422 3283581.761194
-9838522.108958 3251135.301103
-9840902.607704 3231667.425049
-9843257.651584 3212199.548994
-9846368.126750 3186242.380921
-9847529.812549 3176508.442894
-9849452.808842 3160285.212849
-9850218.858489 3153795.920831
-9853253.740874 3127838.752758
-9854007.241988 3121349.460740
-9856633.556542 3098636.938676
-9857752.879573 3088903.000649
-9859963.532637 3069435.124594
-9861065.757085 3059701.186567
-9864344.565090 3030499.372485
-9867941.408027 2998052.912395
-9870794.288199 2972095.744322
-9874350.159950 2939649.284231
-9878227.927453 2903958.178131
-9881717.544016 2871511.718040
-9882062.447944 2868267.072031
-9882741.144612 2861777.780013
-9885088.418941 2839065.257949
-9888061.257330 2809863.443868
-9889360.576468 2796884.859831
-9890967.337886 2780661.629786
-9894469.514502 2744970.523686
-9896670.508701 2722258.001622
-9899765.568771 2689811.541531
-9901305.735648 2673588.311486
-9903136.296226 2654120.435432
-9905534.069824 2628163.267359
-9907594.681155 2605450.745295
-9908176.643440 2598961.453277
-9911361.476017 2563270.347177
-9913928.162066 2534068.533095
-9916460.214824 2504866.719014
-9918409.438389 2482154.196950
-9919230.468197 2472420.258923
-9921132.843067 2449707.736859
-9922214.195242 2436729.152823
-9924612.988918 2407527.338741
-9925138.464516 2401038.046723
-9926179.949805 2388059.462687
-9928769.483491 2355613.002596
-9929539.263400 2345879.064568
-9932067.517374 2313432.604478
-9932571.287336 2306943.312459
-9932818.479456 2303698.666450
-9935522.138948 2268007.560350
-9936003.433847 2261518.268332
-9936241.285285 2258273.622323
-9937179.669285 2245295.038287
-9939488.509600 2212848.578196
-9940631.352615 2196625.348151
-9942434.014975 2170668.180078
-9944437.095914 2141466.365996
-9946865.035000 2105775.259896
-9947300.957979 2099285.967878
-9947735.042895 2092796.675860
-9948167.290788 2086307.383842
-9950067.022794 2057105.569760
-9950480.956662 2050616.277742
-9952302.620488 2021414.463660
-9954276.672051 1988968.003569
-9956223.500282 1956521.543478
-9958134.095171 1924075.083387
-9958880.257026 1911096.499351
-9959622.808975 1898117.915315
-9961470.168459 1865671.455224
-9962915.625454 1839714.287151
-9964328.720651 1813757.119078
-9964679.301382 1807267.827060
-9965540.061559 1791044.597015
-9965710.422484 1787799.951006
-9967055.416695 1761842.782933
-9968042.721058 1742374.906879
-9969021.994476 1722907.030824
-9970609.561845 1690460.570733
-9972034.367137 1661258.756651
-9972817.029461 1645035.526606
-9974181.852602 1615833.712524
-9975667.289116 1583387.252433
-9976252.607301 1570408.668397
-9976539.958117 1563919.376379
-9977533.311635 1541206.854315
-9978654.441174 1515249.686243
-9979195.601414 1502271.102206
-9980405.282938 1473069.288125
-9981059.723548 1456846.058079
-9981439.204653 1447112.120052
-9982190.265463 1427644.243997
-9983562.383232 1391953.137897
-9983923.444148 1382219.199870
-9985100.707712 1349772.739779
-9985217.996426 1346528.093770
-9986249.974686 1317326.279688
-9987487.243712 1281635.173589
-9988690.889474 1245944.067489
-9989008.687731 1236210.129461
-9989113.312890 1232965.483452
-9989918.957403 1207008.315380
-9990116.017458 1200519.023361
-9990303.514909 1194029.731343
-9990574.341337 1184295.793316
-9990842.564379 1174561.855289
-9991627.716036 1145360.041207
-9992308.289641 1119402.873134
-9992897.725274 1096690.351071
-9992978.032948 1093445.705062
-9993582.426063 1067488.536989
-9994033.126901 1048020.660934
-9994391.425136 1031797.430889
-9994462.652823 1028552.784880
-9995208.160542 992861.678780
-9995523.299496 976638.448735
-9995770.236637 963659.864698
-9996294.814665 934458.050616
-9996743.875647 908500.882544
-9996853.557064 902011.590526
-9996905.384374 898766.944517
-9997348.594206 869565.130435
-9997489.878671 859831.192408
-9997845.997343 833874.024335
-9998062.123247 817650.794289
-9998316.316449 798182.918235
-9998395.031459 791693.626217
-9998467.732576 785204.334199
-9998680.682284 765736.458144
-9998992.662995 733289.998053
-9999266.016805 700843.537962
-9999514.792616 665152.431862
-9999577.493321 655418.493835
-9999793.242345 619727.387735
-9999826.465647 613238.095717
-9999949.705617 580791.635626
-9999973.496164 574302.343608
-9999981.961870 571057.697599
-9999992.892042 564568.405581
-9999999.000000 554834.467554
-9999972.210670 522388.007463
-9999958.065866 509409.423426
-9999944.135122 502920.131408
-9999922.488135 496430.839390
-9999829.040820 470473.671317
-9999693.042914 441271.857236
-9999566.255154 418559.335172
-9999424.457004 395846.813108
-9999252.108064 369889.645036
-9998967.938809 334198.538936
-9998802.639165 314730.662881
-9998770.367880 311486.016872
-9998363.424891 275794.910772
-9998080.403184 253082.388709
-9997588.375407 217391.282609
-9997341.072177 201168.052563
-9996812.038618 168721.592472
-9996324.284913 139519.778391
-9995809.400002 110317.964309
-9995577.115887 97339.380273
-9995226.104640 77871.504218
-9994931.440873 61648.274173
-9994564.914973 42180.398118
-9994308.491149 29201.814082
-9993570.104800 -6489.292018
-9993162.169317 -25957.168073
-9992447.732699 -58403.628164
-9991838.150946 -84360.796236
-9991132.907746 -113562.610318
-9990974.456309 -120051.902336
-9990470.525503 -139519.778391
-9989876.540292 -162232.300454
-9989447.931369 -178455.530500
-9989096.373272 -191434.114536
-9989006.748662 -194678.760545
-9988272.391764 -220635.928618
-9987414.967750 -249837.742700
-9986522.324892 -279039.556781
-9985701.006730 -304996.724854
-9984858.775625 -330953.892927
-9983691.117514 -366644.999027
-9982696.494655 -395846.813108
-9982351.846059 -405580.751136
-9981883.566393 -418559.335172
-9981531.043814 -428293.273199
-9980342.836215 -460739.733290
-9979627.284376 -480207.609345
-9978777.140899 -502920.131408
-9978158.934729 -519143.361454
-9977148.741344 -545100.529526
-9975750.064990 -580791.635626
-9975094.524799 -597014.865672
-9974959.895519 -600259.511681
-9973459.586266 -635950.617781
-9972628.006625 -655418.493835
-9972488.527518 -658663.139844
-9971920.013343 -671641.723881
-9971344.427457 -684620.307917
-9971199.204168 -687864.953926
-9969880.246419 -717066.768008
-9968557.304430 -746268.582090
-9968103.028815 -756002.520117
-9966720.230089 -785204.334199
-9965483.969580 -811161.502271
-9963774.336567 -846852.608371
-9963140.199741 -859831.192408
-9962819.569545 -866320.484426
-9961852.332933 -885788.360480
-9960695.790863 -908500.882544
-9958839.045734 -944191.988644
-9958154.916118 -957170.572680
-9956761.564431 -983127.740753
-9956232.327193 -992861.678780
-9954436.751220 -1025308.138871
-9953335.097152 -1044776.014925
-9952964.272278 -1051265.306944
-9952406.681582 -1060999.244971
-9952220.366779 -1064243.890980
-9951467.883352 -1077222.475016
-9951274.786636 -1080467.121025
-9950105.329487 -1099934.997080
-9948927.707433 -1119402.873134
-9947324.834569 -1145360.041207
-9945517.508513 -1174561.855289
-9943288.525762 -1210252.961389
-9942050.832692 -1229720.837443
-9940186.075467 -1258922.651525
-9938086.701172 -1291369.111616
-9937243.291211 -1304347.695652
-9935121.030941 -1336794.155743
-9932966.676904 -1369240.615834
-9931023.627304 -1398442.429916
-9930590.001742 -1404931.721934
-9929258.762280 -1424399.597988
-9928367.582077 -1437378.182025
-9926111.945057 -1469824.642116
-9923590.053518 -1505515.748215
-9922441.424102 -1521738.978261
-9921971.767505 -1528228.270279
-9919618.837476 -1560674.730370
-9917965.277594 -1583387.252434
-9917728.124342 -1586631.898443
-9916764.601592 -1599610.482479
-9915305.311032 -1619078.358533
-9914811.395278 -1625567.650552
-9912828.234662 -1651524.818624
-9910297.628677 -1683971.278715
-9908239.221430 -1709928.446788
-9906405.029412 -1732640.968851
-9905871.489098 -1739130.260870
-9903699.253626 -1765087.428942
-9900701.937254 -1800778.535042
-9897967.558671 -1833224.995133
-9897690.295758 -1836469.641142
-9897130.017808 -1842958.933160
-9896288.161013 -1852692.871188
-9895722.118299 -1859182.163206
-9894570.759953 -1872160.747242
-9891954.107067 -1901362.561324
-9890200.958091 -1920830.437378
-9889028.315650 -1933809.021415
-9887851.793783 -1946787.605451
-9884573.602637 -1982478.711551
-9881573.948990 -2014925.171642
-9880069.246477 -2031148.401687
-9877025.651044 -2063594.861778
-9873937.956358 -2096041.321869
-9870498.224984 -2131732.427969
-9867351.481406 -2164178.888060
-9867033.843701 -2167423.534069
-9866069.042691 -2177157.472096
-9865087.830373 -2186891.410123
-9863447.489629 -2203114.640169
-9862127.227750 -2216093.224205
-9859138.631616 -2245295.038287
-9857470.786164 -2261518.268332
-9855125.268800 -2284230.790396
-9851417.351282 -2319921.896496
-9851074.723400 -2323166.542505
-9847266.849117 -2358857.648605
-9844473.123084 -2384814.816678
-9841279.737111 -2414016.630759
-9840199.914491 -2423750.568787
-9837316.280783 -2449707.736859
-9835870.354305 -2462686.320896
-9834412.075607 -2475664.904932
-9833676.742481 -2482154.196950
-9829609.645240 -2517845.303050
-9827750.596925 -2534068.533095
-9825868.147243 -2550291.763141
-9823584.141690 -2569759.639195
-9820139.277866 -2598961.453277
-9819753.890500 -2602206.099286
-9818594.573196 -2611940.037313
-9815863.673236 -2634652.559377
-9812713.023552 -2660609.727450
-9810314.963353 -2680077.603504
-9807888.057099 -2699545.479559
-9803403.332937 -2735236.585659
-9801345.986229 -2751459.815704
-9796813.890974 -2787150.921804
-9795984.471744 -2793640.213822
-9792619.051025 -2819597.381895
-9790081.910869 -2839065.257949
-9786236.846367 -2868267.072031
-9784525.736985 -2881245.656068
-9781090.352551 -2907202.824140
-9780657.078708 -2910447.470149
-9778485.194372 -2926670.700195
-9778048.607696 -2929915.346204
-9773638.393050 -2962361.806295
-9771408.217564 -2978585.036340
-9769599.422764 -2991563.620376
-9765032.357737 -3024010.080467
-9759971.241396 -3059701.186567
-9757653.697750 -3075924.416613
-9753895.396646 -3101881.584685
-9753420.440134 -3105126.230694
-9748132.369881 -3140817.336794
-9743753.445178 -3170019.150876
-9738852.914679 -3202465.610967
-9737859.883483 -3208954.902985
-9734855.970559 -3228422.779040
-9733345.115241 -3238156.717067
-9728267.238513 -3270603.177158
-9724176.224667 -3296560.345230
-9721610.341400 -3312783.575276
-9719017.350228 -3329006.805321
-9717976.524695 -3335496.097339
-9716933.275674 -3341985.389358
-9713277.658660 -3364697.911421
-9707486.289913 -3400389.017521
-9701674.783156 -3436080.123621
-9700609.572591 -3442569.415639
-9694737.400532 -3478260.521739
-9692040.482726 -3494483.751785
-9689334.276287 -3510706.981830
-9688240.599858 -3517196.273848
-9686594.464320 -3526930.211875
-9682749.103325 -3549642.733939
-9679434.275958 -3569110.609994
-9674969.148469 -3595067.778066
-9669883.056622 -3624269.592148
-9663645.672924 -3659960.698248
-9659088.929517 -3685917.866321
-9652781.042199 -3721608.972421
-9648753.406832 -3744321.494484
-9642960.867380 -3776767.954575
-9641205.557555 -3786501.892602
-9637651.713528 -3805969.768657
-9633459.344447 -3828682.290720
-9632857.779105 -3831926.936729
-9632255.548592 -3835171.582739
-9630434.844325 -3844905.520766
-9624318.861157 -3877351.980857
-9618784.137073 -3906553.794938
-9613815.565433 -3932510.963011
-9611940.072478 -3942244.901038
-9606889.341536 -3968202.069111
-9600548.327109 -4000648.529202
-9598625.201569 -4010382.467229
-9596697.890890 -4020116.405256
-9590865.525541 -4049318.219338
-9590213.257222 -4052562.865347
-9588239.440146 -4062296.803374
-9580962.906715 -4097987.909474
-9578963.350886 -4107721.847502
-9571568.180165 -4143412.953602
-9564801.758895 -4175859.413692
-9561414.908814 -4192082.643738
-9553939.775716 -4227773.749838
-9547804.017401 -4256975.563920
-9543026.633959 -4279688.085983
-9539610.551825 -4295911.316029
-9534791.987258 -4318623.838092
-9527211.835386 -4354314.944192
-9521681.245339 -4380272.112265
-9520295.632424 -4386761.404283
-9518194.851055 -4396495.342310
-9510417.547857 -4432186.448410
-9508291.930864 -4441920.386437
-9505445.649760 -4454898.970474
-9504016.424077 -4461388.262492
-9498965.921582 -4484100.784556
-9496055.234392 -4497079.368592
-9493846.530650 -4506813.306619
-9486437.096335 -4539259.766710
-9478208.455931 -4574950.872810
-9471440.114364 -4604152.686892
-9463150.125855 -4639843.792992
-9454851.338852 -4675534.899092
-9446543.744684 -4711226.005191
-9442755.532013 -4727449.235237
-9439702.387746 -4740427.819273
-9433576.653454 -4766384.987346
-9429707.292548 -4782608.217391
-9427380.753112 -4792342.155419
-9426598.642701 -4795586.801428
-9419484.743790 -4824788.615509
-9413154.582092 -4850745.783582
-9405949.769599 -4879947.597664
-9401930.119251 -4896170.827709
-9398683.631136 -4909149.411746
-9389717.924299 -4944840.517846
-9383994.335374 -4967553.039909
-9375748.270451 -4999999.500000
-9374922.790885 -5003244.146009
-9371585.741168 -5016222.730045
-9366569.558284 -5035690.606100
-9359005.350302 -5064892.420182
-9353908.859022 -5084360.296236
-9348790.726419 -5103828.172291
-9347933.173042 -5107072.818300
-9340174.182181 -5136274.632382
-9334951.918983 -5155742.508436
-9329685.136719 -5175210.384491
-9327920.198557 -5181699.676509
-9327033.972421 -5184944.322518
-9319006.922370 -5214146.136600
-9310021.344758 -5246592.596690
-9309116.068729 -5249837.242700
-9304536.336539 -5266060.472745
-9299941.931897 -5282283.702790
-9294387.315785 -5301751.578845
-9287858.301568 -5324464.100909
-9279436.895900 -5353665.914990
-9272837.688073 -5376378.437054
-9267150.862839 -5395846.313108
-9261445.730445 -5415314.189163
-9255685.264733 -5434782.065217
-9254724.156003 -5438026.711227
-9247916.396419 -5460739.233290
-9238149.071497 -5493185.693381
-9231282.425976 -5515898.215445
-9230300.419022 -5519142.861454
-9221443.283080 -5548344.675535
-9216469.258799 -5564567.905581
-9211484.472631 -5580791.135626
-9201460.844767 -5613237.595717
-9193433.259624 -5639194.763790
-9182299.251971 -5674885.869890
-9171128.952778 -5710576.975990
-9165009.545619 -5730044.852044
-9158823.224029 -5749512.728099
-9152616.652240 -5768980.604153
-9145344.002159 -5791693.126217
-9144302.782246 -5794937.772226
-9134890.777639 -5824139.586308
-9124317.937536 -5856586.046398
-9112662.291086 -5892277.152498
-9100916.757157 -5927968.258598
-9091275.035778 -5957170.072680
-9081526.547755 -5986371.886762
-9071658.858245 -6015573.700844
-9060670.453515 -6048020.160934
-9051791.535063 -6073977.329007
-9047342.198273 -6086955.913044
-9042863.055774 -6099934.497080
-9037213.939861 -6116157.727125
-9033801.651583 -6125891.665153
-9026931.029028 -6145359.541207
-9017697.871893 -6171316.709280
-9014196.190994 -6181050.647307
-9009506.127557 -6194029.231343
-8998929.575343 -6223231.045425
-8994202.176086 -6236209.629461
-8989437.035467 -6249188.213498
-8980992.784246 -6271900.735561
-8970111.032654 -6301102.549643
-8956795.887551 -6336793.655743
-8949499.727951 -6356261.531798
-8940967.992918 -6378974.053861
-8938524.751149 -6385463.345879
-8934825.999292 -6395197.283907
-8922411.144178 -6427643.743997
-8914919.006471 -6447111.620052
-8911137.988862 -6456845.558079
-8898431.397570 -6489292.018170
-8890726.766953 -6508759.894225
-8880429.801517 -6534717.062297
-8879138.138416 -6537961.708306
-8864862.827428 -6573652.814406
-8859653.419248 -6586631.398443
-8847792.817194 -6615833.212524
-8834551.651342 -6648279.672615
-8825216.407716 -6670992.194679
-8818524.466090 -6687215.424724
-8815844.490226 -6693704.716742
-8806453.357847 -6716417.238806
-8802409.273389 -6726151.176833
-8795604.069415 -6742374.406879
-8781977.265552 -6774820.866970
-8775081.073728 -6791044.097015
-8766765.401875 -6810511.973069
-8754215.823603 -6839713.787151
-8741574.041418 -6868915.601233
-8737344.619548 -6878649.539260
-8721760.498637 -6914340.645360
-8707488.184100 -6946787.105451
-8691652.333270 -6982478.211551
-8681449.060680 -7005190.733615
-8668215.400464 -7034392.547696
-8653381.638750 -7066839.007787
-8638472.973300 -7099285.467878
-8635483.706011 -7105774.759896
-8624954.893577 -7128487.281960
-8612799.027811 -7154444.450032
-8600502.503726 -7180401.618105
-8595849.618546 -7190135.556132
-8589605.583319 -7203114.140169
-8586463.265691 -7209603.432187
-8570710.785456 -7242049.892278
-8557926.440749 -7268007.060350
-8549851.677466 -7284230.290396
-8541669.201720 -7300453.520441
-8535026.281741 -7313432.104478
-8524981.116728 -7332899.980532
-8508056.880616 -7365346.440623
-8492594.682830 -7394548.254705
-8490864.815324 -7397792.900714
-8489113.285129 -7401037.546723
-8480343.461625 -7417260.776768
-8467997.150344 -7439973.298832
-8460882.669448 -7452951.882868
-8455478.754595 -7462685.820896
-8446459.478911 -7478909.050941
-8430109.208289 -7508110.865023
-8417337.882866 -7530823.387086
-8402531.407661 -7556780.555159
-8383943.065668 -7589227.015250
-8382070.726129 -7592471.661259
-8376445.544819 -7602205.599286
-8361313.330220 -7628162.767359
-8347955.656701 -7650875.289422
-8336318.438070 -7670343.165477
-8332410.333126 -7676832.457495
-8330450.422262 -7680077.103504
-8320547.154212 -7696300.333550
-8304677.973868 -7722257.501622
-8286798.130694 -7751459.315704
-8268616.423360 -7780661.129786
-8262518.537225 -7790395.067813
-8241907.483544 -7822841.527904
-8223065.387463 -7852043.341986
-8204074.202772 -7881245.156068
-8199779.419578 -7887734.448086
-8193306.158746 -7897468.386113
-8180233.702498 -7916936.262167
-8162632.956972 -7942893.430240
-8155923.434949 -7952627.368267
-8151375.433431 -7959116.660286
-8149086.121815 -7962361.306295
-8130647.668511 -7988318.474367
-8107284.034964 -8020764.934458
-8100177.935587 -8030498.872485
-8076201.358379 -8062945.332576
-8052182.893976 -8095391.792667
-8037746.604066 -8114859.668722
-8018121.354671 -8140816.836794
-7990649.455623 -8176507.942894
-7962622.969667 -8212199.048994
-7947307.745743 -8231666.925049
-7931850.858428 -8251134.801103
-7929245.848264 -8254379.447112
-7902801.625022 -8286825.907203
-7873096.932641 -8322517.013303
-7864948.694612 -8332250.951330
-7837416.110189 -8364697.411421
-7812293.643588 -8393899.225503
-7780907.290700 -8429590.331603
-7749007.783846 -8465281.437703
-7728328.695094 -8487993.959766
-7725331.065032 -8491238.605776
-7716262.030100 -8500972.543803
-7685643.584348 -8533419.003894
-7676318.552721 -8543152.941921
-7670088.363370 -8549642.233939
-7647799.347941 -8572354.756003
-7631518.710053 -8588577.986048
-7608674.248824 -8611290.508112
-7578762.031383 -8640492.322193
-7552050.604681 -8666449.490266
-7545263.166455 -8672938.782284
-7531462.220870 -8685917.366321
-7527987.213502 -8689162.012330
-7503308.188017 -8711874.534393
-7496135.457652 -8718363.826411
-7474074.966117 -8737831.702466
-7459218.451981 -8750810.286502
-7455494.864888 -8754054.932511
-7417485.419014 -8786501.392602
-7413654.667651 -8789746.038611
-7382187.294162 -8815703.206684
-7370323.519147 -8825437.144711
-7341798.165251 -8848149.666775
-7308366.318634 -8874106.834848
-7304078.174516 -8877351.480857
-7277581.723087 -8896819.356911
-7250926.413093 -8916287.232966
-7241906.199817 -8922776.524984
-7213910.404091 -8942244.401038
-7180515.462035 -8964956.923102
-7175570.607387 -8968201.569111
-7120996.290560 -9003892.675211
-7095512.213328 -9020115.905256
-7059341.012298 -9042828.427320
-7048970.537336 -9049317.719338
-7022304.970557 -9065540.949384
-6983451.945218 -9088253.471447
-6938040.472680 -9114210.639520
-6885968.297789 -9143412.453602
-6832873.955820 -9172614.267683
-6790919.948288 -9195326.789747
-6728500.099789 -9227773.249838
-6722152.926801 -9231017.895847
-6669376.184821 -9256975.063920
-6662661.688404 -9260219.709929
-6614150.460842 -9282932.231992
-6536855.122238 -9318623.338092
-6501224.017461 -9334846.568138
-6457645.331484 -9354314.444192
-6375786.499813 -9390005.550292
-6321284.093807 -9412718.072356
-6296924.941342 -9422452.010383
-6246310.253854 -9441919.886437
-6195126.586778 -9461387.762492
-6100223.232311 -9497078.868592
-6091076.086887 -9500323.514601
-5986032.916813 -9536014.620701
-5907669.767111 -9561971.788774
-5866913.927944 -9574950.372810
-5835932.255104 -9584684.310837
-5714068.346114 -9620375.416937
-5668765.968996 -9633354.000973
-5644098.831309 -9639843.292992
-5630912.305396 -9643087.939001
-5516525.472409 -9669045.107073
-5356241.382352 -9704736.213173
-5204746.107858 -9737182.673264
-5173195.273393 -9743671.965282
-5102009.079397 -9756650.549319
-4954483.717631 -9782607.717391
-4741352.697625 -9818298.823491
-4639302.279915 -9834522.053537
-4543616.357257 -9847500.637573
-4296679.135872 -9879947.097664
-4146086.183531 -9899414.973718
-4116640.536011 -9902659.619728
-3994144.310368 -9915638.203764
-3627973.993288 -9951329.309864
-3515926.199749 -9961063.247891
-3120720.336329 -9987020.415964
-3056908.764265 -9990265.061973
-2990322.484053 -9993509.707982
-2872512.031680 -9996754.353991
-2361992.451324 -9999999.000000
0.000000 -9999999.000000
