2000
9999854.603958 53924.945119
9999418.420059 107848.322144
9998832.812760 152782.140542
9998045.289935 197712.873671
9996833.756727 251624.403360
9995602.081461 296545.155221
9995331.523506 305528.616010
9995052.891745 314511.830007
9993538.633957 359423.944130
9992533.209021 386367.786720
9990304.435373 440246.849575
9987785.151580 494113.110400
9986880.844925 512065.415034
9984975.430901 547965.002807
9983974.329689 565912.169953
9980777.488383 619742.468594
9979647.373534 637681.973956
9977891.743915 664587.350695
9975438.070703 700453.636990
9974804.506803 709418.812178
9972189.684166 745273.710134
9971515.839388 754235.947722
9969445.979852 781118.976091
9966573.429322 816954.146780
9962801.607882 861733.208123
9958828.598526 906494.867703
9955505.389521 942291.058656
9952928.543262 969130.235174
9950279.341050 995962.366294
9944763.946332 1049604.712134
9938959.365750 1103216.536300
9937963.832090 1112148.763463
9931822.081926 1165723.008684
9930770.373248 1174648.795945
9926483.330570 1210342.384584
9920944.124706 1254937.318939
9914032.635499 1308417.709392
9911664.730659 1326236.127921
9909264.800932 1344050.261341
9908052.829155 1352955.703148
9900612.963784 1406365.152213
9895493.094288 1441948.827419
9891569.260383 1468624.379153
9886225.627033 1504175.139869
9880754.223015 1539706.460459
9876566.862976 1566341.917067
9870872.031435 1601838.112618
9867976.771411 1619578.475681
9859099.726893 1672767.938234
9851483.175604 1717055.398290
9842080.727125 1770154.501943
9837272.160504 1796684.847207
9829098.977739 1840872.968407
9822417.512155 1876196.742590
9815609.100567 1911496.268600
9812157.317454 1929136.795960
9801611.792985 1982020.751559
9794423.077895 2017244.797042
9790781.245404 2034847.071563
9781538.290064 2078823.869404
9772097.807224 2122758.687663
9760508.760216 2175423.807387
9754607.779876 2201732.740543
9752625.025586 2210498.837439
9750634.393537 2219263.148788
9740563.123428 2263057.674588
9730295.153267 2306806.500407
9724040.041237 2333033.492348
9713457.783932 2376707.360988
9702679.373937 2420333.234615
9696118.265030 2446485.354657
9687260.478600 2481327.148877
9680534.970468 2507437.473906
9671458.161502 2542222.852212
9659936.389993 2585658.318746
9652929.677528 2611694.591774
9650578.509728 2620369.139563
9641095.904325 2655046.094441
9631488.696337 2689688.735212
9624201.594533 2715647.927805
9614376.631761 2750229.441817
9599406.245359 2802034.927792
9596884.030167 2810661.294344
9584156.715821 2853758.932809
9581588.019667 2862371.572906
9573835.501927 2888195.592761
9560760.000386 2931188.873994
9552822.009220 2956956.486010
9536737.743346 3008427.033291
9523122.326093 3051252.392423
9520376.156687 3059810.097895
9509314.599768 3094016.134839
9500937.771450 3119644.444969
9495314.843202 3136717.396973
9478262.053733 3187875.223524
9463840.831228 3230435.995524
9455096.345192 3255941.200811
9452166.238514 3264437.685038
9440369.484963 3298397.184600
9422445.637011 3349256.367849
9410344.151841 3383108.473567
9391963.935284 3433804.513702
9385776.478503 3450681.077061
9382671.376711 3459115.181176
9379558.695995 3467546.491164
9376438.438868 3475975.000215
9363881.696752 3509660.890916
9354384.711964 3534895.565725
9335186.797974 3585287.637964
9331960.738521 3593676.220072
9312446.176211 3643946.516510
9292660.815337 3694110.849867
9282666.764926 3719152.824413
9265860.087513 3760829.275391
9262476.287430 3769155.478989
9248866.296158 3802429.780521
9228227.239579 3852248.955440
9214318.748078 3885399.594484
9200291.169707 3918500.018197
9196765.689003 3926767.227833
9179026.911272 3968055.564398
9175456.900944 3976303.642697
9153881.297861 4025724.429798
9150259.467605 4033949.885102
9128373.373836 4083233.957029
9106221.834196 4132399.291744
9091306.988955 4165109.510275
9072498.224908 4205921.535056
9049685.905579 4254783.779508
9030474.587844 4295407.864022
9018860.239138 4319740.731443
8999357.332211 4360225.637187
8983624.140450 4392550.204963
8963794.401577 4432876.033261
8943783.648648 4473112.344461
8923592.285761 4513258.326034
8907309.430160 4545309.529106
8882669.364716 4593276.059322
8874398.573746 4609235.289534
8857770.998277 4641109.020707
8849414.267500 4657023.418683
8824172.627292 4704676.125277
8807202.266006 4736368.677125
8790118.079469 4768000.015624
8764278.860714 4815331.354294
8738184.783667 4862522.666939
8729430.253745 4878221.750290
8716245.583254 4901740.806326
8689686.242096 4948671.843427
8685235.097266 4956479.729124
8671839.583793 4979879.339197
8649373.681475 5018798.154759
8635810.271859 5042100.846715
8613065.125299 5080857.127234
8594743.755234 5111788.315440
8580929.818817 5134943.373061
8576311.305755 5142653.438331
8548454.879140 5188826.377834
8543787.951665 5196507.234382
8515641.591627 5242504.008864
8491997.096277 5280718.257664
8463397.381777 5326434.525847
8458606.812875 5334038.881110
8429720.052687 5379574.317112
8415184.696218 5402283.455034
8395709.075284 5432501.184831
8385930.558880 5447583.745261
8366292.272172 5477696.013526
8351492.584942 5500233.777183
8336632.183902 5522731.555156
8326691.573314 5537707.778757
8311730.222883 5560138.550613
8296708.447708 5582528.901289
8271538.175348 5619755.885602
8266484.060388 5627187.688299
8246200.868293 5656869.385072
8241113.407685 5664278.400791
8220697.038202 5693868.650232
8215576.334682 5701254.729356
8189873.357072 5738115.927298
8179545.828892 5752828.003083
8174372.152078 5760177.073608
8143191.576685 5804173.579882
8132745.384899 5818801.638173
8127512.432963 5826108.619999
8111774.203727 5848001.305382
8106515.016963 5855289.427496
8090698.185092 5877125.392379
8080120.946795 5891658.975633
8048232.726342 5935145.321105
8032200.794306 5956823.851681
8021480.392060 5971252.156775
8016110.469652 5978459.077248
8005351.203955 5992858.424937
7972918.353150 6035940.103580
7951167.590698 6064563.788487
7945713.832550 6071707.477410
7912856.655765 6114466.415421
7901853.082881 6128679.944047
7874232.529973 6164127.031780
7840878.020558 6206499.163516
7824115.202524 6227617.626157
7790419.049115 6269718.577352
7767829.030963 6297684.665473
7750820.618902 6318605.837810
7716634.877734 6360310.225432
7705189.716147 6374170.647087
7687975.305907 6394922.649710
7659160.483800 6429405.935497
7635997.236834 6456899.116376
7618560.020883 6477464.257578
7589374.978137 6511634.774865
7583519.559575 6518453.120913
7548258.575522 6559252.432790
7536456.086154 6572809.875652
7518706.706824 6593106.206999
7494955.864016 6620093.397864
7483044.098766 6633554.930497
7459148.073008 6660413.652690
7435155.644399 6687186.294964
7423123.375878 6700540.227959
7398986.924783 6727183.101930
7368681.924480 6760364.390759
7332119.558885 6800001.674574
7313758.354808 6819746.236296
7307626.131363 6826316.746549
7301488.005127 6832881.742793
7295343.981058 6839441.219723
7289194.064118 6845995.172042
7270709.005779 6865623.828414
7252171.090728 6885202.572969
7214937.229942 6924209.757655
7177493.564492 6963015.591801
7158693.395041 6982342.649555
7146131.027856 6995199.163192
7133545.571305 7008033.075129
7127244.197223 7014441.542500
7120937.066055 7020844.343901
7089315.232391 7052773.180515
7057550.237736 7084559.594063
7038422.790394 7103562.811974
7000014.531034 7141414.185252
6967852.107344 7172798.408584
6929071.521479 7210268.223182
6909605.598367 7228924.572509
6870523.199352 7266079.477075
6844357.202184 7290732.095538
6811525.352489 7321415.325768
6778555.951467 7351950.707998
6752081.841004 7376272.148747
6732168.971978 7394450.684989
6725520.465893 7400498.257743
6705542.373598 7418605.089630
6678829.112050 7442663.615403
6672137.295977 7448663.229307
6652029.532579 7466625.951371
6618409.201428 7496443.132743
6598172.806425 7514260.816378
6557556.261391 7549732.172647
6516749.027810 7584983.988680
6503104.446324 7596685.629944
6496274.273426 7602527.248516
6489438.853112 7608362.726088
6482598.190903 7614192.057947
6441444.447606 7649038.725775
6434567.247092 7654824.906074
6413904.482364 7672146.328838
6386281.623115 7695154.776238
6372439.219759 7706621.723588
6330788.651664 7740873.015879
6288953.989247 7774899.209709
6281963.732793 7780548.287870
6246936.449026 7808699.315624
6204737.252838 7842272.350744
6162357.627801 7875617.338792
6141100.539376 7892204.011889
6119798.806283 7908733.310121
6098452.583383 7925205.113322
6069922.014748 7947077.873966
6055627.289217 7957975.756063
6012625.902202 7990514.987169
6005441.971955 7995915.627461
5976657.799635 8017453.557462
5947796.384332 8038887.869011
5918858.099054 8060218.285088
5904360.247011 8070844.446123
5868032.256924 8097295.686320
5853467.840143 8107830.427705
5831585.768323 8123583.410459
5816974.158082 8134052.596597
5780363.008571 8160110.507165
5743635.130931 8186003.633198
5714169.282896 8206599.137670
5684629.584309 8227088.579151
5647601.690434 8252550.826636
5625330.163522 8267748.215286
5580664.586571 8297962.567534
5573204.511251 8302974.856988
5528349.732714 8332907.609760
5483334.194143 8362598.048175
5460766.548730 8377352.129418
5430614.629612 8396929.483129
5392826.077599 8421248.535506
5385255.274469 8426091.954685
5339739.320366 8455009.402155
5324532.764531 8464593.955970
5301690.689161 8478919.496992
5286441.216256 8488435.619540
5271174.662701 8497924.315696
5248242.914065 8512105.868407
5232933.874808 8521525.864650
5225273.011673 8526225.539680
5186905.508562 8549620.532237
5156136.053203 8568212.240652
5109857.047541 8595892.097607
5078921.743517 8614206.517331
5063429.451280 8623321.992823
5024627.254908 8645988.720166
5009077.921687 8655006.549649
4993512.403984 8663996.414545
4977930.752093 8672958.285808
4962333.016357 8681892.134482
4954528.132794 8686348.541323
4938906.365802 8695240.302018
4923268.641055 8704103.968129
4876260.225798 8730526.113030
4844842.421194 8747999.880761
4805482.160367 8769683.073315
4781819.373012 8782608.011513
4766024.858067 8791189.171681
4742304.228166 8804007.644676
4702693.317657 8825229.490504
4655034.940764 8850460.423067
4647078.680003 8854640.576661
4639118.665529 8858813.577852
4623187.401163 8867138.109544
4599262.512604 8879571.179970
4583294.000713 8887824.036457
4559313.482586 8900149.468830
4511253.184807 8924606.137112
4463061.703355 8948803.284912
4446968.966381 8956811.207793
4414740.439602 8972740.208595
4398604.753930 8980661.235049
4390531.578324 8984610.868576
4366290.798692 8996416.212096
4342018.276932 9008156.153331
4293378.713085 9031439.488034
4244614.301184 9054460.195627
4236474.860711 9058271.399918
4220185.720207 9065871.854762
4179403.328665 9084744.785427
4171236.696154 9088497.368909
4130353.125397 9107150.106346
4113976.296570 9114559.727779
4072976.186190 9132954.888027
4064766.267673 9136611.800290
4040116.838583 9147538.244282
4023667.557617 9154785.600208
4007205.276060 9162003.376746
3974241.923976 9176350.098471
3949485.679267 9187032.321118
3932965.553881 9194116.703196
3908161.555874 9204687.569559
3883329.146254 9215191.519543
3833579.814490 9235998.365414
3825277.381992 9239440.077776
3792036.820130 9253132.267226
3758747.249566 9266704.868176
3733748.168474 9276805.733355
3725409.100539 9280157.705213
3700373.868322 9290168.633273
3650222.882980 9309987.803674
3616729.832830 9323050.215263
3574797.838563 9339208.768060
3541200.226271 9351999.837332
3499138.902198 9367818.686499
3473868.135913 9377219.213300
3448572.115248 9386551.569450
3423251.024100 9395815.687102
3406356.459519 9401953.821983
3355606.948058 9420185.879809
3347139.169463 9423197.938081
3296275.960218 9441110.358114
3270808.318134 9449963.647868
3253816.668547 9455827.678606
3202778.860477 9473236.383142
3160176.146450 9487533.226472
3134583.831090 9496019.387400
3126047.986145 9498832.769784
3117509.616111 9501638.479413
3091879.424452 9510009.549136
3083331.023050 9512784.545142
3031988.554184 9529273.078640
3014854.731243 9534707.701314
2989135.749602 9542801.866876
2937632.782055 9558782.016439
2920446.069057 9564046.986382
2911849.170567 9566667.884267
2860218.629369 9582230.919374
2842989.891893 9587356.699038
2817129.579733 9594987.281440
2765347.703527 9610039.129920
2722134.648594 9622368.884787
2696180.373879 9629673.483120
2644213.211074 9644072.609348
2635544.500855 9646445.209714
2609525.624926 9653516.251235
2557431.150050 9667447.745540
2540049.723982 9672029.125251
2513962.214356 9678842.595310
2496560.376203 9683345.820943
2444306.688006 9696667.717055
2409431.313936 9705392.353915
2391981.921306 9709707.641744
2348324.750648 9720358.577002
2330848.554862 9724564.001244
2304620.158132 9730813.220216
2252113.292981 9743099.389598
2217072.238733 9751132.790001
2199540.938157 9755102.237361
2190772.619285 9757075.142203
2155681.718509 9764887.932203
2102993.271166 9776370.456434
2067833.570854 9783867.554462
2015044.053279 9794876.082082
1988627.225025 9800273.555360
1944567.146259 9809111.000172
1918112.193184 9814318.397849
1891643.295787 9819454.447244
1865160.646493 9824519.111019
1820992.860846 9832801.482830
1767943.056298 9842478.211796
1741398.778655 9847209.264238
1705986.749046 9853405.970124
1679413.232563 9857969.932714
1652827.507056 9862462.229683
1608491.358360 9869790.045897
1590747.753837 9872665.373832
1537486.331147 9881099.927717
1519722.511755 9883847.605425
1493067.593851 9887909.241098
1466401.821622 9891898.993497
1413038.489685 9899662.732976
1395241.504587 9902186.684964
1350729.444871 9908356.572447
1324009.058766 9911962.470283
1297279.047360 9915496.309983
1279453.788326 9917812.158109
1270539.604975 9918958.065855
1217033.204898 9925665.225977
1199189.796815 9927836.815299
1172417.437801 9931034.052481
1127777.995012 9936202.332580
1100983.339988 9939206.994779
1056307.891289 9944054.185231
1038431.688597 9945936.840143
1011611.111604 9948700.566349
966893.903535 9953146.044307
931106.035457 9956557.715935
913207.559860 9958215.299571
886354.332162 9960641.344706
841584.729908 9964523.829184
832628.741134 9965276.181794
778878.937922 9969621.236540
734070.067434 9973020.662572
689246.373202 9976218.694326
653377.352982 9978632.072314
608529.257216 9981467.434356
599558.134448 9982010.320743
554695.401081 9984603.798450
500845.414843 9987449.818168
455959.234421 9989599.650464
402083.743663 9991913.163308
393103.316140 9992270.501885
339214.336730 9994245.025701
321249.074181 9994838.619625
312266.050041 9995123.306593
303282.773666 9995399.919923
267347.290943 9996425.632496
222423.133057 9997526.091483
177494.483578 9998424.661330
141548.939742 9998998.144697
123575.452765 9999236.426221
87627.339057 9999616.065102
60665.485160 9999815.983252
24715.694469 9999969.456676
6740.650298 9999997.728181
-11234.415651 9999993.689393
-38196.928366 9999927.049467
-56171.794673 9999842.235230
-83133.735686 9999654.433129
-110095.072331 9999393.935387
-155028.758016 9998798.231997
-190973.496057 9998176.289894
-217930.455261 9997625.033810
-271839.424766 9996304.483515
-289807.402036 9995799.701361
-307774.442930 9995262.622477
-361669.366848 9993457.623320
-406573.836083 9991731.467359
-451470.095003 9989803.539275
-496357.236977 9987673.878001
-541234.355558 9985342.526542
-568155.438471 9983846.923793
-613014.634725 9981192.967657
-630954.897782 9980074.945458
-666829.250035 9977742.167008
-702694.984113 9975280.435121
-756476.412208 9971346.119646
-792318.573152 9968562.147002
-837106.820044 9964901.011643
-846062.469823 9964144.634496
-872925.289748 9961827.213846
-899781.763667 9959437.372551
-917682.457637 9957803.919888
-944527.921034 9955293.416388
-962421.093930 9953579.538938
-989255.004688 9950948.423929
-1042901.056076 9945469.188894
-1051839.158325 9944527.861342
-1069712.806709 9942621.108700
-1114381.680169 9937713.694352
-1159028.049905 9932605.598710
-1176880.094786 9930506.192662
-1230413.183560 9924015.487580
-1283910.492892 9917236.199982
-1292823.123310 9916078.275802
-1301734.709439 9914912.341833
-1319554.720042 9912556.448304
-1372988.940485 9905296.632070
-1417487.024835 9899026.746828
-1435278.293987 9896462.813491
-1461956.484579 9892556.961534
-1497510.839175 9887237.292922
-1524163.929183 9883163.679560
-1577436.674345 9874800.936648
-1595184.139059 9871949.532007
-1612926.449685 9869066.230799
-1639530.126313 9864681.493333
-1648395.379386 9863203.976053
-1657259.300955 9861718.491693
-1692701.529009 9855696.907560
-1701558.685681 9854171.605933
-1719268.868530 9851097.124570
-1728121.880401 9849547.947316
-1745823.709284 9846425.725922
-1754672.511995 9844852.684304
-1772365.858222 9841682.745578
-1816574.045045 9833618.801787
-1825411.308917 9831982.178242
-1869575.368199 9823679.959293
-1887230.470699 9820303.516209
-1904879.475501 9816895.343428
-1913701.673444 9815179.361838
-1940158.963932 9809983.852926
-1948974.935901 9808236.166571
-1984223.009591 9801166.208580
-1993031.038877 9799378.923078
-2010642.260677 9795780.606954
-2045845.158058 9788489.035048
-2081021.614710 9781070.955632
-2098599.785680 9777314.505504
-2133735.728929 9769706.845095
-2160069.614018 9763918.233097
-2186387.795801 9758058.639216
-2203924.431775 9754112.829931
-2230216.016262 9748135.027830
-2265246.208601 9740054.394839
-2273999.199942 9738014.563486
-2326478.326984 9725610.448402
-2378889.801878 9712923.520265
-2413792.447898 9704308.631658
-2448663.897798 9695568.323498
-2466087.783349 9691151.172323
-2518311.406920 9677711.901983
-2535703.082931 9673169.587845
-2579146.306020 9661677.097282
-2587828.728727 9659355.178829
-2639879.122512 9645259.883410
-2691852.750702 9630884.111469
-2700507.452591 9628460.910161
-2726458.442169 9621144.649319
-2769665.952034 9608795.476757
-2778300.770262 9606302.349498
-2821441.059062 9593720.360227
-2838681.270069 9588633.304437
-2890346.649238 9573186.316334
-2916147.914255 9565358.401136
-2967686.657301 9549494.012987
-3001997.968420 9538763.452230
-3053392.050124 9522436.504815
-3104697.341604 9505832.652484
-3121779.116333 9500236.583835
-3172963.700540 9483264.277402
-3181485.534303 9480408.735652
-3198521.485338 9474674.680844
-3224056.017475 9466016.205151
-3258065.568699 9454364.534439
-3283545.123023 9445545.586416
-3292033.012326 9442590.674479
-3309000.806581 9436657.971022
-3325957.909355 9430694.777438
-3359839.821338 9418676.997060
-3393678.310382 9406537.488664
-3444353.669427 9388100.329668
-3494928.869392 9369390.172145
-3520178.450016 9359932.888650
-3528589.299051 9356765.336302
-3553804.717520 9347217.341527
-3570600.654749 9340814.255958
-3587385.055260 9334380.989937
-3595772.912297 9331153.045749
-3637668.494361 9314900.317509
-3654406.206066 9308346.538514
-3687846.152942 9295148.775153
-3704548.280070 9288504.833429
-3729579.011081 9278482.656130
-3779558.951281 9258236.016315
-3804507.797123 9248011.700989
-3812817.941784 9244588.651898
-3829428.984897 9237720.154325
-3837729.869931 9234274.711391
-3854322.333430 9227361.451142
-3879187.661750 9216935.666745
-3887469.846561 9213445.511430
-3937096.778644 9192348.391765
-3945356.842171 9188806.200369
-3961867.401879 9181699.553456
-3994850.065251 9167397.283644
-4011322.062347 9160201.706957
-4044227.121252 9145721.786263
-4068871.637764 9134784.266495
-4093486.574331 9123780.338532
-4142626.992059 9101573.578490
-4158980.431920 9094112.478241
-4167152.115980 9090370.907850
-4191646.945474 9079102.151892
-4199805.125760 9075331.228426
-4248682.736099 9052551.850610
-4256817.031177 9048729.676760
-4273075.299337 9041063.404611
-4297436.798107 9029509.231751
-4313660.451781 9021769.976382
-4362247.577950 8998377.413104
-4386493.660181 8986582.964019
-4410707.853413 8974723.184134
-4450993.499683 8954811.939163
-4483157.339956 8938752.724245
-4523280.612378 8918516.272435
-4547310.783105 8906287.927181
-4595271.775775 8881637.084838
-4643099.141579 8856727.971518
-4690791.489735 8831561.311559
-4698726.990274 8827341.880253
-4738347.433387 8806137.836788
-4785765.589647 8780458.286499
-4825174.470688 8758863.586529
-4856631.457475 8741460.454996
-4888025.676623 8723944.347867
-4927179.565519 8701890.687036
-4942813.305562 8693019.994591
-4974032.824051 8675194.376223
-4981827.674893 8670720.443981
-5012966.774251 8652754.712822
-5051799.493052 8630140.316472
-5059553.820000 8625596.509374
-5082792.254445 8611923.298437
-5129158.101781 8584389.155143
-5175374.797259 8556605.384607
-5198426.792899 8542620.141319
-5229103.971221 8523876.562818
-5267355.361240 8500292.200767
-5282626.177253 8490810.366002
-5313116.555020 8471764.425005
-5328336.018259 8462200.380310
-5358723.247576 8442990.297039
-5396609.846010 8418824.274799
-5404174.112702 8413970.653598
-5434387.465791 8394488.243583
-5479575.683732 8365061.286461
-5487091.597252 8360133.121151
-5502110.121503 8350256.535631
-5517110.868270 8340352.970181
-5562005.959281 8310480.714671
-5591846.245498 8290431.566976
-5636471.048993 8260157.027191
-5673533.235633 8234744.721251
-5703100.529803 8214295.121735
-5725227.650746 8198888.238483
-5754665.706592 8178253.028940
-5798683.220606 8147102.117137
-5813318.316986 8136665.787987
-5827934.630360 8126203.169024
-5871670.400489 8094657.911736
-5907986.500337 8068190.349257
-5915235.427090 8062877.268203
-5944183.294838 8041559.858471
-5980260.053039 8014766.977151
-6009034.543809 7993216.114388
-6016216.046409 7987812.246350
-6052050.548854 7960696.210390
-6066350.170196 7949804.753109
-6102013.370188 7922463.810586
-6116244.187849 7911482.606604
-6123352.188888 7905982.416553
-6130455.243741 7900475.840383
-6165896.124563 7872847.323624
-6208260.760860 7839483.294527
-6236403.632382 7817113.900540
-6243426.770702 7811505.754903
-6285459.495661 7777724.534104
-6327309.444433 7743717.143232
-6341218.599934 7732331.256992
-6348165.497239 7726628.942796
-6389739.001595 7692284.153065
-6424241.702612 7663492.581481
-6438006.497393 7651932.588538
-6465473.638368 7628738.469208
-6472327.381128 7622924.522223
-6492857.218851 7605445.755222
-6499690.016147 7599607.206560
-6540576.353380 7564447.168538
-6567728.320932 7540884.875293
-6581272.495831 7529067.162379
-6601548.873979 7511294.992507
-6608297.009067 7505358.794885
-6641957.507096 7475586.965178
-6648673.533155 7469614.464584
-6688856.719079 7433652.923807
-6702207.948227 7421617.655116
-6728845.398345 7397475.218287
-6755395.884125 7373237.175674
-6788461.175103 7342805.654116
-6808234.591233 7324475.527349
-6834522.129668 7299952.551838
-6841080.225942 7293807.054086
-6873787.712494 7262991.290341
-6886831.877587 7250623.882802
-6906356.390397 7232028.858406
-6945254.650638 7194681.218636
-6983950.948371 7157124.363231
-7022444.158338 7119359.384315
-7041614.255380 7100399.191484
-7060733.161187 7081387.380063
-7067094.729926 7075038.662669
-7105144.084325 7036826.524860
-7136694.097848 7004826.718323
-7174363.822776 6966240.287159
-7211824.922883 6927451.283242
-7249076.308829 6888460.834524
-7267623.020240 6868890.422453
-7292269.758886 6842718.886790
-7298416.730011 6836162.171503
-7310692.981244 6823032.180343
-7329063.056214 6803295.871711
-7359561.379979 6770292.186777
-7365643.230189 6763675.022174
-7377789.076736 6750424.308085
-7402009.217089 6723857.490320
-7408049.316818 6717202.194336
-7438159.959420 6683844.434013
-7456154.285116 6663764.947577
-7468120.396491 6650351.700738
-7497930.023014 6616724.670862
-7521668.736008 6589726.809646
-7545310.238128 6562643.782075
-7568854.223827 6535475.938174
-7603986.693812 6494565.910077
-7638898.045882 6453467.025144
-7656270.485199 6432847.134626
-7690848.258926 6391467.207001
-7725202.388873 6349901.420570
-7747980.402029 6322088.238056
-7776312.068199 6287206.901159
-7798864.363907 6259210.384176
-7821315.866234 6231132.972470
-7826912.958817 6224101.022244
-7849238.061525 6195923.002548
-7860362.589205 6181803.941103
-7893583.646470 6139327.097996
-7915603.555580 6110909.944591
-7937521.162558 6082413.813113
-7948441.514176 6068136.245646
-7975629.959004 6032356.650351
-7991865.752512 6010830.374734
-8008043.446632 5989260.401490
-8024162.923755 5967646.887428
-8056226.758691 5924289.865675
-8061547.980138 5917046.912433
-8077472.556648 5895289.398885
-8093338.411423 5873489.027672
-8119650.696894 5837060.266987
-8124893.494833 5829760.346499
-8156212.312772 5785862.140510
-8176959.816111 5756503.119578
-8202745.551591 5719699.766233
-8207882.837831 5712325.211369
-8233469.736517 5675383.343693
-8243657.970349 5660574.464478
-8248742.101004 5653163.163321
-8279106.818891 5608599.672056
-8309230.786906 5563873.087152
-8314227.980394 5556402.891263
-8344069.966906 5511487.674609
-8349020.064760 5503986.188050
-8358900.024518 5488969.883331
-8378578.888625 5458884.117390
-8403025.162357 5421177.742963
-8427301.746157 5383361.893763
-8446600.506890 5353030.905665
-8475343.886442 5307404.827837
-8484870.285965 5292161.772882
-8508566.277594 5253979.434656
-8513284.872625 5246330.210493
-8532090.448005 5215690.998043
-8546122.278302 5192667.330410
-8560091.979869 5169605.913044
-8569370.548115 5154210.745507
-8578621.428467 5138798.924559
-8597040.006017 5107925.521671
-8624459.468801 5061491.763404
-8633543.597237 5045981.069585
-8656131.812671 5007133.116032
-8669600.866429 4983775.759083
-8696349.797293 4936952.521863
-8700783.387491 4929134.654679
-8714041.975043 4905657.189123
-8740369.005791 4858595.439282
-8757779.204903 4827142.363570
-8770762.587845 4803511.593371
-8783682.208963 4779845.902531
-8787974.563795 4771949.608504
-8809329.790497 4732410.447357
-8822057.564461 4708641.027870
-8834721.203694 4684837.377433
-8843127.953963 4668949.345392
-8859855.710192 4637128.076147
-8880604.356572 4597267.260235
-8897074.173098 4565311.726310
-8917499.718814 4525284.384980
-8937745.185346 4485165.660466
-8945792.858086 4469092.764782
-8961801.465277 4436903.706072
-8985597.143116 4388512.730029
-9005227.304162 4348089.373550
-9009131.526902 4339994.139511
-9032403.932274 4291349.345397
-9051596.992552 4250716.631866
-9055413.682489 4242579.762242
-9059223.057847 4234439.465641
-9078160.108442 4193686.808225
-9089434.367819 4169194.511308
-9108077.918723 4128306.750530
-9126537.541924 4087335.623099
-9148445.780596 4038061.391249
-9162903.517850 4005146.579411
-9177242.832731 3972180.004617
-9187919.492669 3947421.360362
-9202051.123385 3914365.226012
-9216063.825780 3881258.501975
-9223025.522202 3864686.302509
-9236859.493031 3831504.496410
-9253984.060183 3789957.653310
-9270921.753216 3748334.276148
-9274286.836763 3740000.490568
-9290999.829696 3698286.382176
-9307525.201018 3656497.590923
-9320610.186132 3623013.353297
-9333574.710656 3589482.291447
-9343218.950931 3564303.527333
-9346418.607032 3555904.838733
-9362303.591435 3513868.446854
-9371743.852922 3488612.497142
-9384224.875130 3454898.477959
-9387326.186518 3446462.979334
-9393506.058740 3429583.637181
-9402718.953295 3404243.863964
-9420939.607837 3353490.257253
-9423949.763421 3345021.802098
-9438886.308912 3302639.133699
-9441850.754632 3294154.569425
-9459477.184296 3243191.545344
-9465291.558352 3226182.839734
-9471075.349766 3209163.710229
-9485400.906848 3166570.642883
-9499534.916600 3123913.630094
-9507923.260838 3098289.086903
-9510704.018392 3089742.557971
-9524492.526294 3046972.615002
-9532673.327057 3021281.059354
-9548826.967291 2969832.242523
-9564702.935196 2918297.065321
-9567321.901391 2909699.578163
-9582873.335324 2858065.541436
-9595620.015460 2814973.626681
-9605677.855172 2780459.124436
-9620531.802987 2728620.132544
-9632696.407311 2685360.296976
-9642288.046733 2650713.342448
-9647037.142382 2633376.990389
-9649400.002461 2624705.620162
-9661097.349248 2581317.107283
-9670314.769248 2546568.723530
-9677145.822438 2520485.812552
-9679407.209036 2511787.427643
-9686144.449861 2485680.127537
-9699407.633600 2433411.505944
-9708093.084510 2398526.352263
-9712388.766243 2381072.122671
-9718773.445120 2354876.370946
-9727176.436603 2319922.104554
-9729257.545696 2311178.835468
-9741579.105328 2258680.263922
-9745623.358794 2241166.068933
-9753617.387551 2206116.011742
-9761485.359484 2171037.442465
-9765372.042300 2153487.607455
-9771142.902232 2127149.826447
-9776842.727760 2100796.581452
-9784331.925624 2065635.197517
-9795328.591776 2012843.207787
-9800720.129364 1986425.167451
-9807798.007008 1951178.683187
-9813023.235861 1924727.246247
-9821573.401278 1880610.518772
-9831571.781389 1827620.394775
-9836463.778920 1801105.306750
-9842875.199571 1765731.521399
-9844458.181310 1756884.491492
-9852253.785600 1712628.197866
-9855316.328451 1694915.946640
-9864312.860992 1641746.564019
-9867247.974205 1624012.751044
-9873022.547123 1588529.440707
-9878669.520012 1553025.600040
-9881445.133574 1535266.124216
-9886900.570092 1499732.348491
-9893540.167866 1455287.925746
-9894844.116929 1446395.485912
-9899979.976383 1410814.115048
-9903747.908383 1384116.095998
-9908659.815518 1348503.118403
-9913443.662043 1312872.712605
-9918099.386131 1277225.339096
-9922626.927611 1241561.458587
-9923738.777555 1232642.963250
-9928106.008684 1196959.097188
-9931297.230347 1170186.020468
-9934416.253314 1143404.436711
-9937463.054909 1116614.540615
-9942380.505709 1071946.770922
-9948016.414511 1018316.952928
-9952492.033765 973602.751560
-9956766.673293 928868.889345
-9957597.475964 919919.837089
-9961630.826235 875163.574317
-9963187.844771 857256.070150
-9964712.671947 839345.796163
-9966205.302837 821432.810225
-9967665.732616 803517.170212
-9971853.768632 749754.904631
-9975122.295938 704936.295761
-9976986.726751 678038.239502
-9979359.806468 642166.530628
-9981054.978456 615257.277114
-9982144.782506 597315.277801
-9982677.590018 588343.550792
-9985220.665429 543477.932116
-9987109.946821 507577.491719
-9988006.186038 489624.782524
-9988442.203993 480647.831053
-9990888.866787 426778.222856
-9992705.824761 381877.336056
-9993376.108164 363914.771307
-9994619.806212 327986.172391
-9995992.779532 283069.517173
-9996719.673204 256116.722172
-9997769.661830 211191.356335
-9997955.432875 202205.742361
-9998302.747045 184234.031673
-9998617.756398 166261.725718
-9999029.696697 139302.277690
-9999465.874944 103354.805548
-9999877.826889 49431.237958
-9999950.524879 31456.318564
-9999974.757581 -22468.817123
-9999829.361661 -58418.641391
-9999635.501531 -85380.539526
-9999029.696697 -139302.277690
-9998302.747045 -184234.031672
-9997163.894676 -238147.145674
-9996945.821495 -247132.033734
-9996719.673204 -256116.722172
-9995734.332693 -292053.334546
-9995193.216838 -310020.254311
-9994910.548258 -319003.342190
-9994014.102668 -345951.030738
-9993699.141660 -354933.044372
-9992358.575395 -390858.159361
-9990888.866787 -426778.222856
-9988870.153706 -471670.491335
-9987109.946821 -507577.491719
-9984728.180013 -552451.962842
-9982677.590018 -588343.550792
-9979359.806468 -642166.530628
-9978778.626714 -651135.254030
-9978189.386525 -660103.451472
-9975122.295938 -704936.295761
-9974484.703361 -713901.185335
-9971175.896501 -758716.838503
-9966939.543163 -812475.318360
-9963954.282589 -848301.275767
-9961630.826235 -875163.574317
-9959234.950664 -902019.510588
-9955080.940665 -946764.735726
-9951612.985459 -982547.193601
-9947097.180975 -1027257.354433
-9943339.905912 -1063010.590496
-9938462.602404 -1107682.761723
-9932344.927877 -1161259.761495
-9928106.008684 -1196959.097188
-9922626.927611 -1241561.458586
-9915787.543191 -1295051.118025
-9914619.606922 -1303962.441958
-9912259.709503 -1321781.922769
-9907443.841965 -1357408.014678
-9901243.951860 -1401915.905377
-9898708.004120 -1419711.185123
-9893540.167866 -1455287.925746
-9892228.227219 -1464179.190060
-9885548.687555 -1508617.627494
-9884188.819889 -1517501.687900
-9877269.743312 -1561903.459836
-9868703.575884 -1615143.873261
-9865784.402180 -1632880.317017
-9859850.434367 -1668337.319581
-9852253.785600 -1712628.197866
-9844458.181310 -1756884.491491
-9839685.385405 -1783421.295218
-9838078.555554 -1792264.024842
-9834841.056806 -1809945.133802
-9826608.310147 -1854122.196336
-9824937.942908 -1862953.144340
-9819879.229604 -1889436.930937
-9809547.674166 -1942363.104125
-9804274.907140 -1968805.105953
-9795328.591776 -2012843.207787
-9786184.470431 -2056840.662447
-9782471.477447 -2074428.064054
-9776842.727760 -2100796.581452
-9771142.902232 -2127149.826447
-9763432.644136 -2162263.398252
-9757567.137014 -2188580.262788
-9753617.387551 -2206116.011742
-9751630.694181 -2214881.216749
-9739545.174524 -2267434.628253
-9733396.185560 -2293686.703743
-9727176.436603 -2319922.104554
-9716653.066956 -2363610.199763
-9703766.035635 -2415972.832144
-9697216.679544 -2442127.897955
-9688374.551099 -2476973.669139
-9679407.209036 -2511787.427643
-9668022.126517 -2555258.922531
-9654102.337586 -2607356.526336
-9651755.068163 -2616032.129809
-9649400.002461 -2624705.620161
-9644666.489834 -2642046.233485
-9637507.796561 -2668041.129972
-9625420.971699 -2711322.761601
-9613139.771955 -2754549.641023
-9600664.445334 -2797720.895318
-9585438.160899 -2849451.747896
-9577720.464333 -2875286.195684
-9564702.935196 -2918297.065320
-9562076.243038 -2926892.195201
-9554149.832038 -2952663.371765
-9538088.697453 -3004141.141743
-9532673.327057 -3021281.059353
-9521750.202799 -3055531.553675
-9507923.260838 -3098289.086903
-9499534.916601 -3123913.630094
-9488243.041774 -3158044.328413
-9485400.906848 -3166570.642882
-9476828.539851 -3192134.211820
-9473955.771139 -3200650.253700
-9465291.558352 -3226182.839733
-9462388.192982 -3234688.498961
-9450698.321879 -3268684.938752
-9435914.238858 -3311121.030242
-9432934.546873 -3319600.252201
-9417921.842416 -3361956.003601
-9414896.469596 -3370419.034303
-9408822.911541 -3387336.921427
-9396584.614582 -3421139.807286
-9387326.186518 -3446462.979334
-9374875.469938 -3480188.202262
-9359141.709266 -3522281.429114
-9352795.267731 -3539098.851391
-9343218.950931 -3564303.527333
-9336797.000149 -3581092.260471
-9320610.186132 -3623013.353296
-9307525.201018 -3656497.590923
-9297632.511591 -3681579.780394
-9287672.230093 -3706635.205461
-9274286.836763 -3740000.490568
-9253984.060183 -3789957.653310
-9236859.493031 -3831504.496410
-9229957.418752 -3848101.616126
-9212571.809642 -3889539.902379
-9202051.123385 -3914365.226011
-9184368.023809 -3955677.439231
-9170087.989706 -3988669.735770
-9152071.306815 -4029837.564341
-9130207.362371 -4079131.466393
-9108077.918723 -4128306.750530
-9104363.910764 -4136490.998464
-9081925.531908 -4185526.087945
-9070607.265697 -4209998.079747
-9066819.852519 -4218148.617814
-9047772.991117 -4258850.067942
-9036257.148749 -4283229.709189
-9032403.932274 -4291349.345397
-9020800.519365 -4315687.429579
-9005227.304162 -4348089.373550
-8985597.143116 -4388512.730029
-8969762.348005 -4420787.647050
-8953811.626699 -4453005.429324
-8929668.634482 -4501224.064445
-8921563.231591 -4517267.924834
-8913429.002859 -4533297.189793
-8897074.173099 -4565311.726310
-8884732.579098 -4589283.930846
-8864019.766138 -4629163.378573
-8859855.710192 -4637128.076146
-8834721.203694 -4684837.377433
-8822057.564461 -4708641.027870
-8805072.962994 -4740325.950434
-8800809.023124 -4748237.624476
-8792259.820072 -4764049.459897
-8779382.759045 -4787738.335601
-8762114.078048 -4819269.330851
-8744732.154523 -4850738.041334
-8740369.005791 -4858595.439281
-8722845.845188 -4889985.721971
-8718447.431312 -4897823.433674
-8691909.182550 -4944766.401186
-8665118.179950 -4991565.578804
-8651628.139130 -5014910.820963
-8633543.597237 -5045981.069585
-8610781.036803 -5084727.125051
-8601627.298877 -5100196.840439
-8597040.006017 -5107925.521671
-8578621.428467 -5138798.924559
-8555442.322151 -5177297.236238
-8550785.753708 -5184984.377429
-8546122.278302 -5192667.330410
-8536774.621675 -5208020.646918
-8508566.277594 -5253979.434656
-8499108.472770 -5269265.144979
-8480110.511141 -5299785.440830
-8451408.149786 -5345437.333439
-8436964.756567 -5368205.072130
-8407894.070048 -5413623.306700
-8398149.467057 -5428727.800228
-8383481.694919 -5451351.637067
-8358900.024518 -5488969.883331
-8353963.418628 -5496480.255602
-8329179.249448 -5533965.398389
-8309230.786906 -5563873.087152
-8279106.818892 -5608599.672056
-8263954.498659 -5630901.885497
-8253819.568674 -5645747.295777
-8238567.180816 -5667981.193263
-8213013.494091 -5704946.042329
-8207882.837831 -5712325.211368
-8202745.551591 -5719699.766233
-8176959.816111 -5756503.119578
-8171782.837318 -5763849.864432
-8151008.955842 -5793190.226619
-8145799.014871 -5800513.633233
-8130129.729828 -5822455.716978
-8109145.429123 -5851645.957278
-8098613.960460 -5866212.740725
-8088056.324931 -5880760.570262
-8066862.689808 -5909799.179649
-8045564.797664 -5938761.410142
-8034876.841174 -5953213.766292
-8013423.080024 -5982060.726918
-8002657.344682 -5996455.238189
-7991865.752513 -6010830.374733
-7964773.877498 -6046683.147010
-7937521.162558 -6082413.813112
-7926575.164571 -6096671.728116
-7893583.646470 -6139327.097996
-7888062.717805 -6146419.002962
-7860362.589205 -6181803.941102
-7838088.172721 -6210022.044780
-7832503.729152 -6217064.044452
-7810102.732409 -6245181.767508
-7804486.700225 -6252198.600973
-7781959.575588 -6280215.375599
-7759331.876049 -6308150.984030
-7747980.402029 -6322088.238056
-7725202.388873 -6349901.420569
-7708053.341962 -6370707.470719
-7679347.134139 -6405281.226722
-7650485.850273 -6439725.635054
-7627285.559982 -6467187.563887
-7621470.073187 -6474040.000148
-7592300.388822 -6508223.629062
-7562977.386229 -6542275.831497
-7557094.439577 -6549070.440246
-7551205.388625 -6555859.758934
-7539408.992848 -6569422.504190
-7509811.511724 -6603236.407881
-7491980.191492 -6623460.788009
-7486024.308265 -6630191.555005
-7450162.192861 -6670463.499642
-7426133.693060 -6697203.772680
-7395963.138330 -6730507.355056
-7365643.230189 -6763675.022173
-7347379.850249 -6783510.104375
-7316822.251436 -6816458.915074
-7304557.805784 -6829599.934254
-7286116.897375 -6849270.074818
-7279958.150446 -6855815.730295
-7273793.523074 -6862355.847934
-7261446.646928 -6875419.448573
-7230476.897972 -6907981.168756
-7193120.519159 -6946871.036435
-7180621.856790 -6959789.490336
-7155554.970094 -6985558.894603
-7130395.604219 -7011238.016737
-7105144.084325 -7036826.524860
-7098816.843505 -7043209.454671
-7092483.868561 -7049586.695275
-7054365.889087 -7087730.377411
-7022444.158338 -7119359.384315
-6996804.639065 -7144559.107653
-6964628.115284 -7175928.874772
-6945254.650638 -7194681.218636
-6919344.847721 -7219602.958496
-6912853.411014 -7225818.826806
-6893345.618429 -7244431.391413
-6886831.877587 -7250623.882802
-6860721.337986 -7275335.230936
-6854179.835392 -7281498.388663
-6814814.738230 -7318353.645705
-6808234.591233 -7324475.527349
-6781859.062426 -7348903.840532
-6742131.533250 -7385368.128154
-6708875.444855 -7415591.026035
-6688856.719080 -7433652.923807
-6668789.366551 -7451660.780294
-6628509.365130 -7487513.846156
-6594795.406440 -7517225.122823
-6554162.925505 -7552678.223381
-6520156.884932 -7582054.747618
-6513339.854700 -7587911.698035
-6479175.895816 -7617104.417761
-6451750.490781 -7640347.871970
-6417351.518595 -7669263.294918
-6403555.605136 -7680786.132417
-6382822.954993 -7698023.845457
-6348165.497240 -7726628.942796
-6327309.444433 -7743717.143232
-6299429.847257 -7766413.818455
-6257457.912147 -7800270.538751
-6243426.770703 -7811505.754902
-6222342.248908 -7828311.244288
-6194159.213733 -7850630.015159
-6187100.932252 -7856193.865615
-6144646.491948 -7889443.547487
-6123352.188888 -7905982.416553
-6094890.565060 -7927944.815647
-6087762.836738 -7933419.416849
-6052050.548855 -7960696.210389
-6016216.046409 -7987812.246350
-5980260.053040 -8014766.977150
-5965843.800796 -8025503.581988
-5929718.940515 -8052231.571838
-5922479.575767 -8057557.674297
-5900732.801362 -8073496.913168
-5871670.400489 -8094657.911735
-5835235.728659 -8120962.011423
-5827934.630360 -8126203.169023
-5798683.220606 -8147102.117137
-5769356.868032 -8167895.771206
-5739955.951655 -8188583.862492
-5703100.529803 -8214295.121735
-5658722.067615 -8244929.627443
-5651309.624300 -8250012.092736
-5643892.616096 -8255087.894019
-5629044.928989 -8265219.488158
-5621614.262080 -8270275.272830
-5606739.311561 -8280366.796960
-5569472.785039 -8305478.486921
-5524604.559949 -8335391.079979
-5502110.121503 -8350256.535631
-5487091.597252 -8360133.121151
-5441929.845137 -8389600.679449
-5419289.544191 -8404243.025771
-5404174.112702 -8413970.653598
-5358723.247576 -8442990.297038
-5335939.296945 -8457408.102919
-5320728.435569 -8466985.822294
-5282626.177253 -8490810.366002
-5252067.526243 -8509746.570832
-5213773.804990 -8533262.137682
-5183062.984534 -8551950.543493
-5167682.429536 -8561253.314058
-5152285.177601 -8570528.422955
-5136871.278477 -8579775.840216
-5129158.101781 -8584389.155143
-5121440.781968 -8588995.535963
-5075050.206955 -8616487.996677
-5036278.603533 -8639207.013818
-5005188.057593 -8657256.638689
-4981827.674894 -8670720.443981
-4958431.075227 -8684121.214736
-4911529.905610 -8710733.263411
-4880183.028505 -8728333.953756
-4848773.079378 -8745821.838152
-4801540.783871 -8771841.659584
-4785765.589647 -8780458.286499
-4738347.433387 -8806137.836788
-4698726.990274 -8827341.880253
-4674909.128000 -8839978.769485
-4651057.280000 -8852551.393704
-4643099.141579 -8856727.971518
-4627171.619672 -8865059.661509
-4603252.320660 -8877503.481967
-4555313.502387 -8902197.419456
-4507242.219203 -8926632.488090
-4499217.558237 -8930679.781722
-4491189.262993 -8934719.861528
-4483157.339956 -8938752.724245
-4467082.636459 -8946796.785389
-4459039.868983 -8950807.977318
-4426832.845852 -8966780.411881
-4378415.167294 -8990521.710269
-4362247.577951 -8998377.413104
-4346065.894054 -9006204.041911
-4297436.798107 -9029509.231751
-4264947.887780 -9044900.193729
-4216111.302470 -9067767.392539
-4207959.913621 -9071552.974291
-4183485.379354 -9082865.741644
-4175320.433991 -9086621.994641
-4167152.115980 -9090370.907850
-4158980.431921 -9094112.478241
-4142626.992060 -9101573.578490
-4118071.752006 -9112710.082370
-4093486.574331 -9123780.338531
-4044227.121253 -9145721.786263
-4019553.203957 -9156592.818323
-4003087.680561 -9163803.196367
-3978365.160674 -9174563.240195
-3961867.401879 -9181699.553456
-3920567.117604 -9199410.496133
-3912297.533443 -9202930.403400
-3904024.789093 -9206442.876928
-3879187.661751 -9216935.666745
-3870902.343496 -9220418.377011
-3846027.655010 -9230821.809400
-3812817.941785 -9244588.651898
-3804507.797124 -9248011.700989
-3754582.628742 -9268393.025975
-3704548.280070 -9288504.833429
-3687846.152943 -9295148.775153
-3679490.617677 -9298459.485013
-3646038.822772 -9311627.188781
-3595772.912298 -9331153.045749
-3553804.717520 -9347217.341526
-3545402.439594 -9350407.560172
-3503348.228390 -9366245.309121
-3494928.869393 -9369390.172145
-3461223.270889 -9381893.916958
-3410581.134614 -9400422.135427
-3385222.782948 -9409583.769211
-3334432.434314 -9427701.752866
-3292033.012326 -9442590.674479
-3275054.581413 -9448492.868641
-3258065.568700 -9454364.534439
-3207035.588850 -9471796.172419
-3155912.350944 -9488952.378064
-3130316.224685 -9497427.037544
-3121779.116333 -9500236.583834
-3087605.535506 -9511398.007502
-3061949.138349 -9519688.412662
-3019139.102368 -9533351.933111
-2993423.760654 -9541457.655367
-2984847.134926 -9544144.151317
-2959102.819265 -9552157.374385
-2941927.979415 -9557460.947550
-2916147.914255 -9565358.401136
-2873134.120817 -9578366.265903
-2855912.309213 -9583515.267483
-2812817.531515 -9596252.265046
-2795563.667164 -9601292.818305
-2743748.101944 -9616228.281040
-2700507.452591 -9628460.910161
-2674536.830822 -9635707.173870
-2648546.765665 -9642883.387768
-2639879.122512 -9645259.883410
-2587828.728727 -9659355.178829
-2561775.217646 -9666297.519436
-2535703.082931 -9673169.587845
-2509612.514124 -9679971.334098
-2500911.594169 -9682222.947141
-2483503.700897 -9686702.708746
-2457376.833056 -9693363.662855
-2439948.984613 -9697765.152471
-2413792.447898 -9704308.631658
-2405069.693416 -9706474.116270
-2352692.616252 -9719302.313100
-2300247.124650 -9731847.880312
-2282750.354443 -9735966.866177
-2265246.208602 -9740054.394839
-2230216.016262 -9748135.027830
-2195157.000366 -9756089.674852
-2168844.095542 -9761972.919919
-2160069.614019 -9763918.233096
-2151293.387682 -9765855.659394
-2133735.728929 -9769706.845095
-2098599.785680 -9777314.505504
-2089811.544226 -9779196.680179
-2072230.004234 -9782937.330350
-2019445.438965 -9793969.579238
-1993031.038877 -9799378.923078
-1984223.009592 -9801166.208580
-1975413.377535 -9802945.577114
-1922522.325581 -9813455.451962
-1869575.368199 -9823679.959293
-1843081.406053 -9828685.106903
-1834247.098299 -9830337.612838
-1816574.045046 -9833618.801787
-1807735.313823 -9835247.482151
-1763519.897357 -9843271.690430
-1710414.467906 -9852638.344524
-1657259.300956 -9861718.491693
-1639530.126314 -9864681.493333
-1586311.047380 -9873379.221977
-1577436.674345 -9874800.936648
-1533045.839776 -9881789.840568
-1515280.787435 -9884529.535351
-1470846.862540 -9891239.027895
-1435278.293987 -9896462.813491
-1426383.235497 -9897748.777651
-1417487.024835 -9899026.746828
-1372988.940486 -9905296.632070
-1337370.467124 -9910168.527006
-1319554.720042 -9912556.448304
-1301734.709440 -9914912.341833
-1257166.407911 -9920661.904471
-1239331.928492 -9922905.641546
-1203651.014334 -9927296.924928
-1194728.337133 -9928374.700849
-1150100.619539 -9933643.267449
-1132242.979009 -9935694.532165
-1105449.676916 -9938711.234954
-1069712.806710 -9942621.108700
-1016081.723746 -9948244.967363
-998198.053084 -9950055.308732
-980311.157215 -9951833.501172
-944527.921034 -9955293.416388
-935580.186548 -9956138.293261
-881878.162476 -9961038.645972
-855017.436190 -9963380.208735
-810235.842567 -9967121.845318
-783358.974825 -9969270.219859
-774398.743733 -9969970.239961
-765437.887115 -9970662.206743
-711660.016721 -9974644.856866
-702694.984114 -9975280.435121
-648893.122206 -9978924.677336
-613014.634725 -9981192.967657
-559182.193434 -9984353.523115
-550208.496714 -9984852.057499
-541234.355558 -9985342.526542
-532259.777216 -9985824.929847
-505333.491568 -9987223.741476
-487380.581451 -9988115.946905
-460448.281763 -9989393.744358
-424533.375665 -9990984.506691
-370650.873997 -9993128.535629
-325740.489395 -9994693.248598
-289807.402036 -9995799.701361
-280823.526820 -9996056.129634
-253870.569174 -9996776.967308
-244885.830151 -9997001.096839
-190973.496058 -9998176.289894
-137055.608606 -9999060.743897
-101108.039367 -9999488.845155
-56171.794674 -9999842.235230
-29209.445303 -9999957.340324
24715.694468 -9999969.456676
60665.485160 -9999815.983252
69652.828474 -9999757.421232
78640.115526 -9999690.781831
87627.339056 -9999616.065102
141548.939742 -9998998.144697
186480.529253 -9998261.099422
222423.133056 -9997526.091483
231408.352993 -9997322.150164
276331.503693 -9996181.315886
321249.074180 -9994838.619625
375141.515750 -9992960.964757
402083.743663 -9991913.163308
420043.617097 -9991174.273314
429023.048501 -9990792.722495
438002.133358 -9990403.101536
446980.864416 -9990005.410752
473914.862266 -9988763.922695
527772.326365 -9986063.106726
572641.889342 -9983590.599908
617499.888441 -9980916.485362
635439.647273 -9979790.401340
662345.417802 -9978040.817090
671312.947608 -9977441.502027
689246.373202 -9976218.694326
698212.254504 -9975595.202676
716142.317908 -9974324.046295
734070.067434 -9973020.662572
743033.056391 -9972356.886770
778878.937922 -9969621.236540
832628.741134 -9965276.181794
850540.038885 -9963763.427654
859494.660832 -9962994.977817
904257.211971 -9959032.025985
913207.559860 -9958215.299571
940054.148707 -9955716.860051
957948.089973 -9954011.023548
984783.180384 -9951391.967340
1002669.275369 -9949605.737125
1011611.111603 -9948700.566349
1047370.212953 -9944999.529262
1100983.339987 -9939206.994779
1136707.734362 -9935184.725341
1154564.451297 -9933125.436025
1181342.514113 -9929976.327482
1225953.437941 -9924567.404577
1261624.395337 -9920095.961486
1279453.788325 -9917812.158109
1288366.938187 -9916658.239174
1306190.108646 -9914326.371472
1341823.730973 -9909566.543245
1350729.444871 -9908356.572447
1395241.504587 -9902186.684964
1448618.705682 -9894518.878932
1466401.821621 -9891898.993497
1493067.593851 -9887909.241098
1537486.331147 -9881099.927717
1572999.009559 -9875508.802888
1590747.753836 -9872665.373832
1626229.765798 -9866882.828372
1635097.002700 -9865417.263946
1679413.232563 -9857969.932714
1732547.863320 -9848770.375093
1741398.778655 -9847209.264238
1767943.056297 -9842478.211797
1776788.302234 -9840885.291936
1829829.388365 -9831160.888190
1865160.646492 -9824519.111019
1882817.264505 -9821150.602067
1891643.295786 -9819454.447244
1900467.799078 -9817750.360682
1953382.331968 -9807359.352300
1971007.962690 -9803832.292069
2015044.053279 -9794876.082082
2059039.452251 -9785722.075252
2094205.876404 -9778256.580149
2111778.967218 -9774476.435780
2164457.073324 -9762946.562270
2199540.938157 -9755102.237361
2217072.238732 -9751132.790002
2225835.206274 -9749136.250690
2234596.375880 -9747131.836438
2260869.026325 -9741071.360267
2278375.007239 -9736991.697973
2295873.626655 -9732880.575165
2322107.629298 -9726654.931576
2365793.358926 -9716121.745988
2418153.094419 -9703222.949719
2470442.511934 -9690041.991407
2479150.471587 -9687817.759394
2487856.428687 -9685585.701972
2540049.723982 -9672029.125251
2592169.156641 -9658191.293579
2644213.211073 -9644072.609348
2696180.373878 -9629673.483120
2730781.685164 -9619918.470963
2756709.532086 -9612520.614059
2765347.703526 -9610039.129920
2773983.641236 -9607549.883199
2817129.579732 -9594987.281440
2851605.412334 -9584797.680303
2886044.390473 -9574484.204187
2920446.069056 -9564046.986383
2946222.582681 -9556137.948633
2997711.167214 -9540111.517061
3014854.731242 -9534707.701315
3023422.863809 -9531994.239748
3074780.131063 -9515551.857124
3108968.727884 -9504436.514020
3160176.146449 -9487533.226472
3185745.487913 -9478978.092930
3211291.669594 -9470354.048967
3228309.499118 -9464566.433699
3236814.505779 -9461661.157280
3279300.183327 -9447020.181392
3330195.508083 -9429199.217216
3372534.366857 -9414138.938021
3414805.120977 -9398888.550555
3457006.916830 -9383448.362782
3473868.135912 -9377219.213301
3490718.130822 -9370959.765742
3524384.230389 -9358350.057386
3558004.780427 -9345619.400685
3608349.249774 -9326296.997826
3641854.026283 -9313264.693503
3683668.757248 -9296805.068779
3700373.868321 -9290168.633273
3717067.023375 -9283502.180952
3758747.249565 -9266704.868176
3800351.571953 -9249720.424400
3841879.150384 -9232549.192604
3858468.505548 -9225628.476786
3891609.761833 -9211697.642759
3916432.720964 -9201171.378806
3924700.722526 -9197647.755737
3949485.679266 -9187032.321118
3998969.276680 -9165601.165454
4007205.276060 -9162003.376747
4048336.587233 -9143903.481362
4056553.065808 -9140261.332384
4089386.146662 -9125618.934817
4138536.538630 -9103434.259576
4179403.328665 -9084744.785427
4228331.998192 -9062075.287321
4244614.301183 -9054460.195627
4277137.711172 -9039142.271238
4285259.942854 -9035294.528800
4333920.413031 -9012054.918470
4350112.633533 -9004250.111785
4374374.594179 -8992488.360282
4414740.439602 -8972740.208595
4463061.703355 -8948803.284912
4503230.343409 -8928657.036430
4519272.382203 -8920548.028874
4567310.680060 -8896048.176118
4615216.164138 -8871289.633321
4662987.441383 -8846273.120445
4702693.317657 -8825229.490504
4710623.122644 -8820999.364948
4742304.228166 -8804007.644676
4750214.943951 -8799741.927254
4789710.839846 -8778306.788365
4821237.954229 -8761031.023156
4844842.421193 -8747999.880762
4868411.667048 -8734905.142023
4884104.845710 -8726140.031888
4923268.641054 -8704103.968130
4954528.132794 -8686348.541324
5001297.182753 -8659504.979488
5040160.353407 -8636942.955233
5086661.738956 -8609638.340456
5109857.047540 -8595892.097607
5125299.959374 -8586693.212549
5133015.208408 -8582083.364210
5140726.311209 -8577466.583627
5179219.413840 -8554278.827774
5186905.508561 -8549620.532237
5232933.874807 -8521525.864650
5248242.914065 -8512105.868407
5278810.071478 -8493183.397835
5324532.764530 -8464593.955970
5370100.624384 -8435758.370413
5407954.609456 -8411541.294083
5423065.668048 -8401806.874717
5438159.204553 -8392045.308859
5453235.170201 -8382256.628050
5498357.155184 -8352728.212628
5520858.271549 -8337872.866953
5543319.252293 -8322956.906482
5588120.154066 -8292943.575337
5632758.557729 -8262689.091956
5662426.575568 -8242385.897075
5706791.266841 -8211731.451814
5728911.462056 -8196314.626704
5743635.130931 -8186003.633199
5787694.600416 -8154912.091023
5809661.301952 -8139277.336263
5838884.510630 -8118338.972445
5868032.256923 -8097295.686321
5875307.358332 -8092018.502520
5882577.713915 -8086734.782330
5897104.164122 -8076147.749856
5926099.856497 -8054895.436369
5962236.724066 -8028183.682888
5991059.564441 -8006697.527403
6019804.975704 -7985107.892477
6041312.997771 -7968847.925702
6062777.100609 -7952530.026874
6105572.924755 -7919720.907993
6126904.334946 -7903229.926455
6169433.376187 -7870075.718619
6211783.015188 -7836692.655210
6246936.449026 -7808699.315624
6260962.540209 -7797457.795339
6295939.165750 -7769243.851314
6330788.651664 -7740873.015879
6365510.294203 -7712345.861954
6400103.392203 -7683662.965612
6427684.849006 -7660604.903130
6462044.808191 -7631643.132179
6468901.162911 -7625832.265694
6509929.366290 -7590837.875091
6516749.027810 -7584983.988680
6523563.425376 -7579123.975440
6537176.406633 -7567385.587412
6571116.355791 -7537932.729777
6584655.218718 -7526108.931620
6604923.608420 -7508327.651810
6645316.191101 -7472601.469388
6678829.112049 -7442663.615403
6718866.527217 -7406539.852687
6732168.971977 -7394450.684990
6738812.040101 -7388397.139312
6745449.664897 -7382337.625600
6752081.841004 -7376272.148747
6771945.623642 -7358039.988368
6791760.175487 -7339754.336398
6804942.455126 -7327534.249830
6824674.635717 -7309159.740805
6831241.010960 -7303023.089802
6844357.202184 -7290732.095539
6857451.279083 -7278417.544700
6877050.837547 -7259901.636923
6916099.827684 -7222711.621927
6922588.470468 -7216492.837143
6954947.703112 -7185311.576194
6967852.107344 -7172798.408584
6993593.334166 -7147702.587287
7006430.073585 -7135120.014685
7019244.175018 -7122514.388296
7025642.723548 -7116202.942655
7057550.237736 -7084559.594064
7095651.072479 -7046398.786446
7108305.552841 -7033632.928114
7146131.027855 -6995199.163192
7177493.564492 -6963015.591802
7196241.554890 -6943637.914211
7233580.453731 -6904731.263373
7264535.567082 -6872155.629393
7276876.571504 -6859086.481675
7283038.259276 -6852543.594456
7295343.981057 -6839441.219723
7301488.005126 -6832881.742793
7313758.354807 -6819746.236297
7332119.558885 -6800001.674574
7344330.756963 -6786811.160797
7356518.225287 -6773598.718629
7368681.924480 -6760364.390759
7392937.858340 -6733830.249028
7398986.924783 -6727183.101930
7435155.644399 -6687186.294965
7465131.129299 -6653707.028594
7494955.864016 -6620093.397865
7500902.667883 -6613354.607682
7524629.246270 -6586346.081567
7542360.377037 -6566033.806104
7560036.676237 -6545673.796787
7595224.266322 -6504811.168994
7612735.301400 -6484308.847581
7641797.312335 -6450033.630702
7676467.974582 -6408731.499698
7710915.411216 -6367243.007855
7733755.859806 -6339481.075050
7745138.620534 -6325569.361624
7756496.356485 -6311637.210094
7762165.828698 -6304663.484104
7773485.958703 -6290700.759840
7796050.833117 -6262714.380160
7818514.950511 -6234647.060471
7840878.020558 -6206499.163516
7863139.754235 -6178271.053084
7890823.978871 -6142873.670724
7923834.661971 -6100233.130771
7956614.926230 -6057415.200867
7967490.311848 -6043103.352634
7972918.353149 -6035940.103581
7978339.954265 -6028771.978951
7999961.869356 -6000050.840522
8010734.072169 -5985661.168575
8042895.244268 -5942376.299910
8069517.601384 -5906173.522760
8080120.946795 -5891658.975634
8085412.831471 -5884394.560589
8090698.185092 -5877125.392379
8106515.016963 -5855289.427497
8117026.838142 -5840708.459501
8137971.767546 -5811489.956166
8153611.457574 -5789526.768132
8158811.520908 -5782196.344496
8164004.993899 -5774861.250246
8184712.898614 -5745474.285667
8205315.023199 -5716013.065946
8230918.520116 -5679082.700156
8261423.268112 -5634614.945593
8266484.060388 -5627187.688300
8276585.608909 -5612319.543504
8301722.413228 -5575069.952360
8306729.672968 -5567606.500126
8316724.058933 -5552666.109857
8336632.183902 -5522731.555157
8346545.858581 -5507737.487445
8376124.947282 -5462648.704385
8385930.558880 -5447583.745262
8395709.075284 -5432501.184831
8400588.162911 -5424953.319353
8410325.977311 -5409844.448352
8439376.250998 -5364413.154678
8444194.126646 -5356826.070680
8468181.114304 -5318825.868117
8487247.603472 -5288348.335479
8491997.096277 -5280718.257664
8496739.729606 -5273083.914309
8525051.266441 -5227188.623394
8534433.396559 -5211856.348721
8553114.901534 -5181141.329973
8576311.305755 -5142653.438332
8603918.340026 -5096330.954537
8608495.209451 -5088596.096062
8631275.179161 -5049860.273472
8635810.271859 -5042100.846716
8653880.849680 -5011022.474460
8658381.027647 -5003242.746468
8667360.398330 -4987671.172548
8689686.242096 -4948671.843427
8698567.470684 -4933044.086359
8711836.607122 -4909572.581275
8725042.410118 -4886065.384504
8729430.253745 -4878221.750290
8746911.080250 -4846807.872632
8759947.525964 -4823206.334209
8772920.288478 -4799569.731967
8777230.374513 -4791683.102285
8781533.370673 -4783792.602085
8802941.881889 -4744282.266485
8824172.627292 -4704676.125277
8849414.267500 -4657023.418683
8853596.208669 -4649068.097356
8866099.109328 -4625179.627168
8878537.555084 -4601257.532780
8903220.720655 -4553313.167276
8927644.987615 -4505236.395030
8931690.478097 -4497210.824887
8939759.811872 -4481148.793115
8951809.645726 -4457028.614076
8955811.799544 -4448981.345336
8979672.693073 -4400622.492929
9003272.464828 -4352135.673903
9014974.215286 -4327844.717376
9022738.977936 -4311633.256208
9034331.452705 -4287289.960180
9042023.286667 -4271043.769780
9053506.251650 -4246648.625838
9061125.001596 -4230368.034280
9080043.736985 -4189606.871109
9087559.911167 -4173278.670417
9095046.723169 -4156936.985735
9113635.135125 -4116024.128187
9132039.507155 -4075028.152020
9139349.641412 -4058606.673727
9142993.636446 -4050391.013707
9164702.412249 -4001028.579617
9182589.507170 -3959804.280872
9196765.689003 -3926767.227833
9200291.169707 -3918500.018197
9210823.010823 -3893679.424822
9221287.890958 -3868830.525117
9231685.734032 -3843953.499728
9242016.464455 -3819048.529508
9262476.287430 -3769155.478990
9265860.087513 -3760829.275391
9282666.764926 -3719152.824414
9286005.616802 -3710808.494752
9305881.116398 -3660679.806739
9318981.147228 -3627201.452581
9325486.008337 -3610444.669054
9331960.738520 -3593676.220072
9351203.934799 -3543301.422374
9360723.595500 -3518075.293204
9367032.234257 -3501243.653675
9373310.607850 -3484400.701522
9391963.935284 -3433804.513703
9410344.151840 -3383108.473567
9416410.106778 -3366187.858836
9434425.345456 -3315360.975974
9449228.496776 -3272931.532391
9466740.374060 -3221929.032451
9478262.053733 -3187875.223525
9483976.966026 -3170832.841365
9495314.843202 -3136717.396974
9509314.599767 -3094016.134840
9520376.156687 -3059810.097896
9525860.803124 -3042692.222278
9534030.057875 -3016996.992962
9547491.429720 -2974122.963064
9550160.576578 -2965540.922257
9563390.554729 -2922594.925355
9568628.486591 -2905399.952776
9584156.715821 -2853758.932810
9586717.670298 -2845143.987568
9589270.881031 -2836526.744138
9604427.411728 -2784775.411563
9611900.970876 -2758869.283978
9626638.405113 -2706997.047876
9641095.904325 -2655046.094442
9652929.677528 -2611694.591775
9657608.619550 -2594339.174357
9664568.520340 -2568290.348783
9666872.876503 -2559603.248459
9680534.970468 -2507437.473907
9682784.628459 -2498736.048260
9696118.265030 -2446485.354658
9702679.373937 -2420333.234616
9709169.946156 -2394163.519198
9715589.934503 -2367976.398654
9724040.041237 -2333033.492349
9736479.527847 -2280562.738409
9740563.123428 -2263057.674589
9742593.120019 -2254302.397140
9754607.779876 -2201732.740544
9762459.987522 -2166650.639126
9770186.024062 -2131540.535676
9779665.989653 -2087614.219826
9790781.245404 -2034847.071564
9796232.127594 -2008441.212060
9801611.792985 -1982020.751560
9812157.317454 -1929136.795961
9819029.169150 -1893849.565138
9827440.517281 -1849706.160259
9837272.160503 -1796684.847208
9838882.963909 -1787842.840549
9848380.843150 -1734760.723635
9854553.677618 -1699344.525089
9860599.150749 -1663906.364026
9862090.609631 -1655043.445784
9866517.184412 -1628446.698455
9875155.119041 -1575217.881716
9880754.223014 -1539706.460460
9883505.891976 -1521943.258887
9891569.260383 -1468624.379153
9896785.054004 -1433054.637774
9904368.897935 -1379665.442638
9908052.829155 -1352955.703149
9910468.768424 -1335143.733868
9917524.429388 -1281682.172963
9920944.124706 -1254937.318940
9927567.120710 -1201420.435902
9929710.642915 -1183573.634375
9934929.069557 -1138940.026016
9935948.683180 -1130010.515535
9936960.270963 -1121080.092280
9941897.793922 -1076414.536885
9943816.594132 -1058542.177836
9948473.017980 -1013846.443267
9951170.446826 -987019.117452
9952928.543262 -969130.235175
9958009.861094 -915445.031858
9960441.939775 -888592.349942
9962801.607882 -861733.208124
9967303.644285 -807996.325870
9971515.839388 -754235.947723
9972855.473831 -736310.870547
9976063.576866 -691487.896006
9977290.413968 -673554.745616
9980777.488383 -619742.468595
9982940.969956 -583857.508621
9983974.329689 -565912.169954
9986880.844925 -512065.415035
9987785.151580 -494113.110401
9989496.949570 -458203.769659
9991079.642202 -422288.507042
9992876.422579 -377386.808276
9994168.555910 -341459.918677
9994766.186403 -323494.789954
9996118.975086 -278577.522289
9996365.310338 -269593.364660
9997269.903045 -233654.629055
9998384.528002 -179741.008723
9998966.087899 -143795.594649
9999418.420059 -107848.322145
9999672.859896 -80886.927649
9999899.030451 -44937.520814
10000000.000000 -0.000001
